Rk,Player,Pos,Age,Tm,G,MP,PER,TS%,3PAr,FTr,ORB%,DRB%,TRB%,AST%,STL%,BLK%,TOV%,USG%,Unnamed: 19,OWS,DWS,WS,WS/48,Unnamed: 24,OBPM,DBPM,BPM,VORP,Year
2,Arron Afflalo,SG,26,DEN,62,2086,14.7,.584,.316,.353,2.3,8.5,5.5,11.1,0.9,0.5,9.5,19.1,,4.7,0.6,5.3,.121,,1.4,-1.2,0.1,1.1,2012
6,LaMarcus Aldridge,PF,26,POR,55,1994,22.7,.560,.012,.291,8.6,17.5,12.9,13.2,1.3,1.7,9.5,27.0,,5.4,1.6,7.0,.169,,3.4,-0.4,3.0,2.5,2012
8,Ray Allen*,SG,36,BOS,46,1565,14.8,.607,.475,.215,1.1,9.2,5.3,11.8,1.7,0.4,11.2,18.6,,2.5,2.2,4.7,.145,,1.5,0.7,2.2,1.6,2012
9,Tony Allen,SG,30,MEM,58,1525,15.7,.541,.058,.391,7.4,10.6,8.9,8.3,3.6,1.8,15.2,18.4,,1.7,2.5,4.2,.131,,-0.6,2.3,1.7,1.4,2012
11,Al-Farouq Aminu,SF,21,NOH,66,1477,10.6,.481,.129,.312,7.8,16.9,12.4,7.2,2.2,1.9,18.0,16.2,,-0.4,1.8,1.4,.044,,-2.9,0.7,-2.2,-0.1,2012
12,Lou Amundson,PF,29,IND,60,753,11.5,.438,.000,.396,14.1,19.0,16.6,3.0,1.9,4.6,15.6,17.3,,-0.3,1.3,1.0,.062,,-4.0,0.1,-4.0,-0.4,2012
15,James Anderson,SG,22,SAS,51,603,8.8,.483,.391,.299,3.1,11.8,7.5,9.6,0.7,0.2,13.2,17.2,,0.1,0.4,0.5,.040,,-2.7,-1.4,-4.1,-0.3,2012
16,Ryan Anderson,PF,23,ORL,61,1964,21.2,.589,.557,.226,13.0,14.7,13.8,5.1,1.4,1.0,6.4,21.2,,7.0,1.9,8.9,.219,,5.2,-1.1,4.0,3.0,2012
17,Carmelo Anthony,SF,27,NYK,55,1876,21.1,.525,.198,.358,5.4,15.9,10.6,21.0,1.7,1.0,10.8,31.8,,3.7,2.6,6.2,.160,,3.8,-0.2,3.6,2.7,2012
18,Joel Anthony,C,29,MIA,64,1349,10.3,.598,.000,.467,9.2,12.8,11.1,1.0,1.4,5.1,19.7,7.8,,1.2,2.2,3.4,.122,,-2.0,1.6,-0.5,0.5,2012
21,Ömer Aşık,C,25,CHI,66,971,13.4,.509,.000,.660,14.9,25.1,20.1,4.8,1.7,5.0,25.2,12.6,,0.1,2.5,2.6,.129,,-3.2,2.5,-0.7,0.3,2012
22,D.J. Augustin,PG,24,CHA,48,1408,14.1,.493,.368,.246,1.9,7.2,4.4,38.9,1.3,0.1,16.9,21.3,,0.7,-0.2,0.5,.018,,0.7,-3.2,-2.5,-0.2,2012
23,Gustavo Ayón,PF,26,NOH,54,1088,16.7,.552,.004,.241,9.6,19.3,14.5,11.5,2.6,3.5,13.7,14.5,,1.5,1.7,3.2,.142,,0.0,2.5,2.5,1.2,2012
28,Leandro Barbosa,SG,29,TOT,64,1382,14.0,.512,.267,.195,2.8,7.9,5.3,13.3,2.2,0.4,12.0,26.5,,0.5,1.2,1.7,.060,,-0.6,-0.6,-1.2,0.3,2012
31,Matt Barnes,SF,31,LAL,63,1440,15.5,.554,.357,.331,7.9,18.3,13.3,13.8,1.3,2.4,14.1,16.4,,2.4,1.8,4.3,.142,,0.4,1.3,1.6,1.3,2012
33,Brandon Bass,PF,26,BOS,59,1868,14.1,.524,.000,.258,6.3,16.3,11.5,5.1,1.0,2.2,8.5,19.8,,1.5,3.2,4.7,.122,,-1.3,0.3,-1.0,0.5,2012
35,Shane Battier,SF,33,MIA,65,1499,9.7,.504,.627,.127,4.6,7.7,6.2,8.0,2.2,1.8,10.7,10.7,,1.2,2.1,3.3,.104,,-0.7,1.6,0.9,1.1,2012
36,Nicolas Batum,SF,23,POR,59,1791,17.3,.575,.427,.248,5.2,12.6,8.8,7.9,1.7,2.6,11.2,20.5,,3.3,1.4,4.8,.127,,2.6,0.0,2.5,2.0,2012
38,Michael Beasley,SF,23,MIN,47,1087,13.0,.502,.203,.191,4.0,17.2,10.6,7.7,0.9,1.2,12.9,25.3,,-0.3,0.8,0.5,.022,,-1.2,-0.9,-2.1,0.0,2012
39,Rodrigue Beaubois,PG,23,DAL,53,1151,15.3,.496,.297,.155,1.9,12.8,7.4,22.7,2.6,1.9,12.8,22.0,,0.5,1.7,2.2,.092,,-0.4,1.7,1.3,1.0,2012
40,Marco Belinelli,SG,25,NOH,66,1966,11.9,.525,.414,.188,1.2,9.1,5.2,8.9,1.3,0.2,8.5,19.5,,1.9,1.0,2.9,.071,,-0.4,-0.8,-1.2,0.4,2012
44,Andris Biedriņš,C,25,GSW,47,739,8.8,.581,.000,.141,6.9,20.0,13.5,3.0,1.6,4.7,17.1,5.1,,0.6,0.7,1.3,.085,,-3.8,1.5,-2.3,0.0,2012
46,Bismack Biyombo,C,19,CHA,63,1455,10.6,.480,.000,.514,8.6,20.8,14.5,3.1,0.7,5.9,17.2,13.1,,-0.5,1.1,0.6,.019,,-4.5,-0.2,-4.6,-1.0,2012
47,DeJuan Blair,PF,22,SAS,64,1363,17.6,.549,.002,.236,13.2,16.3,14.8,9.2,2.2,0.6,14.2,21.7,,2.2,1.8,4.0,.142,,-0.4,0.0,-0.3,0.6,2012
48,Steve Blake,PG,31,LAL,53,1237,8.5,.493,.590,.101,0.9,6.6,3.8,21.0,1.7,0.1,20.5,13.0,,0.2,0.8,1.0,.040,,-2.5,0.0,-2.5,-0.2,2012
53,Matt Bonner,PF,31,SAS,65,1326,13.2,.597,.714,.060,2.6,15.7,9.3,6.5,0.6,1.1,3.8,12.8,,2.7,1.2,4.0,.143,,2.4,0.3,2.6,1.5,2012
54,Trevor Booker,PF,24,WAS,50,1261,15.4,.549,.006,.273,10.6,18.6,14.5,5.1,2.0,2.6,13.2,15.6,,1.6,1.4,3.0,.113,,-0.8,0.0,-0.8,0.4,2012
55,Carlos Boozer,PF,30,CHI,66,1948,19.7,.549,.001,.163,6.7,25.3,16.1,11.8,1.7,0.9,11.3,23.8,,3.3,4.3,7.6,.187,,1.1,1.6,2.7,2.3,2012
56,Chris Bosh*,PF,27,MIA,57,2007,18.9,.551,.043,.346,5.8,20.5,13.5,9.1,1.3,1.8,11.2,24.2,,3.6,3.3,6.9,.165,,1.0,-0.2,0.8,1.4,2012
59,Avery Bradley,PG,21,BOS,64,1368,11.3,.555,.134,.194,3.1,6.7,5.0,10.8,1.7,0.7,14.7,17.9,,0.6,1.9,2.4,.085,,-2.3,0.7,-1.7,0.1,2012
60,Elton Brand,C,32,PHI,60,1732,18.0,.521,.002,.200,9.2,18.3,13.7,9.2,1.8,4.2,9.3,18.9,,2.5,3.6,6.1,.168,,-0.2,1.8,1.6,1.6,2012
61,Corey Brewer,SF,25,DEN,59,1287,13.7,.505,.274,.281,4.0,9.4,6.8,10.6,2.9,1.0,9.7,20.0,,1.1,1.1,2.3,.085,,-0.8,0.7,-0.1,0.6,2012
62,Ronnie Brewer,SG,26,CHI,66,1635,12.3,.465,.155,.225,5.0,10.6,7.9,12.7,2.4,0.9,10.8,15.3,,1.0,2.9,3.9,.113,,-1.5,2.2,0.7,1.1,2012
64,MarShon Brooks,SG,23,NJN,56,1648,12.9,.502,.234,.231,4.8,9.4,7.0,14.6,1.7,0.7,14.3,22.9,,0.5,0.3,0.8,.022,,-0.7,-1.7,-2.4,-0.2,2012
65,Derrick Brown,SF,24,CHA,65,1443,14.7,.556,.059,.345,7.3,11.6,9.4,8.5,1.8,0.6,10.5,16.8,,2.0,0.3,2.3,.076,,-0.3,-1.2,-1.5,0.2,2012
67,Shannon Brown,SG,26,PHO,59,1400,13.6,.507,.314,.166,3.1,9.5,6.3,8.1,1.6,0.8,9.1,22.8,,0.8,0.8,1.6,.054,,-0.2,-0.9,-1.0,0.3,2012
68,Kobe Bryant*,SG,33,LAL,58,2232,21.9,.527,.215,.338,3.5,11.8,7.8,23.7,1.6,0.6,11.7,35.7,,4.2,2.0,6.2,.132,,4.2,-0.9,3.3,2.9,2012
69,Chase Budinger,SF,23,HOU,58,1298,14.9,.556,.465,.149,3.4,16.2,9.7,9.3,1.2,0.4,9.9,19.5,,2.0,1.0,3.0,.111,,1.8,-0.6,1.2,1.0,2012
70,Alec Burks,SG,20,UTA,59,939,14.0,.506,.126,.401,6.9,9.3,8.1,9.5,1.5,0.4,10.8,22.5,,1.1,0.4,1.5,.076,,-0.6,-1.4,-2.0,0.0,2012
71,Caron Butler,SF,31,LAC,63,1871,11.7,.501,.365,.152,2.8,12.0,7.3,6.8,1.5,0.4,9.3,20.4,,1.2,1.1,2.3,.059,,-0.8,-1.2,-2.0,0.0,2012
72,Jimmy Butler,SG,22,CHI,42,359,12.5,.526,.139,.709,7.3,10.1,8.7,5.7,1.6,1.0,11.9,14.9,,0.5,0.6,1.1,.144,,-1.8,0.5,-1.3,0.1,2012
75,Andrew Bynum,C,24,LAL,60,2112,22.9,.594,.006,.425,10.6,26.1,18.7,7.4,0.7,4.0,13.9,23.8,,4.8,3.3,8.0,.183,,2.7,0.2,2.9,2.6,2012
77,José Calderón,PG,30,TOR,53,1799,16.7,.547,.333,.143,1.3,9.1,5.2,44.2,1.4,0.1,17.0,16.0,,3.9,1.2,5.1,.136,,2.4,-0.7,1.7,1.7,2012
78,Marcus Camby,C,37,TOT,59,1352,16.2,.455,.017,.223,13.3,32.7,22.8,11.9,1.9,4.8,15.3,12.6,,1.1,2.5,3.6,.127,,-0.1,2.3,2.2,1.4,2012
79,Brian Cardinal,SF,34,DAL,44,277,3.3,.373,.891,.109,1.6,12.1,6.9,8.3,1.5,0.6,12.2,11.0,,-0.3,0.3,0.0,.004,,-5.9,0.8,-5.2,-0.2,2012
81,Matt Carroll,SG,31,CHA,53,596,5.6,.409,.274,.242,1.5,10.0,5.6,10.6,1.4,0.9,12.1,15.3,,-0.7,0.1,-0.6,-0.051,,-5.9,-1.5,-7.4,-0.8,2012
83,Vince Carter,SG,35,DAL,61,1542,13.6,.519,.378,.212,2.3,12.5,7.5,15.0,1.9,1.3,12.4,20.4,,1.0,1.8,2.9,.090,,-0.7,0.8,0.1,0.8,2012
84,Omri Casspi,SF,23,CLE,65,1341,11.2,.499,.408,.262,5.1,14.5,9.7,8.4,1.5,1.2,12.2,17.6,,0.6,0.6,1.2,.044,,-1.3,-0.9,-2.2,-0.1,2012
85,Mario Chalmers,PG,25,MIA,64,1825,12.9,.578,.522,.203,1.1,9.8,5.6,19.0,2.8,0.5,20.7,17.4,,1.5,2.8,4.3,.112,,-0.8,1.2,0.4,1.1,2012
86,Tyson Chandler,C,29,NYK,62,2061,18.7,.708,.006,.887,11.8,22.7,17.2,4.3,1.4,3.4,17.1,13.0,,5.8,3.6,9.5,.220,,1.2,1.1,2.3,2.2,2012
89,Earl Clark,PF,24,ORL,45,559,8.1,.405,.000,.209,7.1,18.6,12.8,5.2,1.2,4.5,14.1,14.8,,-0.5,0.8,0.3,.027,,-5.6,0.7,-4.9,-0.4,2012
90,Norris Cole,PG,23,MIA,65,1260,7.9,.452,.169,.189,2.1,6.4,4.3,17.0,1.8,0.1,17.7,21.8,,-1.4,1.4,0.0,.000,,-4.9,-1.4,-6.3,-1.4,2012
92,Darren Collison,PG,24,IND,60,1878,13.6,.526,.180,.293,1.8,9.3,5.6,24.9,1.4,0.6,16.2,17.0,,2.3,1.5,3.8,.098,,0.3,-0.5,-0.2,0.9,2012
93,Nick Collison,PF,31,OKC,63,1307,12.1,.622,.005,.308,11.1,12.7,12.0,9.3,1.3,1.6,21.1,10.0,,2.3,1.2,3.5,.130,,-0.5,0.7,0.2,0.7,2012
94,Mike Conley,PG,24,MEM,62,2174,16.8,.523,.232,.231,1.2,7.4,4.2,29.8,3.3,0.4,14.2,18.3,,3.6,2.8,6.4,.141,,1.0,1.4,2.4,2.4,2012
96,Daequan Cook,SG,24,OKC,57,989,9.2,.509,.770,.074,1.5,11.9,7.0,2.3,1.1,0.8,5.0,14.7,,0.8,0.8,1.6,.078,,-0.5,-0.7,-1.3,0.2,2012
97,DeMarcus Cousins,C,21,SAC,64,1950,21.7,.499,.014,.373,14.2,25.9,19.8,9.5,2.4,2.8,12.8,29.7,,2.1,2.2,4.2,.104,,0.4,-1.3,-0.8,0.6,2012
98,Jamal Crawford,PG,31,POR,60,1613,15.7,.506,.353,.280,1.1,7.5,4.3,20.5,1.8,0.7,11.8,26.6,,1.6,0.7,2.3,.069,,1.0,-1.2,-0.2,0.7,2012
99,Jordan Crawford,SG,23,WAS,64,1753,14.5,.488,.313,.233,2.8,8.1,5.4,19.3,1.7,0.2,12.8,28.1,,0.3,0.7,1.1,.029,,0.4,-2.1,-1.7,0.1,2012
100,Dante Cunningham,PF,24,MEM,64,1124,14.9,.538,.007,.247,9.3,16.4,12.8,5.2,2.0,2.5,8.6,13.6,,1.8,1.7,3.4,.147,,-0.3,1.0,0.8,0.8,2012
103,Samuel Dalembert,C,30,HOU,65,1446,16.9,.551,.003,.286,12.6,24.1,18.3,3.6,1.3,5.7,15.6,16.6,,1.8,2.3,4.1,.137,,-1.1,1.1,0.1,0.7,2012
107,Ed Davis,PF,22,TOR,66,1534,14.2,.544,.003,.316,10.4,23.0,16.7,6.5,1.4,3.4,14.9,13.8,,1.6,2.3,3.9,.121,,-1.2,0.8,-0.3,0.7,2012
108,Glen Davis,PF,26,ORL,61,1427,13.2,.466,.026,.313,8.5,18.4,13.4,5.9,1.6,1.0,11.0,22.4,,0.0,1.7,1.7,.057,,-2.4,-0.7,-3.2,-0.4,2012
112,Carlos Delfino,SF,29,MIL,54,1537,11.7,.515,.528,.106,1.4,13.9,7.5,11.9,2.6,0.5,12.2,15.5,,0.8,1.6,2.4,.075,,-1.1,1.1,-0.1,0.8,2012
113,Luol Deng,SF,26,CHI,54,2129,14.1,.500,.285,.219,4.1,14.0,9.2,11.7,1.4,1.2,10.4,19.8,,2.3,3.6,5.8,.132,,0.6,1.1,1.7,2.0,2012
115,DeMar DeRozan,SG,22,TOR,63,2206,12.8,.503,.102,.367,2.1,9.0,5.6,10.8,1.2,0.6,10.5,25.0,,1.1,1.4,2.5,.054,,-1.4,-1.3,-2.7,-0.4,2012
116,Boris Diaw,PF,29,TOT,57,1424,11.2,.498,.282,.100,5.5,17.3,11.3,23.8,1.2,1.3,23.4,15.5,,-0.3,0.8,0.6,.019,,-1.6,-0.2,-1.8,0.1,2012
119,Keyon Dooling,SG,31,BOS,46,662,6.9,.515,.497,.190,0.6,6.1,3.5,12.1,1.0,0.2,16.1,15.3,,-0.2,0.8,0.6,.042,,-3.8,-0.5,-4.3,-0.4,2012
121,Goran Dragić,PG,25,HOU,66,1752,18.0,.567,.337,.317,3.5,7.7,5.6,32.5,2.5,0.4,18.7,21.8,,3.6,1.5,5.1,.139,,1.9,0.0,1.9,1.7,2012
122,Jared Dudley,SG,26,PHO,65,2020,15.4,.575,.325,.255,5.4,11.4,8.4,8.8,1.3,0.7,9.1,17.7,,4.0,1.1,5.1,.121,,1.6,-0.4,1.2,1.7,2012
123,Chris Duhon,PG,29,ORL,63,1226,8.4,.558,.586,.103,1.3,8.4,4.8,19.1,1.5,0.6,27.6,11.2,,0.4,0.9,1.3,.051,,-2.4,0.6,-1.8,0.1,2012
124,Tim Duncan*,C,35,SAS,58,1634,22.5,.531,.005,.340,7.9,28.2,18.3,13.5,1.2,3.9,10.3,26.2,,3.0,2.9,5.9,.174,,2.0,1.3,3.3,2.2,2012
125,Mike Dunleavy,SF,31,MIL,55,1445,16.6,.597,.413,.284,2.2,13.7,7.8,13.0,1.0,0.4,9.3,19.0,,3.5,0.9,4.4,.146,,2.3,-0.9,1.4,1.3,2012
126,Kevin Durant,SF,23,OKC,66,2546,26.2,.610,.265,.386,1.9,20.4,11.8,17.5,1.8,2.2,14.0,31.3,,8.5,3.7,12.2,.230,,6.2,0.8,7.0,5.8,2012
129,Wayne Ellington,SG,24,MIN,51,973,9.4,.487,.358,.132,1.6,9.7,5.6,5.5,1.4,0.7,7.5,15.8,,0.3,0.5,0.8,.041,,-2.7,-0.2,-2.8,-0.2,2012
130,Monta Ellis,SG,26,TOT,58,2120,17.5,.509,.193,.264,1.1,9.6,5.3,28.6,2.1,0.6,13.2,28.7,,1.6,0.9,2.6,.059,,1.0,-1.3,-0.3,0.9,2012
136,Reggie Evans,PF,31,LAC,56,771,9.2,.504,.000,.986,15.3,26.7,20.9,3.1,2.2,0.6,29.9,8.8,,0.2,1.0,1.3,.079,,-3.5,-0.2,-3.7,-0.3,2012
137,Tyreke Evans,SG,22,SAC,63,2162,16.4,.512,.110,.287,3.1,12.0,7.3,22.1,2.0,1.0,14.4,23.8,,2.0,0.6,2.7,.059,,0.3,-0.9,-0.6,0.8,2012
139,Kenneth Faried,PF,22,DEN,46,1037,21.9,.618,.000,.531,16.5,22.9,19.8,5.5,1.7,3.6,12.4,18.7,,3.2,1.3,4.6,.212,,2.4,-0.2,2.2,1.1,2012
141,Derrick Favors,PF,20,UTA,65,1376,17.1,.537,.000,.436,13.0,22.5,17.7,5.0,1.4,3.8,16.3,20.7,,1.4,1.6,3.0,.105,,-0.6,-0.5,-1.1,0.3,2012
142,Raymond Felton,PG,27,POR,60,1906,13.4,.491,.316,.193,1.6,7.6,4.6,33.3,2.2,0.4,19.6,20.8,,0.7,1.0,1.7,.042,,-0.3,-1.2,-1.5,0.2,2012
145,Landry Fields,SG,23,NYK,66,1894,12.0,.506,.236,.267,3.6,13.5,8.5,14.5,2.1,0.7,15.1,16.0,,0.8,2.6,3.4,.085,,-1.1,1.1,0.0,1.0,2012
146,Derek Fisher,PG,37,TOT,63,1508,8.0,.464,.313,.193,0.9,7.7,4.5,16.7,1.8,0.2,16.2,13.6,,0.1,1.1,1.2,.038,,-3.7,0.4,-3.3,-0.5,2012
149,Gary Forbes,SG,26,TOR,48,713,13.3,.513,.306,.336,4.5,12.2,8.4,13.7,1.8,0.5,14.8,24.1,,0.1,0.7,0.8,.053,,-0.4,-0.6,-1.0,0.2,2012
153,Randy Foye,SG,28,LAC,65,1682,13.5,.522,.511,.132,1.7,8.1,4.9,14.2,1.5,1.2,9.7,20.7,,2.4,0.8,3.2,.092,,1.1,-0.9,0.2,0.9,2012
154,Jimmer Fredette,PG,22,SAC,61,1135,10.8,.495,.484,.108,1.6,5.7,3.5,15.1,1.3,0.2,12.5,20.4,,0.5,-0.2,0.3,.012,,-0.9,-2.5,-3.4,-0.4,2012
155,Enes Freedom,C,19,UTA,66,874,14.5,.539,.004,.445,13.9,22.7,18.3,1.4,1.1,2.1,16.1,17.3,,0.9,0.8,1.7,.095,,-1.2,-1.7,-3.0,-0.2,2012
156,Channing Frye,PF,28,PHO,64,1669,14.9,.519,.429,.134,4.8,20.6,12.8,8.3,1.3,3.0,8.8,19.3,,1.8,1.9,3.7,.106,,0.2,0.7,0.9,1.2,2012
158,Sundiata Gaines,SG,25,NJN,57,793,15.0,.465,.303,.354,3.8,12.2,7.9,27.2,3.7,0.2,14.2,21.1,,0.4,0.6,1.0,.059,,-0.5,0.8,0.3,0.5,2012
159,Danilo Gallinari,SF,23,DEN,43,1351,16.5,.563,.393,.448,2.5,14.6,8.7,13.0,1.6,1.3,10.9,20.7,,2.9,1.0,3.9,.140,,1.9,-0.1,1.8,1.3,2012
160,Francisco García,SF,30,SAC,49,798,10.7,.483,.572,.131,1.4,12.7,6.8,5.8,2.3,3.4,8.3,14.4,,0.3,0.5,0.8,.048,,-1.6,0.9,-0.7,0.3,2012
161,Kevin Garnett*,C,35,BOS,60,1864,20.4,.550,.012,.243,4.4,25.8,15.6,17.9,1.6,2.5,11.1,24.9,,2.6,4.3,6.9,.178,,1.8,2.5,4.3,2.9,2012
162,Marc Gasol,C,27,MEM,65,2370,18.4,.541,.016,.428,5.8,23.1,14.3,14.1,1.4,4.1,12.1,19.1,,4.2,4.0,8.2,.166,,1.0,2.1,3.1,3.1,2012
163,Pau Gasol,PF,31,LAL,65,2430,20.4,.547,.029,.285,8.8,21.8,15.6,17.2,0.8,2.6,12.1,22.1,,5.2,3.1,8.3,.165,,2.6,0.8,3.4,3.3,2012
164,Rudy Gay,SF,25,MEM,65,2422,17.8,.521,.162,.246,6.1,14.1,10.1,10.8,2.1,1.8,12.0,25.1,,2.8,3.3,6.0,.120,,1.7,0.2,1.9,2.4,2012
165,Alonzo Gee,SG,24,CLE,63,1827,13.2,.516,.249,.385,6.1,14.3,10.0,10.6,2.4,0.7,15.0,18.7,,1.2,1.2,2.4,.063,,-1.2,-0.2,-1.4,0.3,2012
166,Paul George,SG,21,IND,66,1958,16.5,.555,.366,.285,3.2,17.9,10.6,13.6,2.9,1.5,14.0,19.3,,2.8,3.2,6.0,.148,,1.4,2.1,3.4,2.7,2012
168,Taj Gibson,PF,26,CHI,63,1284,16.9,.522,.000,.334,12.0,16.8,14.4,5.9,1.1,4.5,11.5,18.6,,1.8,2.6,4.5,.167,,-0.7,1.5,0.8,0.9,2012
172,Drew Gooden,C,30,MIL,56,1469,18.8,.512,.084,.317,9.5,18.0,13.6,16.5,1.6,1.7,12.7,25.7,,2.0,1.5,3.6,.116,,1.5,-0.6,1.0,1.1,2012
173,Ben Gordon,SG,28,DET,52,1398,13.5,.549,.277,.257,1.2,9.5,5.2,16.5,1.3,0.6,16.3,23.3,,1.0,0.7,1.7,.058,,-0.3,-1.4,-1.7,0.1,2012
175,Marcin Gortat,C,27,PHO,66,2114,21.2,.578,.003,.326,10.0,25.0,17.6,4.8,1.2,3.4,9.3,20.8,,4.9,2.7,7.6,.172,,2.2,0.0,2.2,2.3,2012
177,Danny Granger,SF,28,IND,62,2062,18.6,.542,.343,.309,4.3,12.3,8.4,9.7,1.6,1.5,9.3,25.9,,4.5,2.2,6.7,.155,,3.5,-0.6,2.9,2.5,2012
178,Aaron Gray,C,27,TOR,49,813,11.1,.526,.000,.292,12.1,28.3,20.3,5.5,1.5,1.7,21.9,13.5,,0.1,1.3,1.4,.082,,-3.6,0.1,-3.5,-0.3,2012
179,Danny Green,SG,24,SAS,66,1522,15.5,.579,.491,.210,4.2,12.9,8.6,8.3,2.0,2.2,11.4,17.6,,2.5,2.0,4.5,.142,,1.8,1.2,3.0,1.9,2012
181,Willie Green,SG,30,ATL,53,922,13.9,.578,.348,.172,1.9,8.2,5.1,7.4,1.3,0.5,8.6,19.5,,1.4,0.9,2.4,.122,,0.1,-0.6,-0.5,0.3,2012
182,Donté Greene,PF,23,SAC,53,777,11.8,.491,.395,.207,2.6,16.9,9.4,6.8,1.2,2.7,9.9,18.0,,0.3,0.3,0.7,.041,,-1.6,-0.8,-2.4,-0.1,2012
183,Blake Griffin,PF,22,LAC,66,2392,23.4,.557,.016,.458,10.7,25.1,17.8,16.6,1.2,1.7,10.9,26.6,,6.6,2.6,9.2,.185,,3.9,-0.2,3.7,3.4,2012
187,Tyler Hansbrough,PF,26,IND,66,1442,14.7,.511,.002,.580,8.9,13.7,11.3,3.5,2.0,0.5,9.8,20.9,,2.2,1.7,3.9,.129,,-1.1,-0.7,-1.8,0.1,2012
189,James Harden,SG,22,OKC,62,1946,21.1,.660,.464,.587,1.9,12.2,7.4,19.3,1.6,0.6,14.8,21.6,,7.5,1.8,9.3,.230,,4.1,0.2,4.3,3.1,2012
192,Al Harrington,PF,31,DEN,64,1761,15.3,.535,.392,.228,4.9,20.4,12.9,8.2,1.7,0.5,11.6,24.4,,1.6,1.6,3.2,.088,,0.5,-0.8,-0.4,0.7,2012
193,Devin Harris,PG,28,UTA,63,1741,16.0,.564,.393,.386,0.8,6.7,3.7,28.3,1.9,0.6,16.1,19.5,,3.3,0.8,4.2,.115,,1.6,-0.8,0.8,1.2,2012
196,Tobias Harris,SF,19,MIL,42,479,14.2,.540,.136,.320,6.7,16.8,11.6,7.4,1.4,1.1,13.9,20.6,,0.4,0.4,0.9,.087,,-1.0,-0.9,-1.9,0.0,2012
197,Udonis Haslem,PF,31,MIA,64,1589,10.9,.479,.000,.286,9.1,25.6,17.7,4.0,1.2,1.2,13.0,13.5,,0.7,2.8,3.5,.106,,-2.2,-0.2,-2.4,-0.2,2012
199,Chuck Hayes,C,28,SAC,54,1039,8.9,.459,.012,.229,7.3,18.0,12.4,10.4,1.8,1.2,21.1,9.9,,0.1,0.5,0.6,.028,,-3.2,0.2,-3.0,-0.3,2012
200,Gordon Hayward,SF,21,UTA,66,2015,15.5,.568,.271,.396,3.3,9.9,6.6,15.9,1.4,1.6,13.7,17.8,,3.8,1.0,4.9,.116,,1.7,-0.1,1.5,1.8,2012
202,Brendan Haywood,C,32,DAL,54,1146,12.9,.520,.000,.421,13.7,18.0,15.9,2.6,1.1,3.8,14.5,12.8,,1.1,1.6,2.7,.114,,-2.1,0.2,-1.9,0.0,2012
203,Gerald Henderson,SG,24,CHA,55,1831,14.0,.511,.065,.282,3.9,10.5,7.0,13.5,1.4,0.8,11.0,23.0,,0.8,0.2,1.0,.026,,-1.0,-1.7,-2.7,-0.3,2012
204,Xavier Henry,SG,20,NOH,45,759,9.2,.450,.075,.373,3.8,12.7,8.3,7.6,1.9,0.9,11.7,18.7,,-0.4,0.7,0.2,.015,,-3.7,-0.3,-4.0,-0.4,2012
205,Roy Hibbert,C,25,IND,65,1937,19.3,.539,.001,.358,12.5,20.7,16.6,9.9,0.9,5.2,14.2,21.1,,3.2,3.0,6.2,.154,,1.0,0.4,1.4,1.7,2012
206,J.J. Hickson,PF,23,TOT,54,1244,14.9,.501,.005,.342,11.7,19.0,15.2,5.9,1.2,2.1,13.4,18.7,,0.9,0.8,1.7,.066,,-0.8,-1.5,-2.3,-0.1,2012
209,George Hill,PG,25,IND,50,1274,15.7,.557,.387,.308,2.8,10.5,6.7,18.8,1.7,1.1,10.8,17.2,,2.8,1.3,4.0,.152,,1.8,0.5,2.3,1.4,2012
210,Grant Hill*,SF,39,PHO,49,1378,12.3,.500,.118,.242,2.4,11.5,7.0,12.1,1.5,1.5,11.5,18.6,,0.6,0.9,1.6,.055,,-1.4,0.5,-0.9,0.4,2012
212,Kirk Hinrich,SG,31,ATL,48,1237,9.2,.511,.461,.108,1.1,8.5,4.8,16.3,1.6,0.7,15.8,13.9,,0.4,1.4,1.8,.069,,-2.6,0.5,-2.1,-0.1,2012
214,Jrue Holiday,PG,21,PHI,65,2196,14.7,.496,.205,.144,2.9,7.9,5.4,21.6,2.5,0.6,13.2,21.8,,0.9,3.3,4.2,.092,,-0.5,0.9,0.4,1.3,2012
219,Dwight Howard,C,26,ORL,54,2070,24.2,.569,.010,.788,11.0,33.1,21.9,9.8,2.1,4.4,15.2,26.1,,3.3,4.4,7.7,.179,,2.2,2.0,4.3,3.3,2012
220,Josh Howard,SF,31,UTA,43,991,10.5,.461,.102,.269,4.5,13.9,9.2,7.9,1.7,0.8,11.6,20.7,,-0.2,0.7,0.5,.025,,-2.8,-0.9,-3.7,-0.4,2012
224,Kris Humphries,PF,26,NJN,62,2162,17.9,.539,.000,.414,12.2,24.8,18.3,7.4,1.2,2.6,13.0,19.3,,3.6,1.7,5.3,.118,,0.2,-1.2,-0.9,0.6,2012
225,Serge Ibaka,PF,22,OKC,66,1792,19.0,.556,.006,.241,13.2,18.2,15.9,2.5,1.0,9.8,12.7,15.7,,3.0,3.2,6.2,.167,,0.1,2.3,2.3,1.9,2012
226,Andre Iguodala,SF,28,PHI,62,2209,17.6,.537,.305,.310,2.8,16.4,9.6,23.7,2.6,1.0,13.8,17.7,,3.1,4.2,7.3,.158,,1.5,2.5,4.0,3.3,2012
227,Ersan İlyasova,PF,24,MIL,60,1655,20.5,.577,.188,.307,12.7,22.8,17.6,7.0,1.3,2.0,10.1,20.1,,4.4,2.0,6.4,.185,,3.1,-1.1,1.9,1.6,2012
228,Kyrie Irving,PG,19,CLE,51,1558,21.4,.566,.245,.262,3.1,11.2,7.0,36.5,1.8,1.0,16.1,28.7,,3.4,0.6,4.1,.125,,4.6,-0.5,4.1,2.4,2012
230,Jarrett Jack,PG,28,NOH,45,1530,17.9,.540,.192,.254,1.8,11.7,6.8,34.0,1.1,0.5,14.1,23.3,,2.9,0.9,3.8,.119,,2.5,-0.9,1.6,1.4,2012
231,Reggie Jackson,PG,21,OKC,45,501,9.2,.408,.390,.182,3.4,8.3,6.0,21.2,2.6,0.1,17.3,18.7,,-0.4,0.5,0.1,.011,,-3.3,-0.3,-3.6,-0.2,2012
232,Stephen Jackson,SF,33,TOT,47,1212,10.7,.485,.400,.268,2.0,13.1,7.6,14.6,2.3,0.8,17.8,21.3,,-0.7,1.3,0.6,.025,,-2.6,0.2,-2.3,-0.1,2012
234,LeBron James,SF,27,MIA,62,2326,30.7,.605,.127,.429,5.0,19.7,12.6,33.6,2.6,1.7,13.3,32.0,,10.0,4.5,14.5,.298,,8.2,2.7,10.9,7.6,2012
236,Antawn Jamison,PF,35,CLE,65,2151,16.1,.481,.256,.260,6.3,15.7,10.8,11.9,1.2,1.5,7.2,26.2,,2.1,1.0,3.1,.070,,1.4,-1.6,-0.3,0.9,2012
237,Al Jefferson,C,27,UTA,61,2075,22.8,.520,.004,.169,7.3,25.3,16.2,12.1,1.2,3.9,5.2,25.7,,4.9,2.5,7.5,.173,,3.5,0.2,3.7,3.0,2012
238,Richard Jefferson,SF,31,TOT,63,1748,11.1,.550,.551,.174,1.7,12.4,7.2,7.3,1.1,0.8,8.7,15.1,,1.9,1.2,3.1,.085,,-0.2,-0.3,-0.5,0.6,2012
240,Charles Jenkins,PG,22,GSW,51,893,12.4,.482,.069,.134,1.0,7.6,4.3,29.9,1.9,0.5,16.3,19.0,,0.4,0.1,0.5,.028,,-2.7,-1.5,-4.2,-0.5,2012
241,Brandon Jennings,PG,22,MIL,66,2331,18.4,.514,.346,.213,2.3,8.6,5.3,26.7,2.3,0.7,10.6,25.9,,3.8,1.8,5.5,.114,,3.0,-0.3,2.7,2.8,2012
242,Jonas Jerebko,PF,24,DET,64,1468,14.2,.548,.234,.274,7.6,17.8,12.5,5.1,1.5,1.1,11.5,18.1,,2.0,1.3,3.3,.108,,-0.8,-0.7,-1.5,0.2,2012
244,Amir Johnson,PF,24,TOR,64,1553,14.4,.600,.015,.247,11.4,19.4,15.4,8.7,1.1,3.6,20.0,14.3,,1.9,2.0,4.0,.122,,-1.4,0.9,-0.5,0.6,2012
248,Ivan Johnson,PF,27,ATL,56,934,14.3,.558,.022,.364,8.2,20.1,14.2,5.7,2.4,1.5,17.8,19.5,,0.5,1.7,2.2,.113,,-2.8,0.6,-2.2,0.0,2012
250,James Johnson,SF,24,TOR,62,1561,14.5,.498,.116,.222,5.6,16.2,11.0,13.9,2.4,4.4,15.1,20.2,,0.1,2.5,2.6,.079,,-0.9,2.3,1.5,1.3,2012
251,Joe Johnson,SG,30,ATL,60,2127,18.4,.557,.346,.200,2.9,9.2,6.1,19.7,1.2,0.5,10.3,24.9,,4.4,2.1,6.4,.145,,3.1,-1.0,2.1,2.2,2012
253,Wesley Johnson,SF,24,MIN,65,1469,8.0,.477,.426,.086,1.8,11.6,6.7,6.4,1.2,2.3,12.7,14.3,,-0.4,1.0,0.6,.021,,-2.7,0.6,-2.1,0.0,2012
254,Dahntay Jones,SF,31,IND,65,1052,10.3,.533,.274,.352,2.5,10.0,6.3,9.6,1.2,0.8,12.4,16.0,,1.1,0.8,2.0,.090,,-1.7,-0.1,-1.9,0.0,2012
256,James Jones,SG,31,MIA,51,666,9.7,.567,.760,.200,1.1,7.4,4.4,4.2,1.3,1.1,5.8,12.1,,0.9,0.7,1.7,.120,,-0.4,0.4,0.0,0.3,2012
258,DeAndre Jordan,C,23,LAC,66,1798,16.4,.626,.003,.433,13.2,23.0,18.1,1.5,0.9,6.2,16.0,11.9,,3.2,2.4,5.6,.150,,-0.4,0.4,0.1,0.9,2012
261,Chris Kaman,C,29,NOH,47,1372,15.3,.478,.000,.179,7.9,23.5,15.8,14.0,1.0,4.7,16.7,26.6,,-1.2,1.9,0.7,.024,,-1.8,0.5,-1.3,0.2,2012
264,Jason Kidd*,PG,38,DAL,48,1379,13.1,.524,.817,.103,1.2,14.8,8.1,28.4,3.1,0.6,24.2,12.7,,0.9,2.1,3.0,.104,,-0.8,2.4,1.6,1.2,2012
265,Linas Kleiza,SF,27,TOR,49,1057,12.4,.521,.437,.244,4.7,17.2,11.0,7.9,1.2,0.3,12.4,23.1,,0.5,1.0,1.5,.066,,-0.8,-1.2,-2.0,0.0,2012
266,Brandon Knight,PG,20,DET,66,2129,11.7,.511,.359,.178,1.8,10.3,5.9,20.8,1.2,0.4,17.1,21.7,,0.3,1.0,1.3,.029,,-0.9,-1.7,-2.6,-0.3,2012
267,Kyle Korver,SG,30,CHI,65,1469,13.6,.600,.658,.160,2.0,9.9,6.0,11.7,1.3,0.7,10.7,15.3,,3.1,2.1,5.3,.172,,1.1,1.2,2.2,1.6,2012
268,Kosta Koufos,C,22,DEN,48,792,17.3,.608,.000,.286,14.4,23.3,19.0,2.9,1.5,4.1,13.2,14.0,,1.7,1.0,2.7,.163,,0.5,0.4,0.9,0.6,2012
270,Ty Lawson,PG,24,DEN,61,2124,19.4,.579,.261,.282,3.1,9.2,6.2,30.2,2.0,0.2,14.7,21.2,,5.7,1.2,6.9,.157,,3.6,-0.4,3.2,2.8,2012
271,Courtney Lee,SG,26,HOU,58,1757,12.6,.534,.374,.148,1.7,8.9,5.2,7.9,2.0,0.9,9.4,17.6,,1.8,1.4,3.2,.087,,-0.4,0.3,0.0,0.9,2012
272,David Lee,PF,28,GSW,57,2121,19.7,.549,.005,.304,9.2,19.9,14.6,13.6,1.3,0.8,12.5,26.0,,3.8,1.2,5.0,.113,,1.2,-1.6,-0.3,0.9,2012
274,Kawhi Leonard,SF,20,SAS,64,1534,16.6,.573,.270,.218,7.9,16.4,12.2,6.6,2.9,1.1,9.0,14.5,,3.1,2.4,5.5,.171,,1.6,1.8,3.4,2.1,2012
276,Jon Leuer,PF,22,MIL,46,555,15.3,.536,.047,.147,8.7,15.3,11.9,7.3,1.3,2.3,8.1,17.6,,0.9,0.5,1.4,.122,,-0.3,0.0,-0.3,0.2,2012
280,Shaun Livingston,SG,26,MIL,58,1092,11.0,.520,.011,.292,3.8,8.7,6.2,16.6,1.3,1.4,17.8,15.0,,0.7,0.6,1.3,.055,,-1.5,0.2,-1.3,0.2,2012
282,Robin Lopez,C,23,PHO,64,895,15.2,.526,.000,.520,11.5,14.8,13.2,3.4,1.0,4.8,11.5,18.9,,1.2,0.9,2.1,.115,,-2.2,0.0,-2.2,0.0,2012
283,Kevin Love,PF,23,MIN,55,2145,25.4,.568,.266,.434,11.6,26.4,19.0,10.0,1.1,0.9,9.2,28.8,,7.6,2.3,10.0,.223,,6.1,-0.9,5.2,3.9,2012
284,Kyle Lowry,PG,25,HOU,47,1510,18.8,.558,.411,.386,2.8,13.7,8.2,32.3,2.5,0.7,17.8,22.0,,3.3,1.6,4.9,.156,,2.8,1.2,4.1,2.3,2012
285,John Lucas III,PG,29,CHI,49,726,16.3,.496,.391,.089,3.4,8.1,5.8,25.8,1.4,0.1,10.1,26.0,,1.2,1.0,2.2,.143,,2.9,0.0,2.9,0.9,2012
286,Shelvin Mack,PG,21,WAS,64,779,11.9,.468,.191,.268,1.7,11.7,6.7,26.0,1.9,0.2,16.3,16.9,,0.2,0.5,0.7,.042,,-2.0,-0.7,-2.6,-0.1,2012
290,Ian Mahinmi,C,25,DAL,61,1139,13.5,.585,.004,.618,10.7,17.7,14.3,1.7,1.8,2.2,14.2,14.4,,1.7,1.7,3.4,.144,,-2.8,0.4,-2.3,-0.1,2012
291,Shawn Marion,SF,33,DAL,63,1919,15.0,.488,.105,.144,8.6,18.6,13.6,11.5,1.8,1.5,12.5,19.0,,1.0,2.7,3.7,.092,,-0.2,0.6,0.5,1.2,2012
293,Kenyon Martin,PF,34,LAC,42,940,9.9,.445,.059,.245,6.1,16.9,11.5,2.9,2.5,3.8,11.6,13.5,,-0.3,1.2,0.9,.048,,-3.5,1.5,-2.1,0.0,2012
295,Roger Mason,SG,31,WAS,52,697,12.1,.530,.597,.105,1.1,10.1,5.6,11.0,1.0,0.6,10.6,19.4,,0.6,0.2,0.9,.059,,0.8,-1.8,-1.0,0.2,2012
296,Wesley Matthews,SG,25,POR,66,2228,14.1,.539,.442,.224,2.9,9.0,5.9,8.3,2.3,0.5,8.0,18.7,,3.4,1.4,4.8,.104,,0.3,0.1,0.3,1.3,2012
297,Jason Maxiell,PF,28,DET,65,1466,11.7,.493,.005,.277,9.9,17.4,13.6,4.7,1.2,2.7,14.2,15.8,,0.4,1.3,1.7,.057,,-2.6,-0.6,-3.2,-0.5,2012
299,O.J. Mayo,SG,24,MEM,66,1771,14.7,.513,.374,.234,1.9,12.1,6.9,16.1,2.1,1.1,13.3,23.9,,1.3,2.2,3.5,.094,,0.5,0.4,0.8,1.3,2012
300,Luc Mbah a Moute,PF,25,MIL,43,1009,13.9,.544,.015,.395,8.2,16.9,12.4,4.4,2.0,1.6,11.3,15.1,,1.2,1.1,2.4,.112,,-1.2,0.1,-1.1,0.2,2012
301,JaVale McGee,C,24,TOT,61,1535,19.9,.552,.000,.303,12.1,23.3,17.7,3.5,1.2,6.6,12.2,20.7,,1.9,2.2,4.1,.127,,0.1,0.0,0.2,0.8,2012
302,Tracy McGrady*,SF,32,ATL,52,837,13.6,.510,.143,.359,3.3,18.2,10.8,20.8,1.0,1.4,16.5,18.0,,0.5,1.1,1.6,.094,,-0.1,0.7,0.6,0.5,2012
303,Dominic McGuire,PF,26,GSW,64,1127,11.8,.486,.019,.252,7.4,17.4,12.4,14.0,2.0,2.5,19.4,11.8,,0.6,0.9,1.5,.062,,-1.8,1.0,-0.8,0.3,2012
304,Josh McRoberts,PF,24,LAL,50,718,10.9,.516,.059,.305,9.9,16.4,13.3,10.5,1.1,1.8,18.8,10.5,,0.6,0.8,1.4,.095,,-2.1,0.7,-1.4,0.1,2012
305,Jodie Meeks,SG,24,PHI,66,1644,11.5,.551,.570,.182,1.1,9.8,5.4,5.0,1.3,0.1,5.4,15.2,,2.1,2.0,4.1,.120,,-0.8,0.1,-0.7,0.5,2012
306,C.J. Miles,SG,24,UTA,56,1145,12.4,.484,.323,.292,2.7,9.0,5.8,9.6,2.1,1.3,9.2,22.7,,0.7,0.8,1.5,.063,,-1.4,-0.4,-1.8,0.0,2012
308,Andre Miller,SG,35,DEN,66,1809,14.8,.510,.150,.306,3.5,10.5,7.1,36.5,1.8,0.4,22.0,19.8,,1.9,1.0,2.9,.078,,0.5,-0.9,-0.3,0.7,2012
312,Paul Millsap,PF,26,UTA,64,2100,21.8,.545,.036,.296,9.7,21.2,15.4,12.4,2.9,2.0,10.3,23.2,,4.9,2.9,7.8,.179,,2.6,1.3,3.9,3.1,2012
313,Nazr Mohammed,C,34,OKC,63,692,11.0,.477,.006,.136,10.4,17.1,14.0,3.1,1.5,3.9,12.7,13.4,,0.3,1.0,1.3,.090,,-3.0,0.7,-2.4,-0.1,2012
314,Greg Monroe,C,21,DET,66,2082,22.0,.563,.001,.348,13.3,23.6,18.3,14.0,2.1,1.7,15.2,23.6,,4.3,2.7,7.0,.161,,2.8,0.1,2.9,2.6,2012
320,Markieff Morris,PF,22,PHO,63,1227,12.1,.484,.284,.243,6.4,19.1,12.8,8.2,1.7,2.5,12.7,20.4,,0.1,1.4,1.5,.059,,-2.6,0.5,-2.1,0.0,2012
321,Anthony Morrow,SG,26,NJN,62,1636,13.1,.531,.435,.158,2.1,7.0,4.5,6.8,1.5,0.4,9.0,21.6,,1.7,0.0,1.7,.051,,0.1,-2.0,-1.9,0.0,2012
322,Timofey Mozgov,C,25,DEN,44,687,13.2,.556,.000,.300,9.3,20.8,15.2,4.9,1.1,4.8,19.8,17.4,,0.3,0.8,1.1,.074,,-2.9,0.4,-2.5,-0.1,2012
323,Byron Mullens,C,22,CHA,65,1465,13.0,.473,.086,.190,7.3,18.8,12.8,7.5,0.8,2.6,10.4,22.5,,-0.4,0.6,0.2,.007,,-2.5,-2.1,-4.6,-1.0,2012
324,Troy Murphy,PF,31,LAL,59,956,9.0,.537,.392,.053,4.9,16.9,11.2,7.9,0.8,1.2,12.9,9.6,,0.8,0.9,1.7,.088,,-2.0,0.9,-1.1,0.2,2012
327,Steve Nash*,PG,37,PHO,62,1961,20.3,.625,.254,.256,1.5,9.1,5.3,53.1,1.0,0.3,27.1,19.6,,5.2,0.6,5.9,.144,,4.7,-1.2,3.4,2.7,2012
328,Gary Neal,SG,27,SAS,56,1206,14.2,.542,.407,.132,1.2,9.9,5.6,15.1,1.2,0.1,10.5,21.7,,1.6,0.9,2.5,.101,,0.7,-0.8,-0.1,0.6,2012
329,Jameer Nelson,PG,29,ORL,57,1706,14.6,.524,.381,.145,1.9,10.4,6.1,34.0,1.2,0.2,17.3,21.4,,2.3,1.2,3.5,.099,,0.8,-0.9,-0.1,0.8,2012
330,Joakim Noah,C,26,CHI,64,1945,19.6,.561,.002,.420,14.1,21.8,18.0,12.7,1.1,3.4,13.7,15.8,,4.9,4.2,9.0,.223,,1.7,2.1,3.8,2.8,2012
332,Steve Novak,PF,28,NYK,54,1020,15.9,.684,.837,.077,1.0,10.9,5.9,2.0,0.8,0.7,5.7,16.2,,2.9,0.9,3.9,.181,,4.6,-0.5,4.1,1.6,2012
333,Dirk Nowitzki,PF,33,DAL,62,2079,21.7,.564,.205,.343,2.5,19.9,11.3,12.6,1.1,1.2,9.0,29.2,,5.0,2.6,7.6,.175,,3.7,0.1,3.7,3.0,2012
335,Lamar Odom,SF,32,DAL,50,1027,9.2,.423,.318,.281,4.0,18.7,11.4,12.9,1.0,1.4,11.7,20.1,,-0.9,1.2,0.3,.014,,-3.2,0.1,-3.1,-0.3,2012
341,Zaza Pachulia,C,27,ATL,58,1640,14.0,.557,.000,.466,11.1,21.5,16.4,7.4,1.8,1.4,16.5,14.0,,2.3,2.8,5.0,.147,,-1.5,0.8,-0.7,0.5,2012
342,Jannero Pargo,PG,32,ATL,50,671,13.6,.539,.545,.079,1.6,11.1,6.4,24.1,1.6,0.2,15.8,21.8,,0.6,0.8,1.3,.095,,0.0,-0.6,-0.6,0.2,2012
343,Jeremy Pargo,PG,25,MEM,44,424,4.4,.389,.253,.180,3.2,7.0,5.1,20.2,1.9,0.0,22.1,22.2,,-1.1,0.4,-0.8,-0.085,,-6.1,-1.5,-7.6,-0.6,2012
344,Anthony Parker,SF,36,CLE,51,1280,10.9,.523,.423,.172,0.9,11.8,6.1,15.7,1.6,0.4,12.5,14.1,,1.0,0.4,1.4,.052,,-1.3,-0.3,-1.7,0.1,2012
345,Tony Parker,PG,29,SAS,60,1923,22.0,.539,.069,.319,1.3,8.7,5.1,40.3,1.5,0.2,13.1,27.7,,5.5,1.6,7.1,.177,,3.6,-0.9,2.7,2.3,2012
346,Chandler Parsons,SF,23,HOU,63,1804,13.3,.513,.324,.142,5.7,13.6,9.6,11.7,2.1,1.2,12.2,16.7,,1.6,1.8,3.4,.090,,0.1,0.7,0.8,1.3,2012
347,Patrick Patterson,PF,22,HOU,64,1483,11.5,.457,.006,.112,8.7,13.7,11.2,5.7,1.0,1.8,8.4,17.9,,0.5,1.1,1.6,.052,,-2.0,-0.9,-2.9,-0.3,2012
348,Chris Paul,PG,26,LAC,60,2181,27.0,.581,.239,.339,2.3,9.4,5.8,43.8,3.8,0.2,10.8,24.3,,10.4,2.3,12.7,.278,,6.7,2.4,9.2,6.1,2012
349,Sasha Pavlović,SF,28,BOS,45,527,6.7,.456,.453,.063,0.9,14.5,8.0,5.3,2.0,2.2,13.2,13.8,,-0.6,1.0,0.4,.039,,-4.4,2.1,-2.3,0.0,2012
350,Nikola Peković,C,26,MIN,47,1264,21.4,.607,.000,.412,15.8,14.6,15.2,4.6,1.2,1.8,14.0,21.9,,3.6,0.9,4.5,.170,,2.3,-1.3,1.0,1.0,2012
351,Kendrick Perkins,C,27,OKC,65,1744,8.7,.528,.000,.427,8.4,18.8,13.9,6.4,0.7,3.0,27.5,11.1,,0.0,2.1,2.0,.056,,-3.0,0.9,-2.1,0.0,2012
352,Johan Petro,C,26,NJN,59,920,10.3,.452,.004,.142,8.3,20.3,14.1,8.2,1.2,1.9,12.1,15.6,,0.1,0.6,0.7,.034,,-3.9,-0.9,-4.7,-0.6,2012
353,Paul Pierce*,SF,34,BOS,61,2075,19.6,.567,.307,.387,2.2,15.2,9.0,24.3,1.8,1.0,14.2,28.1,,3.3,3.7,7.0,.161,,3.0,1.1,4.2,3.2,2012
354,Mickaël Piétrus,SG,29,BOS,42,921,8.5,.509,.674,.115,2.4,13.7,8.3,4.4,1.2,0.8,10.4,16.5,,-0.2,1.4,1.2,.063,,-2.1,0.3,-1.8,0.0,2012
356,Quincy Pondexter,SF,23,MEM,64,1002,9.4,.517,.305,.222,6.3,8.5,7.3,4.1,1.4,0.4,10.3,13.2,,0.9,0.9,1.7,.082,,-1.9,-0.1,-2.0,0.0,2012
357,A.J. Price,PG,25,IND,44,568,11.5,.454,.506,.201,2.6,9.4,6.0,23.9,1.9,0.3,14.5,17.7,,0.2,0.5,0.7,.063,,-0.6,-0.5,-1.0,0.1,2012
359,Tayshaun Prince,SF,31,DET,63,2087,12.8,.470,.130,.144,4.0,12.4,8.0,13.2,0.7,1.2,8.0,20.4,,1.2,0.9,2.1,.048,,0.0,-1.5,-1.5,0.3,2012
361,Vladimir Radmanović,SF,31,ATL,49,755,11.7,.524,.685,.147,5.3,16.8,11.1,10.9,1.5,1.5,14.3,15.2,,0.5,1.1,1.6,.103,,-0.4,0.6,0.2,0.4,2012
364,Michael Redd,SG,32,PHO,51,770,13.9,.511,.367,.308,2.1,9.1,5.6,7.1,0.9,0.0,8.3,26.3,,0.6,0.2,0.8,.052,,-0.2,-2.4,-2.6,-0.1,2012
365,J.J. Redick,SG,27,ORL,65,1765,15.1,.575,.459,.269,1.2,8.8,4.9,16.2,0.8,0.3,9.4,19.2,,4.2,1.0,5.2,.142,,1.6,-0.6,1.0,1.3,2012
367,Jason Richardson,SG,31,ORL,54,1591,13.3,.502,.465,.116,2.6,11.6,7.0,12.0,1.8,1.1,8.7,20.2,,1.2,1.6,2.8,.084,,0.3,0.4,0.7,1.1,2012
368,Quentin Richardson,SF,31,ORL,48,866,8.7,.511,.614,.152,2.0,14.6,8.2,7.0,1.7,0.5,12.1,13.0,,0.4,0.9,1.3,.070,,-2.5,1.0,-1.6,0.1,2012
369,Luke Ridnour,SG,30,MIN,53,1750,13.6,.530,.276,.216,1.2,7.8,4.5,24.0,1.6,0.7,13.7,17.8,,2.4,0.9,3.3,.090,,-0.6,0.2,-0.5,0.7,2012
370,Nate Robinson,PG,27,GSW,51,1192,18.0,.534,.374,.233,1.4,8.1,4.8,31.8,2.6,0.1,12.3,23.6,,2.4,0.4,2.8,.111,,1.5,-1.1,0.4,0.7,2012
371,Rajon Rondo,PG,25,BOS,53,1957,17.5,.483,.073,.316,3.9,11.2,7.7,52.5,2.6,0.1,22.8,20.7,,1.5,3.4,4.9,.121,,1.5,0.6,2.2,2.1,2012
374,Brandon Rush,SF,26,GSW,65,1717,15.2,.628,.467,.175,2.2,14.4,8.3,7.9,1.1,2.6,11.9,15.4,,2.9,0.6,3.5,.099,,2.1,-0.4,1.7,1.6,2012
376,John Salmons,SF,32,SAC,46,1250,9.0,.471,.325,.130,1.7,10.5,5.9,11.1,1.5,0.4,11.0,14.2,,0.3,0.1,0.4,.014,,-2.7,-0.7,-3.4,-0.5,2012
377,Samardo Samuels,C,23,CLE,54,825,11.1,.517,.000,.506,8.4,16.8,12.4,4.2,1.3,1.8,16.5,18.4,,0.2,0.5,0.7,.039,,-4.0,-1.3,-5.3,-0.7,2012
378,Larry Sanders,PF,23,MIL,52,643,13.3,.463,.011,.207,10.3,17.3,13.7,7.8,2.5,8.9,17.6,16.7,,-0.3,1.2,1.0,.072,,-5.0,3.1,-1.9,0.0,2012
380,Luis Scola,PF,31,HOU,66,2067,15.4,.526,.003,.223,6.8,17.3,12.0,12.0,0.9,0.9,13.6,24.8,,1.8,1.6,3.4,.080,,-1.0,-0.9,-1.9,0.0,2012
381,Thabo Sefolosha,SG,27,OKC,42,914,9.8,.584,.458,.277,2.8,12.5,8.0,7.4,2.1,1.4,18.7,10.6,,0.8,1.0,1.8,.095,,-1.3,1.7,0.4,0.6,2012
383,Kevin Séraphin,C,22,WAS,57,1176,15.8,.549,.003,.183,9.8,17.1,13.4,4.8,0.8,5.0,13.8,18.2,,1.2,1.1,2.3,.094,,-1.4,-0.3,-1.7,0.1,2012
384,Ramon Sessions,PG,25,TOT,64,1707,16.7,.535,.172,.439,2.2,12.0,7.1,35.5,1.4,0.1,17.3,21.6,,2.9,0.8,3.7,.104,,1.0,-1.4,-0.4,0.7,2012
385,Iman Shumpert,PG,21,NYK,59,1705,10.8,.484,.294,.204,2.8,9.9,6.3,15.6,3.1,0.4,16.0,18.2,,-0.1,2.5,2.4,.068,,-3.0,1.6,-1.4,0.2,2012
388,Chris Singleton,SF,22,WAS,66,1431,8.3,.462,.407,.141,3.4,15.1,9.2,5.0,2.5,1.6,10.3,11.5,,0.1,1.5,1.5,.052,,-3.5,1.2,-2.2,-0.1,2012
392,Craig Smith,PF,28,POR,47,464,13.6,.556,.009,.453,8.1,19.8,13.8,6.6,1.8,0.8,14.6,16.2,,0.6,0.4,1.0,.105,,-1.8,0.3,-1.5,0.1,2012
398,Josh Smith,PF,26,ATL,66,2329,21.1,.499,.099,.292,6.9,24.8,15.9,20.6,2.1,3.8,11.7,28.4,,1.9,4.9,6.8,.139,,1.7,2.1,3.8,3.3,2012
399,Nolan Smith,PG,23,POR,44,541,7.8,.434,.250,.156,3.6,8.6,6.0,18.2,1.8,0.4,17.9,19.8,,-0.6,0.3,-0.3,-0.029,,-4.2,-1.3,-5.5,-0.5,2012
400,Marreese Speights,PF,24,MEM,60,1345,14.1,.491,.006,.223,11.3,21.4,16.2,6.0,0.8,1.8,12.1,20.5,,0.9,1.7,2.7,.096,,-1.8,-1.2,-3.0,-0.4,2012
401,Tiago Splitter,C,27,SAS,59,1121,20.5,.649,.000,.528,9.7,21.4,15.7,9.2,1.0,3.0,17.1,20.7,,3.0,1.6,4.6,.197,,0.9,1.1,2.0,1.1,2012
403,Lance Stephenson,SG,21,IND,42,442,7.0,.400,.240,.136,3.1,10.4,6.7,16.5,2.5,0.9,21.4,17.3,,-0.8,0.5,-0.3,-0.031,,-4.3,0.6,-3.7,-0.2,2012
404,DeShawn Stevenson,SF,30,NJN,51,960,4.3,.413,.843,.093,0.8,11.7,6.1,6.5,1.1,0.3,9.6,9.4,,-0.3,0.1,-0.3,-0.014,,-3.9,-0.6,-4.4,-0.6,2012
405,Greg Stiemsma,C,26,BOS,55,766,13.6,.579,.000,.339,7.7,19.0,13.6,5.6,2.6,8.5,19.2,10.8,,0.6,2.2,2.7,.170,,-4.0,5.5,1.4,0.7,2012
407,Amar'e Stoudemire,PF,29,NYK,47,1543,17.7,.541,.032,.372,7.9,19.8,13.7,6.3,1.3,2.3,12.8,25.4,,1.8,2.3,4.1,.128,,0.1,-0.4,-0.3,0.7,2012
408,Rodney Stuckey,SG,25,DET,55,1644,17.6,.550,.174,.536,2.7,7.8,5.2,22.7,1.4,0.5,12.6,23.7,,3.8,0.7,4.5,.131,,1.7,-1.0,0.6,1.1,2012
410,Jeff Teague,PG,23,ATL,66,2183,15.8,.551,.222,.275,1.1,7.4,4.3,24.3,2.6,1.3,15.1,19.1,,3.0,3.0,6.0,.131,,0.0,1.3,1.3,1.8,2012
411,Sebastian Telfair,PG,26,PHO,60,895,13.2,.495,.307,.196,2.5,8.9,5.7,24.5,2.4,1.0,15.5,22.3,,0.4,0.7,1.1,.058,,-1.7,0.4,-1.3,0.1,2012
412,Jason Terry,SG,34,DAL,63,2000,15.7,.540,.440,.134,0.9,7.4,4.2,19.9,1.9,0.4,12.6,23.3,,2.0,1.8,3.8,.092,,1.7,-0.3,1.4,1.7,2012
414,Isaiah Thomas,PG,22,SAC,65,1656,17.6,.574,.384,.324,3.0,8.4,5.6,25.6,1.6,0.4,13.9,19.8,,4.2,0.0,4.3,.124,,2.4,-1.6,0.8,1.2,2012
415,Kurt Thomas,C,39,POR,53,803,9.5,.483,.000,.127,5.5,22.1,13.7,8.7,1.6,3.0,15.8,11.2,,0.2,0.9,1.1,.067,,-4.0,2.1,-1.9,0.0,2012
416,Lance Thomas,PF,23,NOH,42,630,10.1,.541,.008,.492,9.4,14.3,11.9,3.0,0.9,0.9,13.5,13.3,,0.7,0.4,1.2,.088,,-3.3,-1.0,-4.3,-0.4,2012
418,Tyrus Thomas,PF,25,CHA,54,1013,9.0,.418,.009,.254,5.4,17.7,11.3,6.0,1.9,4.4,12.7,19.0,,-1.5,0.8,-0.6,-0.029,,-5.9,-0.1,-6.0,-1.0,2012
420,Jason Thompson,PF,25,SAC,64,1657,16.4,.558,.005,.409,10.5,19.3,14.7,7.5,1.3,1.9,11.5,15.5,,3.1,0.8,3.9,.114,,0.2,-1.1,-0.9,0.5,2012
421,Klay Thompson,SG,21,GSW,66,1608,14.9,.545,.373,.127,1.7,9.6,5.7,14.2,1.6,1.0,12.0,24.7,,1.4,0.3,1.7,.050,,0.3,-1.7,-1.4,0.2,2012
423,Tristan Thompson,PF,20,CLE,60,1424,13.3,.469,.005,.434,14.4,16.8,15.5,3.3,1.0,3.3,13.3,19.2,,0.3,0.9,1.1,.038,,-2.4,-2.3,-4.7,-1.0,2012
424,Marcus Thornton,SG,24,SAC,51,1780,17.4,.544,.386,.203,4.9,6.7,5.8,9.4,2.0,0.5,8.8,23.4,,3.7,0.1,3.8,.103,,2.4,-1.4,1.1,1.4,2012
426,Anthony Tolliver,SF,26,MIN,51,882,8.3,.504,.555,.302,6.2,13.0,9.6,3.8,1.0,1.5,14.5,12.2,,0.3,0.6,0.9,.049,,-2.8,0.1,-2.6,-0.2,2012
428,Hedo Türkoğlu,SF,32,ORL,53,1653,11.7,.528,.512,.188,1.7,12.4,7.0,24.1,1.5,0.8,20.6,19.5,,0.6,1.5,2.1,.060,,-1.0,0.1,-0.9,0.5,2012
429,Evan Turner,SF,23,PHI,65,1713,12.6,.478,.083,.183,1.7,22.8,12.2,16.9,1.2,0.9,14.1,20.3,,-0.6,3.0,2.4,.068,,-2.2,1.0,-1.3,0.3,2012
430,Jeremy Tyler,C,20,GSW,42,568,10.4,.442,.005,.249,10.8,17.1,14.0,4.5,1.5,2.7,13.4,21.8,,-0.5,0.4,-0.2,-0.014,,-5.5,-2.3,-7.8,-0.8,2012
432,Ekpe Udoh,C,24,TOT,61,1290,12.5,.493,.007,.386,8.6,13.5,11.0,6.4,1.6,6.0,13.3,14.0,,0.9,1.2,2.1,.077,,-2.9,1.3,-1.5,0.2,2012
433,Beno Udrih,SG,29,MIL,59,1080,13.1,.488,.178,.166,2.6,8.0,5.2,32.2,1.8,0.1,17.8,17.7,,0.8,0.6,1.4,.061,,-0.9,-1.2,-2.1,0.0,2012
436,Greivis Vásquez,PG,25,NOH,66,1706,14.2,.513,.258,.224,1.6,10.3,6.0,35.7,1.9,0.4,20.5,20.0,,1.0,1.3,2.3,.064,,-0.2,-0.9,-1.1,0.4,2012
437,Jan Veselý,PF,21,WAS,57,1078,11.5,.544,.005,.284,10.5,15.6,13.0,6.7,1.9,2.3,19.7,12.7,,0.7,1.0,1.7,.076,,-3.0,0.4,-2.6,-0.2,2012
439,Nikola Vučević,C,21,PHI,51,812,14.3,.462,.027,.117,12.0,21.7,16.8,6.2,1.3,3.1,9.7,19.6,,0.2,1.6,1.8,.109,,-2.5,0.3,-2.2,0.0,2012
440,Dwyane Wade,SG,30,MIA,49,1625,26.3,.559,.067,.355,5.6,11.6,8.7,27.3,2.7,3.1,11.8,31.3,,4.8,2.9,7.7,.227,,6.0,1.9,7.9,4.0,2012
443,Kemba Walker,PG,21,CHA,66,1792,14.9,.464,.295,.278,1.9,13.5,7.5,30.2,1.8,0.8,12.1,25.2,,-0.2,0.5,0.3,.009,,0.7,-1.4,-0.8,0.6,2012
444,John Wall,PG,21,WAS,66,2386,17.7,.502,.047,.450,2.2,12.0,7.1,36.9,2.1,1.8,19.2,24.9,,1.7,1.9,3.5,.071,,1.3,-0.6,0.7,1.6,2012
445,Ben Wallace*,C,37,DET,62,980,10.7,.398,.047,.547,9.6,23.7,16.4,6.4,2.6,4.1,24.2,6.6,,-0.1,1.6,1.4,.070,,-1.8,2.4,0.6,0.7,2012
446,Gerald Wallace,SF,29,TOT,58,2076,15.9,.547,.237,.356,4.8,17.2,10.8,13.2,2.2,1.3,13.2,18.6,,3.0,1.8,4.8,.112,,0.4,0.7,1.0,1.6,2012
450,C.J. Watson,PG,27,CHI,49,1159,13.3,.491,.396,.238,2.1,7.9,5.1,27.2,2.1,0.5,16.7,22.8,,0.8,1.8,2.6,.109,,-0.5,0.2,-0.3,0.5,2012
451,Earl Watson,PG,32,UTA,50,1033,9.5,.413,.325,.288,3.3,10.2,6.7,28.9,2.7,1.7,32.0,11.5,,-0.6,0.9,0.4,.018,,-2.6,1.2,-1.4,0.2,2012
452,Martell Webster,SF,25,MIN,47,1140,10.0,.533,.401,.265,4.1,12.3,8.2,5.5,1.4,1.1,13.2,13.6,,0.8,0.7,1.5,.064,,-1.9,0.2,-1.6,0.1,2012
453,David West,PF,31,IND,66,1925,17.8,.531,.013,.246,6.9,18.3,12.6,13.1,1.4,1.9,10.5,20.9,,3.4,2.5,5.9,.147,,1.4,0.4,1.8,1.8,2012
454,Delonte West,PG,28,DAL,44,1060,15.3,.539,.211,.194,1.4,9.3,5.4,22.2,2.9,0.8,16.3,20.4,,0.8,1.4,2.2,.098,,-0.6,1.6,1.0,0.8,2012
455,Russell Westbrook,PG,23,OKC,66,2331,22.9,.538,.155,.326,5.0,9.4,7.4,29.8,2.5,0.7,14.2,32.7,,5.5,2.4,7.9,.163,,3.7,-0.7,3.0,3.0,2012
456,D.J. White,PF,25,CHA,58,1098,12.4,.516,.003,.173,5.0,17.2,10.9,8.1,0.8,1.6,10.2,17.8,,0.5,0.3,0.8,.034,,-2.3,-1.5,-3.8,-0.5,2012
459,Damien Wilkins,SF,32,DET,60,922,6.9,.445,.119,.280,2.8,10.4,6.5,7.5,1.7,1.1,12.2,12.4,,-0.2,0.6,0.4,.019,,-4.2,0.2,-4.0,-0.5,2012
460,Deron Williams,PG,27,NJN,55,1999,20.3,.527,.356,.317,1.3,9.6,5.3,46.6,1.8,0.8,16.7,30.1,,3.7,0.4,4.1,.099,,4.2,-1.9,2.3,2.2,2012
461,Derrick Williams,PF,20,MIN,66,1418,12.9,.499,.277,.392,6.0,18.4,12.2,4.5,1.1,1.6,11.7,20.7,,0.6,1.2,1.8,.059,,-1.4,-0.7,-2.1,0.0,2012
463,Jordan Williams,C,21,NJN,43,635,14.5,.544,.000,.434,11.7,16.9,14.3,2.9,1.8,1.8,11.3,14.7,,1.0,0.4,1.3,.101,,-0.9,-1.2,-2.1,0.0,2012
464,Lou Williams,PG,25,PHI,64,1682,20.2,.525,.293,.373,2.0,8.3,5.1,22.4,1.7,0.8,7.2,27.4,,3.9,2.2,6.1,.174,,3.7,0.2,4.0,2.5,2012
465,Marvin Williams,SF,25,ATL,57,1500,15.8,.542,.317,.311,6.0,16.9,11.5,7.7,1.7,0.9,6.8,18.0,,2.7,2.1,4.9,.156,,1.1,0.2,1.3,1.2,2012
466,Mo Williams,SG,29,LAC,52,1472,15.0,.530,.391,.131,1.8,6.2,4.0,18.5,1.9,0.4,11.7,22.9,,2.2,0.7,2.8,.093,,1.4,-1.2,0.2,0.8,2012
470,Shelden Williams,C,28,NJN,58,1276,11.9,.543,.000,.517,12.5,19.6,15.9,4.3,2.0,2.3,21.1,11.2,,1.1,1.0,2.1,.078,,-2.7,-0.6,-3.3,-0.4,2012
472,Metta World Peace,SF,32,LAL,64,1720,11.0,.478,.406,.247,4.8,9.1,7.1,12.5,2.1,1.1,11.8,15.6,,0.9,1.7,2.6,.073,,-1.6,1.0,-0.7,0.6,2012
473,Brandan Wright,C,24,DAL,49,791,21.6,.632,.004,.352,8.9,15.8,12.4,2.9,1.5,6.4,7.2,17.0,,2.2,1.3,3.5,.215,,1.9,1.8,3.7,1.1,2012
475,Dorell Wright,SF,26,GSW,61,1650,15.0,.553,.555,.186,4.1,14.9,9.6,8.8,1.8,1.2,8.2,17.3,,2.6,0.8,3.4,.099,,1.6,-0.7,0.9,1.2,2012
476,Nick Young,SG,26,TOT,62,1729,12.9,.512,.360,.216,2.0,6.8,4.4,5.7,1.3,0.8,8.8,24.5,,1.4,0.6,1.9,.053,,-0.3,-2.1,-2.4,-0.2,2012
478,Thaddeus Young,PF,23,PHI,63,1755,18.9,.538,.006,.210,8.6,12.0,10.3,7.3,2.0,1.8,6.8,21.5,,3.4,2.9,6.3,.171,,1.4,0.6,2.0,1.8,2012
