Rk,Player,Pos,Age,Tm,G,MP,PER,TS%,3PAr,FTr,ORB%,DRB%,TRB%,AST%,STL%,BLK%,TOV%,USG%,Unnamed: 19,OWS,DWS,WS,WS/48,Unnamed: 24,OBPM,DBPM,BPM,VORP,Year
1,Tariq Abdul-Wahad,SG,25,TOT,61,1578,13.6,.477,.036,.299,7.0,13.1,10.0,10.0,1.8,1.2,12.7,22.5,,0.4,1.8,2.2,.068,,-1.2,-0.1,-1.2,0.3,2000
2,Shareef Abdur-Rahim,SF,23,VAN,82,3223,20.2,.547,.075,.431,8.0,22.7,15.3,15.5,1.5,1.9,14.1,25.0,,6.2,2.6,8.8,.132,,2.6,-0.4,2.2,3.4,2000
4,Ray Allen*,SG,24,MIL,82,3070,20.6,.570,.288,.282,3.2,10.5,6.8,17.0,1.9,0.5,10.3,25.6,,9.0,1.0,10.1,.157,,4.7,-1.1,3.6,4.3,2000
6,John Amaechi,C,29,ORL,80,1684,13.2,.505,.009,.416,4.0,13.2,8.6,9.1,1.0,1.5,14.4,24.1,,0.6,1.8,2.4,.067,,-1.8,-0.8,-2.5,-0.2,2000
7,Derek Anderson,SG,25,LAC,64,2201,16.9,.542,.207,.359,3.9,9.3,6.5,17.9,2.1,0.3,14.4,23.4,,3.1,0.3,3.3,.073,,1.2,-1.2,-0.1,1.1,2000
8,Kenny Anderson,PG,29,BOS,82,2593,17.4,.524,.223,.257,2.3,7.9,4.9,26.7,2.7,0.2,10.6,20.5,,5.4,1.9,7.3,.136,,1.7,0.1,1.8,2.5,2000
9,Nick Anderson,SG,32,SAC,72,2094,11.8,.479,.508,.097,4.1,12.8,8.4,8.6,2.2,0.5,10.4,18.1,,0.3,2.5,2.8,.064,,-0.6,0.3,-0.3,0.9,2000
10,Shandon Anderson,SF,26,HOU,82,2700,13.8,.567,.289,.325,3.9,11.9,8.0,14.3,1.8,0.8,17.9,17.6,,3.0,1.9,4.9,.087,,-0.3,-0.2,-0.5,1.1,2000
11,Chris Anstey,C,25,CHI,73,1007,15.1,.512,.016,.404,10.3,22.5,16.3,13.2,1.5,1.8,15.7,23.1,,0.6,1.3,1.9,.090,,-2.1,-0.1,-2.3,-0.1,2000
12,Greg Anthony,PG,32,POR,82,1548,13.0,.551,.560,.274,1.4,8.4,5.1,20.5,2.0,0.4,15.4,16.4,,2.3,1.8,4.1,.128,,0.4,0.8,1.2,1.2,2000
14,Darrell Armstrong,PG,31,ORL,82,2590,19.5,.542,.360,.221,2.7,8.6,5.7,31.4,3.2,0.2,16.8,23.9,,4.6,3.4,8.0,.149,,3.6,0.9,4.5,4.3,2000
15,Chucky Atkins,PG,25,ORL,82,1626,14.4,.489,.220,.179,1.3,7.1,4.2,30.9,1.6,0.1,15.1,24.3,,1.1,1.3,2.4,.072,,0.6,-1.4,-0.8,0.5,2000
16,Stacey Augmon,SG,31,POR,59,692,12.2,.510,.011,.314,7.5,12.0,9.9,11.9,2.1,1.2,16.0,15.8,,0.5,1.0,1.5,.102,,-1.5,1.0,-0.5,0.3,2000
17,Isaac Austin,C,30,WAS,59,1173,10.2,.481,.011,.389,6.2,21.7,13.8,10.0,0.8,2.3,20.6,19.6,,-0.9,0.9,0.0,.001,,-3.1,-0.1,-3.2,-0.4,2000
18,Anthony Avent,PF,30,LAC,49,377,5.5,.368,.000,.333,6.6,15.6,10.9,4.5,2.2,2.7,17.9,15.8,,-0.7,0.2,-0.5,-0.065,,-6.9,-0.5,-7.4,-0.5,2000
19,William Avery,PG,20,MIN,59,484,6.7,.391,.348,.199,1.9,7.8,4.8,26.2,1.5,0.3,17.6,22.3,,-0.8,0.3,-0.5,-0.046,,-4.3,-2.0,-6.3,-0.5,2000
20,Toby Bailey,SG,24,PHO,46,449,10.8,.483,.071,.464,6.6,11.2,8.9,10.3,1.5,0.6,12.5,18.9,,0.2,0.6,0.8,.088,,-3.0,-0.1,-3.1,-0.1,2000
21,Vin Baker,C,28,SEA,79,2849,14.0,.500,.007,.365,8.6,14.7,11.6,8.6,0.8,1.6,14.0,23.6,,1.2,2.2,3.5,.059,,-1.6,-1.5,-3.0,-0.7,2000
23,Dana Barros,PG,32,BOS,72,1139,15.1,.552,.331,.175,1.2,9.1,5.0,19.4,1.4,0.3,12.3,20.4,,2.0,0.5,2.4,.103,,1.7,-1.4,0.3,0.7,2000
24,Brent Barry,SG,28,SEA,80,2726,14.6,.609,.564,.222,2.0,13.1,7.5,16.0,1.9,0.8,15.5,14.9,,4.9,2.5,7.5,.131,,1.0,0.9,1.8,2.6,2000
26,Jon Barry,SG,30,SAC,62,1281,15.9,.623,.445,.335,3.1,9.9,6.5,16.7,2.8,0.4,17.6,15.7,,2.6,1.6,4.2,.157,,0.8,2.0,2.8,1.5,2000
27,Tony Battie,C,23,BOS,82,1505,15.1,.515,.017,.329,10.9,20.6,15.5,6.7,1.6,3.5,11.3,17.1,,2.0,1.7,3.8,.120,,-1.3,-0.1,-1.4,0.2,2000
30,Corey Benjamin,SG,21,CHI,48,862,9.7,.479,.254,.234,2.8,9.3,6.0,13.1,1.9,1.9,16.1,24.4,,-1.0,0.7,-0.2,-0.013,,-3.1,-0.7,-3.9,-0.4,2000
32,Travis Best,PG,27,IND,82,1691,16.5,.569,.166,.339,1.1,8.1,4.7,26.3,2.3,0.2,14.2,20.2,,3.5,1.6,5.1,.145,,0.0,0.7,0.7,1.2,2000
33,Mike Bibby,PG,21,VAN,82,3155,16.7,.521,.206,.242,2.8,8.9,5.8,36.2,2.2,0.3,17.8,20.0,,4.5,1.1,5.6,.086,,1.9,-1.3,0.6,2.1,2000
35,Mookie Blaylock,PG,32,GSW,73,2459,15.1,.468,.360,.114,2.2,9.8,5.8,31.8,3.0,0.6,14.0,17.5,,1.9,1.4,3.3,.065,,0.7,0.2,0.9,1.8,2000
37,Muggsy Bogues,PG,35,TOR,80,1731,12.5,.517,.142,.243,1.6,7.4,4.4,26.0,1.9,0.2,13.0,11.6,,2.7,0.9,3.7,.102,,-1.5,-0.1,-1.6,0.2,2000
41,Cal Bowdler,SF,22,ATL,46,423,10.0,.463,.009,.330,5.7,16.3,11.0,5.2,1.7,1.4,13.8,16.0,,-0.1,0.3,0.2,.027,,-3.4,-0.3,-3.7,-0.2,2000
42,Bruce Bowen,SF,28,TOT,69,878,6.7,.460,.299,.222,3.5,8.7,6.2,5.8,1.4,1.2,8.2,12.1,,0.2,0.9,1.2,.064,,-3.1,0.8,-2.4,-0.1,2000
43,Ryan Bowen,SF,24,DEN,52,589,11.8,.467,.077,.453,13.7,7.3,10.5,4.9,3.4,1.5,9.1,11.4,,0.8,0.6,1.4,.111,,-1.7,1.5,-0.2,0.3,2000
46,Shawn Bradley,C,27,DAL,77,1901,17.0,.521,.009,.268,9.1,18.9,14.0,4.7,1.9,6.8,10.7,16.1,,2.3,2.7,5.1,.128,,-1.0,1.9,0.8,1.4,2000
48,Elton Brand,PF,20,CHI,81,2999,20.6,.528,.002,.410,13.3,18.4,15.8,11.8,1.2,3.3,12.9,27.0,,4.2,3.3,7.5,.121,,2.2,-0.9,1.3,2.5,2000
49,Terrell Brandon,PG,29,MIN,71,2587,20.8,.535,.127,.200,2.0,8.8,5.4,39.1,2.7,0.8,14.0,23.0,,5.8,2.8,8.6,.159,,3.9,0.3,4.3,4.1,2000
50,Chucky Brown,PF,31,TOT,63,1096,9.5,.476,.030,.159,3.7,13.2,8.6,9.9,0.9,1.1,11.4,16.5,,0.0,1.3,1.3,.059,,-3.1,0.1,-3.0,-0.3,2000
53,P.J. Brown,PF,30,MIA,80,2302,15.3,.516,.001,.237,11.4,18.4,15.1,10.3,1.5,1.9,11.9,17.1,,3.3,3.6,6.9,.143,,-0.3,0.6,0.3,1.4,2000
54,Randy Brown,PG,31,CHI,59,1625,7.3,.402,.014,.193,1.6,8.9,5.2,22.6,2.0,0.7,18.2,16.2,,-2.0,1.2,-0.8,-0.024,,-4.6,-0.2,-4.8,-1.2,2000
56,Kobe Bryant*,SG,21,LAL,66,2524,21.7,.546,.122,.341,4.6,12.9,8.8,22.4,2.2,1.7,11.8,26.8,,6.1,4.5,10.6,.202,,3.5,1.6,5.1,4.5,2000
57,Mark Bryant,PF,34,CLE,75,1712,8.9,.547,.000,.272,8.1,14.9,11.5,5.5,0.9,1.3,18.3,12.0,,1.0,1.4,2.4,.067,,-3.4,-0.2,-3.5,-0.7,2000
58,Greg Buckner,SG,23,DAL,48,923,12.1,.527,.112,.270,6.6,13.7,10.1,8.6,2.1,1.5,12.1,14.2,,1.0,0.8,1.8,.094,,-2.2,0.7,-1.5,0.1,2000
59,Jud Buechler,SF,31,DET,58,657,8.2,.409,.532,.045,5.3,10.7,8.0,7.3,1.9,1.8,7.6,11.5,,0.0,0.5,0.5,.037,,-1.2,0.5,-0.7,0.2,2000
61,Matt Bullard,PF,32,HOU,56,1024,11.9,.541,.521,.088,1.5,13.4,7.6,9.9,0.9,0.8,9.2,16.7,,1.3,0.6,1.8,.087,,0.3,-0.6,-0.3,0.4,2000
62,Scott Burrell,SF,29,NJN,74,1336,14.2,.511,.554,.119,5.2,16.5,10.6,8.6,2.6,2.3,7.9,16.0,,1.7,1.5,3.2,.115,,0.2,0.9,1.1,1.0,2000
63,Jason Caffey,PF,26,GSW,71,2159,12.4,.515,.003,.511,8.7,15.2,11.7,9.1,1.4,0.7,17.1,19.4,,0.7,0.9,1.6,.035,,-2.3,-1.7,-4.0,-1.1,2000
65,Marcus Camby,C,25,NYK,59,1548,19.0,.529,.004,.469,13.7,21.3,17.7,5.4,1.5,5.7,11.2,19.6,,2.6,3.2,5.9,.182,,0.5,1.9,2.3,1.7,2000
66,Elden Campbell,C,31,CHH,78,2538,14.6,.500,.007,.432,7.6,18.3,13.1,8.5,1.1,4.1,11.4,19.7,,1.7,3.9,5.5,.105,,-1.5,0.6,-0.9,0.7,2000
68,Chris Carr,SF-SG,25,TOT,57,1166,10.8,.482,.204,.252,4.0,13.4,8.6,15.0,1.4,0.9,17.5,26.1,,-1.2,0.9,-0.3,-0.012,,-2.2,-1.5,-3.8,-0.5,2000
69,Anthony Carter,PG,24,MIA,79,1859,11.0,.442,.045,.244,3.1,9.0,6.2,31.7,2.7,0.2,23.5,18.5,,-1.0,2.4,1.4,.036,,-3.0,0.2,-2.7,-0.4,2000
70,Vince Carter,SF,23,TOR,82,3126,23.4,.543,.139,.325,5.2,12.1,8.5,20.5,1.8,2.1,8.4,30.0,,9.1,2.7,11.8,.182,,5.6,-0.1,5.5,5.9,2000
71,Sam Cassell,PG,30,MIL,81,2899,21.1,.551,.077,.380,2.8,9.3,6.1,41.1,1.8,0.2,16.4,25.0,,8.4,0.8,9.2,.152,,3.6,-1.4,2.2,3.1,2000
72,Kelvin Cato,C,25,HOU,65,1581,15.9,.574,.010,.517,7.4,19.9,13.8,2.7,1.1,5.1,12.6,15.7,,2.3,2.0,4.2,.128,,-1.2,0.9,-0.2,0.7,2000
74,Cedric Ceballos,SF,30,DAL,69,2064,18.1,.516,.134,.248,9.0,15.0,12.0,7.4,1.4,0.8,10.1,26.4,,2.7,1.3,4.0,.094,,1.2,-2.2,-1.0,0.5,2000
76,Rex Chapman,SG,32,PHO,53,957,9.4,.491,.384,.244,1.2,8.0,4.7,9.9,1.2,0.1,9.7,18.1,,0.4,1.0,1.4,.072,,-2.0,-0.2,-2.2,-0.1,2000
77,Calbert Cheaney,SG,28,BOS,67,1309,6.7,.473,.198,.077,1.9,10.6,6.0,9.0,1.7,0.8,14.0,10.9,,0.0,0.8,0.8,.029,,-3.8,0.1,-3.7,-0.6,2000
78,Pete Chilcutt,PF,31,TOT,56,601,8.9,.460,.205,.063,8.7,16.5,12.5,6.9,1.3,1.2,13.3,11.3,,0.2,0.4,0.6,.046,,-2.7,-0.8,-3.5,-0.2,2000
79,Chris Childs,PG,32,NYK,71,1675,8.6,.491,.291,.165,1.2,8.9,5.2,26.4,1.2,0.2,21.5,13.8,,0.4,1.7,2.1,.061,,-2.9,0.5,-2.4,-0.2,2000
80,Doug Christie,SG,29,TOR,73,2264,15.8,.526,.360,.283,3.0,11.4,7.0,23.0,2.3,1.3,14.4,19.6,,3.0,2.0,5.1,.108,,1.1,0.2,1.4,1.9,2000
81,Keon Clark,C,24,DEN,81,1850,15.9,.573,.015,.333,9.5,20.4,14.9,6.2,1.2,4.2,17.1,17.2,,2.0,2.2,4.2,.109,,-1.0,0.8,-0.2,0.8,2000
82,Keith Closs,C,23,LAC,57,820,14.1,.514,.015,.396,8.5,16.0,12.2,5.0,0.8,6.0,12.8,14.4,,0.6,0.5,1.1,.062,,-1.9,-0.1,-2.0,0.0,2000
83,Derrick Coleman,PF,32,CHH,74,2347,18.9,.541,.144,.385,6.1,23.8,15.1,13.5,0.7,3.8,13.1,25.2,,2.7,3.8,6.5,.133,,1.2,0.5,1.6,2.2,2000
84,Bimbo Coles,PG,31,ATL,80,1924,12.9,.494,.064,.171,1.7,8.1,4.9,24.6,1.6,0.4,13.6,17.4,,1.8,0.5,2.3,.058,,-1.6,-0.6,-2.2,-0.1,2000
86,Tyrone Corbin,SF,37,SAC,54,941,7.9,.415,.178,.158,4.4,13.9,9.1,8.7,1.8,0.3,9.9,13.0,,-0.1,1.1,0.9,.048,,-3.6,0.9,-2.7,-0.2,2000
87,Chris Crawford,PF,24,ATL,55,668,11.9,.476,.118,.354,8.4,7.9,8.1,8.0,1.3,1.6,12.3,20.0,,0.4,0.2,0.6,.043,,-1.9,-1.3,-3.2,-0.2,2000
88,Austin Croshere,PF,24,IND,81,1885,16.7,.553,.266,.354,8.3,21.8,15.3,7.6,1.2,2.1,13.8,21.1,,2.8,2.6,5.4,.138,,0.7,0.0,0.7,1.3,2000
89,John Crotty,PG,30,DET,69,937,12.5,.557,.319,.371,2.1,7.2,4.6,20.9,1.4,0.4,15.6,16.2,,1.5,0.4,1.9,.099,,-0.2,-0.8,-0.9,0.2,2000
91,Vonteego Cummings,PG,23,GSW,75,1793,12.9,.484,.231,.258,3.1,7.9,5.4,22.6,2.6,0.5,15.3,20.2,,0.7,0.7,1.3,.036,,-1.2,-0.5,-1.7,0.2,2000
93,Dell Curry,SG,35,TOR,67,1095,14.9,.542,.533,.070,1.1,9.4,5.1,14.1,1.5,0.6,7.9,20.5,,1.6,0.6,2.2,.098,,1.9,-1.1,0.8,0.8,2000
94,Michael Curry,SG,31,DET,82,1611,8.6,.559,.013,.443,1.5,6.0,3.7,8.3,1.0,0.2,13.9,14.3,,1.6,0.5,2.0,.060,,-3.2,-0.8,-4.0,-0.8,2000
96,Antonio Daniels,SG,24,SAS,68,1195,15.2,.541,.192,.294,1.6,6.4,4.1,24.4,2.4,0.3,13.0,17.2,,1.9,1.7,3.6,.144,,0.3,1.2,1.5,1.0,2000
98,Antonio Davis,C,31,TOR,79,2479,15.1,.520,.000,.521,10.3,21.5,15.7,6.7,0.8,2.8,12.1,17.8,,3.5,2.6,6.1,.118,,-1.0,-1.0,-2.0,0.0,2000
99,Baron Davis,PG,20,CHH,82,1523,12.9,.486,.256,.353,3.6,8.4,6.1,32.6,3.3,0.9,21.9,18.9,,-0.1,2.2,2.1,.065,,-2.0,1.2,-0.8,0.5,2000
101,Dale Davis,C,30,IND,74,2127,17.4,.537,.000,.337,14.0,24.0,19.2,4.8,1.3,2.9,11.6,16.7,,3.8,3.3,7.1,.161,,0.7,0.1,0.8,1.5,2000
102,Emanual Davis,PG,31,SEA,54,701,10.2,.458,.468,.173,2.3,13.4,7.8,14.9,2.8,0.5,15.7,17.7,,-0.3,0.8,0.5,.037,,-3.0,1.2,-1.9,0.0,2000
103,Hubert Davis,PG,29,DAL,79,1817,10.8,.585,.360,.166,1.0,6.9,4.0,11.2,0.7,0.1,12.3,13.8,,2.5,0.0,2.5,.067,,-0.4,-1.6,-2.0,0.0,2000
105,Ricky Davis,SG,20,CHH,48,570,15.3,.542,.021,.273,5.9,10.4,8.2,18.9,2.7,1.0,18.0,20.1,,0.3,0.8,1.1,.092,,-0.6,0.3,-0.3,0.2,2000
106,Todd Day,SG,30,PHO,58,941,13.2,.524,.500,.327,3.7,11.4,7.6,10.7,2.4,1.7,11.7,20.0,,0.9,1.6,2.5,.125,,-0.5,1.2,0.7,0.6,2000
107,Andrew DeClercq,C,26,CLE,82,1831,11.4,.530,.000,.361,9.4,17.5,13.4,5.1,1.7,2.6,17.4,14.8,,0.6,2.3,2.9,.077,,-2.9,0.6,-2.3,-0.2,2000
108,Vinny Del Negro,PG,33,MIL,67,1211,11.7,.510,.074,.120,0.9,9.4,5.2,19.6,1.5,0.0,12.3,14.3,,1.3,0.2,1.5,.061,,-1.3,-0.8,-2.1,0.0,2000
109,Tony Delk,PG,26,SAC,46,682,14.1,.485,.143,.211,5.5,8.0,6.7,12.4,2.5,0.5,9.5,20.6,,0.5,0.7,1.3,.090,,-0.9,0.6,-0.3,0.3,2000
111,Michael Dickerson,SG,24,VAN,82,3103,15.6,.530,.229,.255,3.0,7.8,5.4,12.2,2.0,1.0,10.5,23.1,,4.5,1.0,5.5,.085,,1.0,-1.0,0.0,1.6,2000
112,Vlade Divac*,C,31,SAC,82,2374,18.0,.552,.034,.436,7.6,21.3,14.4,15.4,2.1,2.8,17.3,19.3,,3.0,4.1,7.2,.145,,0.4,2.4,2.8,2.9,2000
113,Michael Doleac,C,22,ORL,81,1335,13.3,.490,.004,.178,7.3,20.0,13.6,7.6,1.1,1.8,10.1,20.2,,1.1,1.9,3.0,.106,,-2.6,0.0,-2.6,-0.2,2000
115,Bryce Drew,PG,25,HOU,72,1293,10.9,.481,.395,.128,2.0,6.8,4.5,19.7,1.6,0.1,13.1,17.1,,0.9,0.5,1.3,.050,,-1.2,-0.9,-2.1,-0.1,2000
116,Chris Dudley,C,34,NYK,47,459,6.1,.349,.000,.403,16.8,18.3,17.6,1.6,0.8,3.5,18.6,10.0,,-0.2,0.7,0.5,.056,,-5.3,0.2,-5.2,-0.4,2000
117,Tim Duncan*,PF,23,SAS,74,2875,24.8,.555,.009,.471,10.8,24.8,18.1,15.5,1.2,4.0,13.5,28.7,,6.7,6.4,13.0,.218,,3.8,1.8,5.6,5.5,2000
118,Howard Eisley,PG,27,UTA,82,2096,11.5,.492,.241,.151,1.4,8.4,4.9,26.9,1.5,0.3,15.5,18.8,,1.3,1.8,3.0,.069,,-1.1,-0.5,-1.7,0.2,2000
120,Mario Elie,SF,36,SAS,79,2217,10.4,.565,.407,.326,2.6,9.9,6.4,13.3,1.7,0.3,19.9,13.6,,1.5,3.0,4.6,.099,,-1.4,1.2,-0.3,1.0,2000
122,Dale Ellis,SG,39,TOT,42,564,8.7,.540,.629,.082,2.7,8.7,5.7,3.8,1.2,0.0,10.8,14.6,,0.3,0.2,0.5,.046,,-1.1,-2.0,-3.1,-0.2,2000
123,LaPhonso Ellis,PF,29,ATL,58,1309,13.9,.481,.045,.205,8.2,16.1,12.1,7.6,1.3,1.3,9.3,18.9,,1.1,0.8,1.9,.070,,-1.0,-0.9,-1.9,0.0,2000
126,Patrick Ewing*,C,37,NYK,62,2035,16.9,.516,.003,.365,8.4,26.2,17.6,5.2,1.0,3.1,13.6,24.3,,0.9,3.9,4.8,.113,,-0.6,0.4,-0.2,0.9,2000
127,Tony Farmer,PF,30,GSW,74,1199,15.7,.542,.141,.849,9.7,16.5,12.9,9.5,2.8,0.9,16.1,17.9,,1.9,1.0,2.9,.114,,-0.6,0.1,-0.5,0.5,2000
128,Jamie Feick,C,25,NJN,81,2241,12.3,.477,.007,.314,12.6,25.2,18.7,4.5,1.0,1.2,10.9,10.8,,2.6,2.3,4.8,.103,,-0.9,-1.4,-2.3,-0.2,2000
129,Danny Ferry,PF,33,CLE,63,1326,11.8,.571,.197,.150,4.6,15.6,10.0,8.3,0.8,1.3,12.0,15.1,,1.6,1.1,2.7,.099,,-1.1,-0.2,-1.4,0.2,2000
130,Michael Finley,SF,26,DAL,82,3464,19.2,.522,.151,.194,3.8,12.2,8.0,21.3,1.6,0.6,9.9,25.1,,6.4,1.9,8.3,.114,,3.0,-0.9,2.1,3.6,2000
131,Derek Fisher,PG,25,LAL,78,1803,9.6,.449,.344,.300,1.3,7.1,4.2,17.1,2.3,0.1,12.1,15.1,,0.5,2.6,3.1,.083,,-2.9,1.3,-1.6,0.2,2000
132,Danny Fortson,PF,23,BOS,55,856,20.1,.602,.000,.713,17.8,31.7,24.4,5.6,1.2,0.4,16.1,21.0,,2.5,1.0,3.5,.194,,0.6,-1.9,-1.2,0.2,2000
133,Greg Foster,PF,31,SEA,60,718,6.9,.430,.067,.125,2.4,14.1,8.2,8.7,0.7,1.8,10.6,16.3,,-0.4,0.5,0.1,.007,,-5.2,-0.3,-5.5,-0.6,2000
135,Rick Fox,SF,30,LAL,82,1473,11.7,.502,.363,.157,4.6,9.7,7.2,14.4,1.8,1.2,14.0,18.5,,0.9,2.3,3.2,.104,,-1.6,0.9,-0.6,0.5,2000
136,Adonal Foyle,C,24,GSW,76,1654,12.3,.500,.000,.237,10.4,16.9,13.5,4.0,0.8,5.8,14.5,12.5,,0.7,1.2,1.9,.055,,-2.8,-0.1,-2.9,-0.4,2000
137,Steve Francis,PG,22,HOU,77,2776,18.4,.543,.278,.327,6.3,10.2,8.3,31.6,2.2,0.7,19.3,25.0,,4.4,2.0,6.4,.111,,2.7,-0.6,2.0,2.8,2000
139,Lawrence Funderburke,PF,29,SAC,75,1026,18.0,.570,.006,.463,9.9,13.9,11.9,5.0,1.5,1.3,8.6,18.8,,2.5,1.2,3.7,.172,,1.2,-0.2,1.0,0.8,2000
140,Kevin Garnett*,PF,23,MIN,81,3243,23.6,.545,.053,.265,7.9,26.6,17.1,21.5,1.9,2.8,13.6,27.4,,6.1,5.6,11.6,.172,,4.6,1.7,6.3,6.8,2000
141,Dean Garrett,C,33,MIN,56,604,9.0,.477,.000,.241,7.8,19.3,13.5,4.3,0.7,4.8,15.0,10.5,,0.2,0.8,1.0,.077,,-4.0,0.9,-3.0,-0.2,2000
143,Pat Garrity,SF,23,ORL,82,1479,11.9,.532,.337,.190,3.2,12.2,7.7,6.2,1.0,0.9,11.8,20.4,,1.4,1.4,2.8,.091,,-1.0,-0.6,-1.6,0.2,2000
144,Chris Gatling,PF,32,TOT,85,1811,17.3,.525,.087,.465,9.2,21.0,15.1,6.7,2.3,0.9,14.9,26.7,,1.3,2.6,4.0,.105,,-0.7,-0.2,-1.0,0.5,2000
145,Matt Geiger,C,30,PHI,65,1406,13.9,.483,.007,.238,11.9,18.6,15.2,4.9,1.1,1.1,12.3,23.1,,0.6,2.0,2.6,.088,,-2.1,-1.4,-3.5,-0.5,2000
146,Devean George,SF,22,LAL,49,345,12.1,.478,.326,.285,9.1,14.1,11.6,5.5,1.5,0.8,11.5,23.3,,0.1,0.6,0.7,.093,,-2.5,-1.0,-3.5,-0.1,2000
147,Kendall Gill,SF,31,NJN,76,2355,15.2,.465,.082,.267,3.7,9.8,6.7,15.3,3.1,1.2,7.7,21.9,,1.6,2.1,3.7,.076,,-0.7,0.7,0.0,1.2,2000
148,Armen Gilliam,PF,35,UTA,50,782,14.0,.486,.003,.282,11.5,20.9,16.3,9.3,0.8,1.6,13.8,23.5,,0.3,1.0,1.2,.075,,-1.7,-1.4,-3.1,-0.2,2000
150,Brian Grant,PF,27,POR,63,1322,14.0,.540,.006,.472,11.4,18.9,15.3,7.7,1.3,1.6,16.5,17.8,,1.5,2.0,3.5,.128,,-1.1,0.2,-0.8,0.4,2000
152,Horace Grant,PF,34,SEA,76,2688,11.7,.472,.007,.185,6.7,17.5,12.0,10.2,1.1,1.6,8.6,11.6,,2.7,2.5,5.2,.093,,-1.0,0.3,-0.7,0.9,2000
154,A.C. Green,PF,36,LAL,82,1929,11.2,.482,.010,.245,9.0,17.9,13.5,5.9,1.4,0.7,11.0,11.0,,1.7,3.3,5.0,.124,,-1.1,0.8,-0.3,0.8,2000
155,Adrian Griffin,SG,25,BOS,72,1927,12.6,.503,.138,.383,7.2,15.2,11.0,13.4,3.1,0.6,16.2,13.0,,1.8,2.1,3.9,.098,,-0.9,1.4,0.6,1.3,2000
156,Tom Gugliotta,PF,30,PHO,54,1767,16.4,.519,.012,.234,9.1,17.5,13.4,11.6,2.3,1.3,13.0,20.4,,1.9,3.3,5.2,.140,,0.2,1.2,1.4,1.5,2000
158,Richard Hamilton,SG,21,WAS,71,1373,11.6,.482,.127,.220,3.1,7.7,5.4,13.7,1.1,0.3,11.2,24.2,,0.4,0.3,0.7,.024,,-1.4,-2.2,-3.7,-0.6,2000
160,Tom Hammonds,PF,32,MIN,56,372,9.9,.481,.000,.577,10.5,21.2,15.8,3.9,1.1,0.6,14.7,17.3,,0.1,0.4,0.5,.061,,-3.8,-1.7,-5.5,-0.3,2000
161,Anfernee Hardaway,SG,28,PHO,60,2253,17.9,.549,.128,.358,4.6,12.4,8.6,22.8,2.1,1.2,14.2,21.1,,4.2,3.6,7.8,.165,,1.9,1.6,3.5,3.1,2000
162,Tim Hardaway*,PG,33,MIA,52,1672,16.4,.500,.401,.208,1.8,8.3,5.2,38.2,1.6,0.2,14.6,22.8,,2.6,1.6,4.3,.123,,2.9,-1.1,1.8,1.6,2000
163,Ron Harper,PG,36,LAL,80,2042,12.0,.468,.200,.277,5.1,12.5,8.8,19.2,2.1,1.3,18.1,15.6,,0.4,3.5,4.0,.093,,-1.2,1.9,0.6,1.3,2000
165,Al Harrington,PF,19,IND,50,854,10.8,.524,.129,.420,6.4,14.2,10.4,7.1,1.5,0.7,17.2,20.1,,0.1,0.9,1.0,.057,,-3.3,-0.1,-3.4,-0.3,2000
166,Othella Harrington,PF,26,VAN,82,2677,13.3,.560,.002,.359,8.7,16.5,12.6,6.3,0.7,1.6,18.4,20.0,,2.0,1.0,3.0,.054,,-1.7,-1.8,-3.5,-1.0,2000
167,Lucious Harris,SG,29,NJN,77,1510,13.3,.506,.248,.214,3.8,10.2,6.9,10.7,2.2,0.3,7.7,16.2,,1.9,0.9,2.8,.089,,-0.4,0.0,-0.5,0.6,2000
169,Hersey Hawkins,SG,33,CHI,61,1622,11.4,.562,.376,.317,2.2,10.6,6.3,15.0,2.4,0.7,19.0,14.9,,1.1,1.5,2.6,.077,,-2.1,0.8,-1.3,0.3,2000
171,Alan Henderson,PF,27,ATL,82,2775,14.7,.503,.011,.359,10.5,12.1,11.3,4.6,1.5,1.3,11.4,19.4,,2.9,1.4,4.3,.074,,-0.4,-1.2,-1.6,0.3,2000
172,Cedric Henderson,SF,24,CLE,61,1107,7.3,.441,.046,.319,3.4,10.8,7.1,7.8,1.8,1.1,15.5,17.3,,-1.2,0.9,-0.2,-0.010,,-4.5,-0.4,-4.9,-0.8,2000
174,Chris Herren,PG,24,DEN,45,597,8.9,.498,.540,.323,2.2,7.4,4.7,26.8,1.3,0.2,22.9,13.4,,0.3,0.2,0.5,.041,,-2.4,-1.6,-4.0,-0.3,2000
175,Grant Hill*,SF,27,DET,74,2776,24.5,.565,.069,.425,4.1,16.4,10.2,26.8,1.9,1.1,12.4,30.5,,8.1,2.6,10.7,.185,,5.4,0.1,5.4,5.2,2000
176,Tyrone Hill,PF,31,PHI,68,2155,14.6,.529,.002,.395,11.1,21.1,16.0,4.0,1.5,0.9,13.9,18.2,,2.2,3.5,5.7,.128,,-1.0,-0.4,-1.4,0.3,2000
179,Jeff Hornacek,SG,36,UTA,77,2133,16.3,.590,.190,.247,2.9,7.4,5.2,16.3,1.7,0.6,12.3,19.9,,4.7,1.8,6.5,.147,,2.0,-0.1,1.9,2.1,2000
180,Robert Horry,PF,29,LAL,76,1685,14.3,.528,.259,.311,8.6,14.3,11.5,10.0,2.6,3.3,15.0,12.7,,2.1,3.6,5.7,.161,,-0.1,3.1,3.0,2.2,2000
181,Allan Houston,SG,28,NYK,82,3169,16.5,.569,.191,.263,1.5,8.5,5.1,13.2,1.1,0.3,11.6,24.0,,5.5,3.1,8.6,.130,,1.8,-0.2,1.7,2.9,2000
182,Juwan Howard,PF,26,WAS,82,2909,12.3,.496,.006,.248,5.2,13.5,9.3,14.5,1.2,0.5,15.5,22.2,,0.5,1.3,1.9,.031,,-1.4,-1.4,-2.8,-0.6,2000
183,Troy Hudson,PG,23,LAC,62,1592,11.6,.468,.357,.176,1.9,8.7,5.2,25.3,1.4,0.0,15.6,19.2,,0.1,-0.2,-0.2,-0.005,,-0.9,-2.5,-3.4,-0.6,2000
184,Larry Hughes,SG,21,TOT,82,2324,14.7,.467,.109,.329,5.0,11.4,8.1,15.8,2.5,0.9,12.9,27.8,,-0.5,2.2,1.7,.036,,-0.3,-0.6,-0.9,0.7,2000
186,Lindsey Hunter,PG,29,DET,82,2919,13.2,.543,.436,.173,1.4,8.5,5.0,17.6,2.2,0.5,13.1,16.6,,3.6,2.0,5.6,.093,,0.6,0.2,0.7,2.0,2000
187,Allen Iverson*,SG,24,PHI,70,2853,20.0,.496,.151,.358,2.7,7.7,5.2,23.0,2.6,0.1,10.3,34.4,,3.3,3.6,6.9,.116,,3.4,-0.2,3.2,3.8,2000
188,Bobby Jackson,PG,26,MIN,73,1034,14.6,.474,.133,.283,5.6,11.7,8.6,24.6,2.4,0.5,13.0,19.5,,1.0,1.1,2.2,.101,,-0.5,0.9,0.3,0.6,2000
189,Jaren Jackson,SG,32,SAS,81,1691,9.7,.503,.627,.105,2.4,9.5,6.1,11.0,1.7,0.3,11.4,15.7,,0.8,2.3,3.1,.087,,-1.3,0.8,-0.5,0.6,2000
191,Jim Jackson,SF,29,ATL,79,2767,14.3,.496,.245,.172,4.0,11.6,7.8,14.5,1.1,0.2,12.2,24.2,,2.1,0.7,2.8,.049,,1.0,-1.8,-0.8,0.8,2000
192,Mark Jackson,PG,34,IND,81,2190,17.7,.538,.388,.172,3.4,11.5,7.6,45.0,1.8,0.3,22.1,16.3,,4.6,2.0,6.7,.146,,3.5,-0.4,3.1,2.8,2000
194,Sam Jacobson,PG,24,TOT,52,681,11.1,.554,.113,.193,3.6,7.6,5.5,7.9,2.2,0.3,12.5,16.3,,0.7,0.2,0.9,.063,,-3.4,-0.5,-3.9,-0.3,2000
196,Antawn Jamison,SF,23,GSW,43,1556,16.7,.496,.009,.275,10.9,13.5,12.1,10.9,1.0,0.7,11.8,26.0,,1.1,0.3,1.4,.043,,1.2,-2.8,-1.6,0.2,2000
198,Anthony Johnson,PG,25,TOT,56,637,9.1,.425,.067,.238,3.6,5.1,4.4,16.8,2.7,0.4,15.0,14.6,,-0.1,0.4,0.3,.020,,-3.5,0.6,-2.9,-0.1,2000
199,Avery Johnson,PG,34,SAS,82,2571,14.8,.500,.011,.182,1.5,5.3,3.5,32.5,1.6,0.5,13.2,19.0,,3.3,3.0,6.3,.117,,0.4,-0.1,0.3,1.5,2000
201,Ervin Johnson,C,32,MIL,80,2129,12.7,.550,.004,.563,12.8,22.7,17.8,2.8,2.0,4.5,18.7,8.9,,2.4,2.6,4.9,.111,,-1.3,0.9,-0.4,0.9,2000
203,Larry Johnson,PF,30,NYK,70,2281,12.4,.517,.267,.256,4.7,14.8,9.9,12.6,1.0,0.2,11.5,17.0,,2.3,2.7,5.1,.107,,0.3,0.4,0.7,1.6,2000
204,Charles Jones,PG,24,LAC,56,662,11.4,.445,.587,.114,2.8,7.8,5.2,22.5,2.3,0.5,11.7,16.0,,0.3,0.1,0.4,.025,,-1.3,-1.5,-2.8,-0.1,2000
205,Damon Jones,PG,23,TOT,55,612,13.1,.508,.548,.231,2.1,7.6,4.8,23.9,1.5,0.1,14.9,19.2,,0.6,0.1,0.7,.053,,0.8,-1.8,-0.9,0.2,2000
206,Eddie Jones,SG,28,CHH,72,2807,19.9,.555,.305,.374,3.3,10.3,6.9,19.0,3.5,1.2,10.9,23.4,,5.7,4.4,10.1,.172,,2.9,2.0,4.9,4.9,2000
210,Adam Keefe,C,29,UTA,62,604,7.6,.463,.008,.277,9.3,18.0,13.7,8.5,1.5,1.7,24.0,14.7,,-0.4,0.8,0.4,.030,,-4.4,0.4,-4.0,-0.3,2000
211,Shawn Kemp,C,30,CLE,82,2492,17.2,.508,.005,.547,10.2,22.4,16.3,10.0,2.0,2.8,16.8,30.2,,0.2,3.8,4.0,.077,,-1.8,-0.3,-2.1,0.0,2000
213,Jerome Kersey,SF,37,SAS,72,1310,10.0,.431,.025,.116,5.3,13.9,9.8,8.3,2.7,2.5,12.1,14.9,,-0.5,2.6,2.1,.077,,-3.2,2.9,-0.3,0.6,2000
215,Jason Kidd*,PG,26,PHO,67,2616,18.4,.498,.194,.287,4.2,16.1,10.3,40.1,2.6,0.8,19.0,20.0,,3.7,4.8,8.5,.156,,2.3,2.0,4.3,4.2,2000
216,Gerard King,SF,27,WAS,62,1060,13.4,.534,.000,.238,9.0,18.2,13.6,7.4,1.7,1.0,11.8,14.5,,1.4,0.9,2.3,.103,,-0.8,-0.1,-0.9,0.3,2000
217,Kerry Kittles,SG,25,NJN,62,1896,16.1,.535,.344,.182,2.6,10.9,6.6,12.7,2.2,0.7,6.9,19.0,,3.5,1.2,4.7,.119,,1.7,0.0,1.6,1.7,2000
219,Brevin Knight,PG,24,CLE,65,1754,15.3,.471,.018,.330,2.4,10.0,6.1,42.2,3.1,0.9,19.7,19.7,,0.8,2.0,2.8,.077,,-0.4,0.6,0.2,1.0,2000
220,Travis Knight,C,25,LAL,63,410,9.5,.418,.000,.237,12.2,21.4,16.9,8.3,0.8,3.9,16.6,16.7,,-0.2,0.8,0.6,.074,,-6.0,0.7,-5.3,-0.3,2000
221,Toni Kukoč*,SF,31,TOT,56,1784,16.9,.491,.231,.364,4.7,12.8,8.7,27.9,2.3,1.2,14.7,24.9,,1.1,2.2,3.4,.091,,1.9,0.5,2.4,2.0,2000
222,Christian Laettner,C,30,DET,82,2443,14.8,.539,.030,.365,8.3,17.9,13.1,12.4,1.7,1.3,16.7,20.1,,2.7,2.4,5.1,.100,,-0.8,0.0,-0.8,0.7,2000
223,Raef LaFrentz,C,23,DEN,81,2435,16.3,.512,.208,.268,7.5,21.2,14.3,6.5,0.9,5.0,8.9,19.3,,2.9,3.0,5.9,.116,,-0.2,0.4,0.2,1.4,2000
229,Voshon Lenard,SG,26,MIA,53,1434,13.9,.518,.407,.189,3.1,8.9,6.2,16.1,1.5,0.8,11.7,22.3,,1.5,1.5,3.0,.100,,0.5,-0.4,0.1,0.8,2000
230,Quincy Lewis,SG,22,UTA,74,896,6.6,.441,.211,.174,6.4,8.9,7.7,7.1,1.4,1.3,12.5,18.9,,-0.5,0.9,0.3,.018,,-4.5,-0.9,-5.5,-0.8,2000
231,Rashard Lewis,SF,20,SEA,82,1575,16.5,.543,.212,.217,8.7,14.7,11.7,7.3,2.0,1.6,11.2,19.6,,2.4,1.7,4.1,.125,,0.7,0.0,0.6,1.0,2000
232,Randy Livingston,PG,24,PHO,79,1081,11.4,.476,.147,.166,2.6,10.6,6.7,24.7,2.3,0.9,18.7,20.1,,-0.2,1.7,1.5,.065,,-2.8,1.0,-1.8,0.1,2000
233,Grant Long,PF,33,VAN,42,920,11.7,.512,.024,.425,11.1,19.4,15.2,7.2,2.6,0.8,19.8,12.2,,0.6,0.8,1.4,.073,,-1.9,0.3,-1.7,0.1,2000
234,Luc Longley,C,31,PHO,72,1417,8.8,.512,.000,.243,8.0,17.2,12.7,8.4,0.8,2.1,23.5,18.0,,-0.9,2.2,1.3,.044,,-5.0,0.4,-4.6,-0.9,2000
235,Felipe López,SG,25,VAN,65,781,11.9,.473,.069,.418,9.0,10.0,9.5,9.6,2.2,1.6,14.6,21.1,,0.0,0.4,0.4,.023,,-1.8,-0.9,-2.7,-0.1,2000
237,George Lynch,SF,29,PHI,75,2416,13.7,.498,.056,.284,9.7,17.0,13.3,8.9,2.6,1.2,14.2,15.3,,1.6,4.2,5.8,.116,,-0.6,1.6,1.0,1.8,2000
238,Todd MacCulloch,C,24,PHI,56,528,16.1,.557,.000,.335,9.9,20.8,15.3,4.2,1.1,5.1,12.3,17.5,,0.7,1.0,1.7,.150,,-1.6,1.6,0.0,0.3,2000
241,Corey Maggette,SF,20,ORL,77,1370,14.1,.553,.023,.557,9.8,14.3,12.0,7.0,0.9,1.3,19.1,22.1,,1.2,1.4,2.6,.091,,-1.5,-1.0,-2.5,-0.2,2000
242,Dan Majerle,SG,34,MIA,69,2308,11.4,.559,.720,.164,1.4,14.6,8.3,13.2,2.1,0.5,12.1,10.4,,2.8,3.3,6.1,.126,,-0.2,2.1,1.9,2.3,2000
243,Karl Malone*,PF,36,UTA,82,2947,27.1,.582,.005,.501,7.1,24.7,16.1,20.9,1.4,1.9,11.4,31.9,,10.7,4.5,15.3,.249,,6.4,1.1,7.5,7.1,2000
244,Matt Maloney,PG,28,CHI,51,1175,9.4,.484,.547,.142,1.0,5.5,3.2,21.3,1.5,0.2,15.7,15.6,,0.2,0.5,0.7,.028,,-1.4,-1.5,-2.9,-0.2,2000
245,Danny Manning,PF,33,MIL,72,1217,10.1,.460,.012,.153,4.8,15.1,10.0,8.9,2.6,1.8,13.2,15.2,,-0.1,1.1,1.0,.039,,-3.3,0.7,-2.6,-0.2,2000
246,Stephon Marbury,PG,22,NJN,74,2881,20.7,.528,.177,.407,2.3,7.2,4.6,39.0,2.0,0.4,14.8,28.2,,6.1,1.2,7.4,.123,,3.8,-1.3,2.4,3.2,2000
247,Shawn Marion,SF,21,PHO,51,1260,17.1,.511,.047,.180,9.5,19.7,14.7,9.1,1.5,3.0,9.1,19.6,,1.7,2.4,4.1,.158,,0.3,0.9,1.3,1.0,2000
250,Donyell Marshall,PF,26,GSW,64,2071,17.1,.478,.164,.304,9.0,24.2,16.2,13.5,1.7,2.3,11.4,21.9,,1.9,1.9,3.8,.088,,1.2,-0.5,0.7,1.4,2000
251,Darrick Martin,PG,28,SAC,71,893,11.9,.500,.354,.340,0.8,4.3,2.6,20.1,1.5,0.1,13.4,21.7,,0.7,0.6,1.3,.067,,-1.9,-1.1,-3.0,-0.2,2000
252,Jamal Mashburn,SF,27,MIA,76,2828,15.4,.526,.240,.206,2.8,12.4,7.8,18.6,1.5,0.4,12.5,23.8,,3.1,3.2,6.4,.109,,0.9,-0.4,0.5,1.8,2000
253,Anthony Mason,SF,33,CHH,82,3133,14.4,.560,.002,.637,5.3,19.4,12.5,18.3,1.2,0.6,15.9,14.4,,4.9,3.9,8.9,.136,,0.1,0.7,0.8,2.2,2000
255,Vernon Maxwell,SG,34,SEA,47,989,12.6,.462,.455,.302,1.6,7.2,4.4,12.3,2.0,0.6,8.7,27.1,,0.1,0.7,0.8,.036,,-0.9,-1.3,-2.2,0.0,2000
256,Walter McCarty,PF,25,BOS,61,879,7.2,.451,.478,.235,4.1,10.5,7.1,11.6,1.4,1.9,20.9,15.8,,-0.7,0.6,-0.2,-0.009,,-2.5,-1.0,-3.5,-0.3,2000
257,George McCloud,SF,32,DEN,78,2118,13.2,.548,.444,.284,3.7,11.0,7.3,18.0,1.1,0.8,15.7,17.5,,2.7,1.0,3.8,.086,,0.5,-0.7,-0.2,1.0,2000
258,Jelani McCoy,C,22,SEA,58,746,13.2,.574,.000,.514,7.8,18.6,13.1,5.0,1.0,4.3,17.2,15.5,,0.6,0.9,1.5,.099,,-3.2,0.7,-2.5,-0.1,2000
259,Antonio McDyess,PF,25,DEN,81,2698,19.6,.539,.002,.426,9.4,18.4,13.8,10.9,1.3,3.5,13.8,26.9,,3.3,2.9,6.2,.110,,0.9,-0.1,0.7,1.9,2000
260,Tracy McGrady*,SF,20,TOR,79,2462,20.0,.509,.064,.385,8.3,14.7,11.4,18.8,1.9,4.3,11.8,24.3,,3.7,2.9,6.6,.129,,2.6,0.9,3.5,3.4,2000
261,Jim McIlvaine,C,27,NJN,66,1048,10.0,.439,.000,.364,10.9,13.6,12.2,5.0,1.3,7.7,17.5,9.2,,0.3,1.2,1.5,.068,,-4.5,2.4,-2.1,0.0,2000
264,Aaron McKie,SG,27,PHI,82,1952,13.2,.497,.204,.246,2.6,11.4,7.0,19.5,2.9,0.7,14.7,17.3,,1.3,3.0,4.3,.105,,-1.1,2.2,1.2,1.5,2000
265,Roshown McLeod,SF,24,ATL,44,860,9.1,.438,.039,.211,5.2,12.4,8.8,10.0,1.0,0.4,14.0,21.7,,-0.7,0.2,-0.4,-0.025,,-3.5,-1.9,-5.3,-0.7,2000
266,Ron Mercer,SG,23,TOT,68,2377,12.7,.479,.044,.250,2.9,8.6,5.7,11.3,1.6,0.7,11.2,24.4,,0.2,1.6,1.8,.036,,-1.8,-1.3,-3.1,-0.6,2000
267,Andre Miller,PG,23,CLE,82,2093,17.9,.517,.065,.387,4.5,10.5,7.5,38.7,2.0,0.6,15.8,21.8,,3.5,1.8,5.3,.122,,1.9,0.0,1.9,2.1,2000
269,Brad Miller,C,23,CHH,55,961,18.9,.558,.007,.666,13.5,20.6,17.1,7.8,1.2,2.5,11.2,19.9,,2.4,1.4,3.8,.192,,0.7,-0.5,0.2,0.5,2000
270,Oliver Miller,C,29,PHO,51,1088,15.5,.609,.000,.313,9.1,17.5,13.4,9.5,2.0,5.3,21.8,13.7,,1.1,2.3,3.4,.152,,-1.1,3.1,2.0,1.1,2000
271,Reggie Miller*,SG,34,IND,81,2987,17.3,.603,.388,.390,2.0,6.8,4.5,10.2,1.5,0.6,9.6,20.5,,8.0,2.0,10.1,.162,,3.0,-0.3,2.7,3.6,2000
273,Terry Mills,PF,32,DET,82,1842,11.0,.545,.496,.070,3.1,21.3,12.3,7.1,1.0,0.9,8.4,13.1,,2.1,1.7,3.8,.099,,-0.4,0.1,-0.3,0.8,2000
275,Sam Mitchell,SF,36,MIN,66,1227,12.0,.513,.061,.245,2.6,10.5,6.5,13.4,1.2,0.8,9.6,16.9,,1.4,0.9,2.3,.092,,-1.4,-0.3,-1.7,0.1,2000
276,Cuttino Mobley,SG,24,HOU,81,2496,16.0,.545,.287,.347,2.7,10.1,6.5,14.3,1.8,0.8,13.7,23.9,,3.6,1.6,5.2,.099,,0.7,-0.8,-0.1,1.2,2000
278,Eric Montross,C,28,DET,51,332,0.2,.332,.000,.218,6.3,18.8,12.6,2.9,0.9,2.0,26.7,10.9,,-0.7,0.3,-0.4,-0.058,,-8.8,-0.5,-9.3,-0.6,2000
280,Alonzo Mourning*,C,29,MIA,79,2748,25.8,.596,.003,.492,9.5,21.6,15.9,8.7,0.8,7.8,13.1,28.1,,7.3,5.6,12.9,.226,,3.1,2.2,5.3,5.0,2000
281,Chris Mullin*,SG,36,IND,47,582,15.4,.590,.588,.219,2.8,11.5,7.3,10.0,2.5,1.0,12.0,18.2,,1.0,0.7,1.7,.142,,1.8,1.6,3.4,0.8,2000
284,Lamond Murray,SF,26,CLE,74,2365,14.9,.517,.136,.263,5.9,14.2,10.0,10.1,2.2,1.1,13.9,24.3,,0.7,2.6,3.3,.067,,0.0,-0.3,-0.3,1.0,2000
285,Tracy Murray,SF,28,WAS,80,1831,14.1,.555,.393,.210,3.9,13.2,8.5,6.5,1.3,0.9,10.3,19.8,,2.9,0.9,3.8,.101,,1.6,-1.0,0.6,1.2,2000
286,Dikembe Mutombo*,C,33,ATL,82,2984,19.4,.621,.000,.735,11.2,31.3,21.2,5.4,0.5,5.9,18.7,13.8,,5.6,4.3,9.9,.160,,0.9,1.5,2.4,3.3,2000
287,Steve Nash*,PG,25,DAL,56,1532,13.5,.601,.410,.234,2.4,6.1,4.2,25.5,1.2,0.1,20.3,14.5,,2.8,0.2,3.0,.094,,0.6,-1.5,-0.9,0.4,2000
288,Tyrone Nesby,SG,24,LAC,73,2317,12.6,.487,.307,.209,3.8,9.6,6.6,9.1,1.7,0.9,9.3,21.1,,1.1,0.2,1.3,.027,,-1.0,-1.7,-2.7,-0.4,2000
289,Rasho Nesterović,C,23,MIN,82,1723,11.0,.492,.005,.238,9.0,16.6,12.8,7.8,0.6,3.6,12.9,14.4,,1.0,1.9,3.0,.082,,-2.9,0.3,-2.6,-0.2,2000
290,Johnny Newman,SF,36,NJN,82,1763,13.6,.566,.305,.368,2.4,7.5,4.9,6.2,1.6,0.4,11.0,20.5,,2.9,0.6,3.5,.095,,-0.6,-1.3,-1.9,0.1,2000
292,Dirk Nowitzki,PF,21,DAL,82,2938,17.5,.564,.274,.311,3.8,15.6,9.7,10.9,1.1,1.6,10.0,21.2,,6.1,1.9,8.1,.132,,2.1,-0.5,1.6,2.6,2000
293,Jermaine O'Neal,C,21,POR,70,859,13.3,.515,.005,.441,14.0,17.2,15.7,3.3,0.7,4.7,15.1,16.8,,0.7,1.4,2.1,.117,,-2.5,0.1,-2.5,-0.1,2000
294,Shaquille O'Neal*,C,27,LAL,79,3163,30.6,.578,.001,.495,11.5,24.8,18.3,19.3,0.6,5.3,9.9,31.2,,11.7,7.0,18.6,.283,,7.3,2.0,9.3,9.0,2000
295,Charles Oakley,PF,36,TOR,80,2431,10.1,.459,.073,.152,5.2,20.2,12.4,15.8,2.2,1.3,20.5,13.7,,-0.7,2.9,2.2,.044,,-3.3,1.1,-2.2,-0.1,2000
296,Lamar Odom,SF,20,LAC,76,2767,16.8,.521,.160,.410,6.2,18.2,12.0,20.2,1.7,2.3,17.6,23.5,,1.7,1.5,3.2,.055,,0.8,-0.2,0.6,1.8,2000
297,Hakeem Olajuwon*,C,37,HOU,44,1049,16.7,.484,.005,.266,7.1,21.9,14.6,10.2,2.0,4.3,13.4,22.7,,0.0,1.6,1.6,.072,,-0.9,1.3,0.4,0.6,2000
299,Michael Olowokandi,C,24,LAC,80,2493,10.4,.467,.000,.250,8.4,21.4,14.7,2.6,0.7,3.8,17.4,18.1,,-2.2,1.4,-0.8,-0.016,,-4.6,-1.4,-6.0,-2.6,2000
300,Greg Ostertag,C,26,UTA,81,1606,13.5,.525,.004,.700,13.3,23.0,18.3,1.7,0.7,8.2,18.4,12.3,,1.2,3.0,4.2,.124,,-1.9,1.7,-0.3,0.7,2000
301,Bo Outlaw,PF,28,ORL,82,2326,15.3,.597,.009,.478,9.5,15.1,12.3,14.7,2.4,4.5,24.5,9.8,,2.8,4.0,6.8,.140,,0.9,3.6,4.5,3.8,2000
302,Doug Overton,PG,30,BOS,48,432,10.5,.466,.182,.136,3.5,5.3,4.4,19.4,1.2,0.0,10.9,18.4,,0.3,0.1,0.4,.047,,-1.6,-1.9,-3.5,-0.2,2000
303,Billy Owens,PF-SF,30,TOT,62,1305,10.0,.462,.095,.296,8.0,17.4,12.5,11.6,1.3,1.2,17.4,16.3,,-0.3,1.5,1.2,.045,,-2.9,0.3,-2.6,-0.2,2000
305,Scott Padgett,PF,23,UTA,47,432,7.6,.395,.314,.193,6.9,17.7,12.4,8.9,1.7,1.4,12.7,18.6,,-0.5,0.6,0.1,.013,,-4.0,-0.5,-4.5,-0.3,2000
306,Milt Palacio,PG,21,VAN,53,394,8.8,.473,.020,.378,5.1,10.4,7.7,19.7,2.7,0.0,27.8,18.3,,-0.5,0.2,-0.3,-0.041,,-4.0,-0.4,-4.4,-0.2,2000
308,Cherokee Parks,C,27,VAN,56,808,11.9,.521,.007,.255,8.1,19.1,13.6,6.8,1.9,4.0,14.8,10.7,,0.6,0.8,1.4,.086,,-2.1,1.4,-0.6,0.3,2000
310,Ruben Patterson,SF,24,SEA,81,2097,18.8,.587,.041,.486,11.3,11.4,11.3,9.7,2.3,1.3,15.2,19.9,,4.6,2.1,6.7,.153,,1.8,0.1,1.9,2.1,2000
311,Gary Payton*,PG,31,SEA,82,3425,23.6,.535,.312,.254,3.2,13.9,8.5,37.7,2.3,0.4,10.8,26.8,,10.5,3.5,13.9,.195,,5.8,0.7,6.4,7.3,2000
312,Anthony Peeler,SG,30,MIN,82,2073,13.2,.520,.352,.150,3.2,9.9,6.5,14.3,1.6,0.3,9.9,18.7,,2.4,1.6,4.1,.094,,0.0,-0.5,-0.5,0.8,2000
313,Will Perdue,C,34,CHI,67,1012,6.6,.392,.000,.625,10.0,20.5,15.1,10.9,0.7,3.1,26.7,13.2,,-1.6,1.1,-0.5,-0.023,,-5.4,0.1,-5.3,-0.8,2000
314,Sam Perkins,PF,38,IND,81,1620,12.1,.555,.494,.220,4.6,15.0,10.0,6.4,1.0,1.3,11.5,15.3,,1.9,1.6,3.5,.103,,0.6,0.1,0.6,1.1,2000
315,Elliot Perry,PG,30,NJN,60,803,14.8,.493,.133,.211,1.7,6.9,4.2,29.3,2.5,0.1,15.7,21.2,,0.5,0.4,0.9,.055,,-0.6,-1.2,-1.8,0.0,2000
317,Wesley Person,SG,28,CLE,79,2056,12.0,.528,.382,.118,2.4,12.3,7.3,11.6,1.0,0.7,8.0,15.8,,2.3,1.3,3.7,.086,,0.8,-0.5,0.3,1.2,2000
319,Eric Piatkowski,SF,29,LAC,75,1712,13.0,.530,.424,.175,4.7,10.0,7.2,8.0,1.3,0.5,8.5,17.5,,2.3,-0.1,2.3,.064,,0.1,-2.1,-1.9,0.0,2000
320,Paul Pierce*,SF,22,BOS,73,2583,19.8,.550,.255,.409,3.5,14.6,8.7,14.6,3.0,1.8,12.1,24.8,,5.2,3.0,8.2,.152,,3.0,0.9,3.9,3.9,2000
321,Scottie Pippen*,SF,34,POR,82,2749,16.4,.533,.306,.259,5.1,16.2,11.0,23.7,2.3,1.1,17.8,19.6,,3.4,4.4,7.8,.137,,1.9,1.7,3.6,3.9,2000
322,Scot Pollard,C,24,SAC,76,1336,15.8,.584,.000,.562,13.0,18.5,15.8,4.5,2.0,2.9,12.4,12.6,,2.9,2.2,5.1,.183,,-0.9,1.0,0.1,0.7,2000
323,Olden Polynice,C,35,UTA,82,1819,10.4,.497,.005,.226,11.4,18.8,15.2,3.2,0.9,3.5,13.8,12.9,,0.7,2.5,3.2,.084,,-2.8,0.0,-2.8,-0.4,2000
324,Terry Porter,PG,36,SAS,68,1613,16.6,.596,.447,.367,1.8,11.3,6.7,22.3,1.6,0.4,15.7,18.3,,3.4,2.3,5.6,.168,,2.5,0.8,3.4,2.2,2000
325,James Posey,SF,23,DEN,81,2052,13.0,.550,.410,.280,4.5,12.4,8.4,10.8,2.4,1.1,13.6,14.8,,2.5,1.9,4.3,.101,,-0.5,1.2,0.7,1.4,2000
326,Vitaly Potapenko,C,24,BOS,79,1797,13.8,.527,.002,.260,11.0,21.2,15.8,7.1,1.2,1.2,17.5,20.0,,1.0,1.5,2.5,.066,,-1.8,-1.7,-3.5,-0.7,2000
330,Theo Ratliff,PF,26,PHI,57,1795,16.7,.568,.000,.481,8.5,18.4,13.4,3.3,0.9,7.0,15.4,17.2,,2.2,3.3,5.6,.149,,-0.8,2.0,1.2,1.4,2000
332,Bryant Reeves,C,26,VAN,69,1773,10.6,.481,.007,.294,8.4,18.0,13.2,7.9,1.0,1.5,15.8,19.3,,-0.2,0.9,0.6,.017,,-3.4,-1.4,-4.9,-1.3,2000
337,Glen Rice,SF,32,LAL,80,2530,16.2,.551,.234,.404,2.4,11.3,6.9,11.1,1.0,0.3,9.0,22.0,,5.7,3.2,9.0,.170,,1.2,-0.3,0.9,1.8,2000
338,Mitch Richmond*,SG,34,WAS,74,2397,16.5,.536,.230,.324,1.8,8.6,5.1,13.5,2.4,0.4,11.4,25.0,,3.8,1.4,5.2,.104,,1.3,-0.2,1.1,1.9,2000
339,Isaiah Rider,SG,28,ATL,60,2084,15.7,.488,.168,.243,3.3,10.2,6.8,19.4,1.0,0.2,12.4,28.8,,1.2,0.4,1.6,.037,,0.9,-2.3,-1.4,0.3,2000
342,Clifford Robinson,SF,33,PHO,80,2839,17.3,.564,.284,.334,4.2,9.8,7.0,13.3,1.6,1.5,11.2,22.9,,5.7,3.9,9.6,.162,,2.1,0.4,2.5,3.2,2000
343,David Robinson*,C,34,SAS,80,2557,24.6,.568,.002,.496,9.0,24.5,17.1,10.3,2.0,4.9,11.6,25.6,,6.2,6.4,12.7,.238,,3.1,2.7,5.8,5.0,2000
344,Eddie Robinson,SF,23,CHH,67,1112,16.4,.569,.010,.166,5.6,12.8,9.3,5.2,2.2,1.6,8.6,18.3,,1.5,1.5,3.0,.130,,0.4,0.2,0.6,0.7,2000
345,Glenn Robinson,SF,27,MIL,81,2909,17.8,.534,.162,.194,4.3,15.1,9.7,11.8,1.4,1.1,12.3,27.6,,3.5,1.3,4.8,.080,,1.9,-1.9,0.1,1.5,2000
347,Carlos Rogers,C,28,HOU,53,1101,15.2,.549,.043,.423,10.2,17.6,14.0,6.3,0.6,2.0,14.1,17.8,,1.4,0.8,2.2,.096,,0.0,-0.9,-0.9,0.3,2000
348,Rodney Rogers,PF,28,PHO,82,2286,17.1,.570,.297,.283,6.9,14.8,10.9,12.5,2.1,1.5,14.1,22.2,,3.4,3.9,7.4,.154,,1.5,1.1,2.6,2.7,2000
350,Sean Rooks,C,30,DAL,71,1001,11.8,.480,.000,.314,8.9,17.7,13.3,9.9,1.5,3.5,17.8,17.3,,0.0,1.0,1.1,.051,,-3.5,0.7,-2.8,-0.2,2000
351,Jalen Rose,SF,27,IND,80,2978,16.7,.547,.164,.257,1.6,12.5,7.3,18.4,1.5,1.1,12.4,23.2,,4.4,2.9,7.3,.118,,1.2,0.2,1.4,2.5,2000
352,Malik Rose,PF,25,SAS,74,1341,13.2,.525,.008,.514,11.8,16.4,14.2,5.7,1.4,2.7,17.3,19.7,,0.9,2.4,3.4,.120,,-3.1,0.5,-2.6,-0.2,2000
353,Michael Ruffin,PF,23,CHI,71,975,7.8,.450,.000,.638,13.8,16.3,15.0,7.7,1.4,2.0,25.0,11.1,,-0.4,1.0,0.6,.032,,-5.0,-0.4,-5.4,-0.8,2000
354,Bryon Russell,SF,29,UTA,82,2900,15.1,.550,.293,.346,4.3,13.5,9.0,8.9,2.4,0.6,8.8,18.4,,5.1,3.7,8.8,.146,,0.9,0.8,1.7,2.7,2000
355,Arvydas Sabonis*,C,35,POR,66,1688,20.3,.568,.032,.331,7.1,27.6,17.9,12.0,1.4,3.4,12.4,21.4,,3.6,3.5,7.1,.203,,1.7,1.9,3.6,2.4,2000
356,John Salley,C,35,LAL,45,303,8.3,.437,.000,.406,7.2,15.7,11.5,12.1,1.4,3.2,18.1,14.4,,-0.1,0.6,0.5,.083,,-5.6,2.7,-2.9,-0.1,2000
357,Detlef Schrempf,SF,37,POR,77,1662,14.5,.544,.120,.497,5.9,17.0,11.8,18.2,1.2,0.8,15.9,17.4,,2.9,2.2,5.2,.149,,0.3,0.8,1.1,1.3,2000
358,Dennis Scott,SF,31,VAN,66,1263,9.4,.515,.568,.171,1.5,8.6,5.0,8.7,1.2,0.5,7.7,14.0,,1.4,0.1,1.5,.057,,-1.0,-1.1,-2.2,-0.1,2000
359,Malik Sealy,SF,29,MIN,82,2392,14.4,.530,.045,.279,5.7,11.4,8.6,12.6,1.7,0.6,11.2,18.6,,3.4,2.1,5.5,.111,,0.0,-0.3,-0.3,1.0,2000
360,Brian Shaw,SG,33,LAL,74,1249,10.9,.441,.180,.168,3.9,14.5,9.3,23.2,1.4,0.8,17.8,14.8,,0.2,2.0,2.1,.082,,-1.9,1.1,-0.8,0.4,2000
361,Dickey Simpkins,PF,27,CHI,69,1651,5.5,.439,.004,.438,8.6,17.9,13.2,10.4,0.7,1.0,28.1,12.6,,-2.0,1.3,-0.7,-0.021,,-5.8,-0.4,-6.3,-1.8,2000
363,Joe Smith,C,24,MIN,78,1975,14.4,.525,.002,.414,10.8,17.7,14.3,6.7,1.2,3.1,13.9,19.5,,2.2,2.5,4.7,.114,,-2.1,-0.3,-2.4,-0.2,2000
364,Michael Smith,SF,27,WAS,46,1145,14.5,.611,.005,.526,12.0,21.4,16.6,7.3,1.2,1.4,16.0,10.9,,2.3,1.0,3.3,.137,,0.4,0.1,0.4,0.7,2000
365,Steve Smith,SG,30,POR,82,2689,17.3,.584,.268,.378,5.7,7.9,6.8,12.8,1.4,0.9,10.0,20.0,,7.7,2.7,10.4,.186,,2.8,0.1,2.9,3.3,2000
366,Rik Smits,C,33,IND,79,1852,17.3,.518,.001,.237,5.9,17.9,12.1,8.5,0.6,3.6,9.9,26.8,,1.6,2.2,3.8,.099,,-1.3,-0.2,-1.5,0.2,2000
367,Eric Snow,PG,26,PHI,82,2866,12.8,.482,.075,.296,1.6,8.6,5.0,32.7,2.5,0.2,19.4,12.8,,2.4,3.7,6.1,.102,,-1.3,1.4,0.1,1.5,2000
369,Latrell Sprewell,SF,29,NYK,82,3276,15.7,.515,.097,.304,1.8,10.5,6.3,18.2,1.8,0.5,13.2,24.7,,2.5,4.1,6.6,.097,,0.5,0.5,1.0,2.5,2000
371,Jerry Stackhouse,SG,25,DET,82,3148,18.9,.545,.199,.524,4.3,7.2,5.8,20.3,1.6,0.8,14.9,29.2,,5.7,1.6,7.3,.111,,2.8,-1.7,1.0,2.4,2000
375,Michael Stewart,C,24,TOR,42,389,5.4,.432,.000,.604,9.2,18.2,13.5,2.2,0.7,3.4,20.2,9.6,,-0.1,0.4,0.2,.030,,-7.4,-0.8,-8.2,-0.6,2000
376,Bryant Stith,SG,29,DEN,45,691,13.8,.568,.296,.407,3.6,9.7,6.6,13.7,1.3,1.2,12.9,16.1,,1.2,0.4,1.6,.110,,0.1,0.1,0.2,0.4,2000
377,John Stockton*,PG,37,UTA,82,2432,22.4,.591,.167,.354,2.3,8.3,5.4,48.1,3.1,0.5,17.6,19.3,,8.2,3.1,11.2,.222,,5.0,1.7,6.6,5.3,2000
378,Peja Stojaković,SF,22,SAC,74,1749,16.3,.559,.372,.213,4.4,12.1,8.2,9.4,1.4,0.3,10.1,20.8,,3.2,1.7,4.8,.133,,2.0,-0.4,1.6,1.6,2000
379,Damon Stoudamire,PG,26,POR,78,2372,15.5,.508,.237,.162,3.2,8.6,6.0,28.4,1.7,0.0,13.5,21.5,,3.6,2.5,6.1,.124,,1.2,-0.3,0.9,1.7,2000
380,Erick Strickland,SG,26,DAL,68,2025,16.5,.531,.255,.267,3.7,13.4,8.6,15.9,2.6,0.4,11.1,20.0,,3.2,1.7,4.9,.116,,0.5,0.6,1.1,1.6,2000
381,Mark Strickland,SF,29,MIA,58,663,17.2,.571,.000,.250,8.1,16.0,12.2,5.9,1.2,2.0,8.8,19.2,,1.3,0.9,2.2,.161,,0.7,0.1,0.8,0.5,2000
382,Rod Strickland,PG,33,WAS,69,2188,17.1,.485,.028,.400,3.8,9.9,6.8,38.9,2.2,0.6,17.3,22.0,,2.4,1.3,3.7,.081,,1.8,-0.8,1.0,1.6,2000
385,Bob Sura,SG,26,CLE,73,2216,15.6,.545,.407,.308,2.5,12.1,7.3,21.8,2.1,0.6,13.8,21.1,,2.9,2.1,4.9,.107,,1.4,0.3,1.7,2.1,2000
386,Wally Szczerbiak,SF,22,MIN,73,2171,15.4,.571,.117,.241,4.7,9.9,7.3,14.2,1.4,0.8,10.1,17.1,,4.5,1.7,6.2,.137,,1.0,-0.1,0.9,1.6,2000
389,Maurice Taylor,PF,23,LAC,62,2227,13.4,.492,.008,.203,4.6,15.8,10.0,8.6,1.2,1.5,13.6,24.8,,-0.8,0.5,-0.3,-0.007,,-1.9,-1.9,-3.8,-1.0,2000
390,Jason Terry,PG,22,ATL,81,1888,13.9,.497,.262,.233,1.4,8.2,4.8,29.3,2.5,0.3,19.1,19.2,,0.9,0.9,1.9,.047,,-0.4,-0.6,-1.0,0.5,2000
392,John Thomas,C,24,TOR,55,477,6.5,.456,.009,.383,8.4,9.2,8.8,2.9,1.3,2.1,10.1,12.9,,0.1,0.3,0.4,.038,,-5.9,-0.9,-6.9,-0.6,2000
393,Kenny Thomas,PF,22,HOU,72,1797,12.0,.477,.230,.394,9.4,17.7,13.6,9.8,1.5,0.8,15.2,18.0,,0.6,1.6,2.2,.058,,-1.8,-0.8,-2.6,-0.3,2000
394,Kurt Thomas,PF,27,NYK,80,1971,13.6,.542,.006,.239,8.9,21.1,15.2,7.0,1.4,1.6,15.1,16.7,,1.9,3.4,5.2,.127,,-1.4,1.4,-0.1,1.0,2000
395,Tim Thomas,SF,22,MIL,80,2093,14.7,.549,.242,.323,5.6,12.9,9.3,8.5,1.5,1.1,13.0,21.0,,3.0,0.8,3.8,.088,,0.5,-1.3,-0.8,0.6,2000
396,Otis Thorpe,PF,37,MIA,51,777,11.1,.528,.012,.198,8.8,15.6,12.4,7.2,1.8,0.8,18.3,19.4,,0.0,1.1,1.1,.069,,-4.1,0.1,-4.0,-0.4,2000
397,Robert Traylor,PF,22,MIL,44,447,15.8,.517,.033,.557,13.1,16.9,15.0,6.7,2.9,4.2,15.1,17.8,,0.5,0.5,1.0,.112,,-1.8,0.3,-1.5,0.1,2000
401,Nick Van Exel,PG,28,DEN,79,2950,16.0,.483,.331,.198,1.2,10.3,5.7,39.7,1.2,0.3,14.4,22.7,,3.7,1.2,4.9,.079,,2.0,-2.2,-0.2,1.3,2000
402,Keith Van Horn,PF,24,NJN,80,2782,18.1,.537,.181,.313,7.7,19.7,13.5,10.3,1.2,1.5,14.6,26.8,,3.2,2.4,5.5,.096,,1.2,-1.5,-0.3,1.2,2000
403,Jacque Vaughn,PG,24,UTA,78,884,9.2,.489,.130,.290,1.5,7.3,4.5,21.9,1.9,0.0,20.7,19.5,,-0.4,0.8,0.4,.022,,-3.4,-0.9,-4.3,-0.5,2000
404,Loy Vaught,PF,31,DET,43,292,8.5,.390,.034,.180,10.3,25.7,18.0,5.7,1.0,1.0,10.3,16.1,,-0.2,0.3,0.2,.026,,-3.9,-1.6,-5.5,-0.3,2000
406,Antoine Walker,PF,23,BOS,82,3003,17.8,.494,.189,.295,7.2,18.2,12.4,18.2,2.0,0.8,13.2,28.3,,2.3,2.7,5.0,.080,,1.8,-1.1,0.7,2.1,2000
407,Samaki Walker,PF,23,SAS,71,980,13.1,.499,.000,.413,9.3,21.6,15.8,6.4,0.5,2.5,15.1,20.0,,0.3,1.7,2.0,.098,,-2.6,-0.1,-2.7,-0.2,2000
408,Ben Wallace*,PF,25,ORL,81,1959,14.4,.508,.000,.341,11.8,25.2,18.5,4.8,1.8,4.6,14.9,9.7,,1.7,3.9,5.6,.138,,-0.3,2.1,1.8,1.9,2000
409,John Wallace,SF,25,NYK,60,798,13.3,.520,.009,.307,6.4,13.4,10.0,5.1,0.7,1.3,14.3,26.1,,0.1,0.9,1.0,.061,,-2.2,-0.6,-2.8,-0.2,2000
410,Rasheed Wallace,PF,25,POR,81,2845,18.1,.556,.048,.317,5.6,17.2,11.7,8.7,1.6,2.8,11.6,21.9,,4.6,4.7,9.3,.156,,1.2,1.0,2.2,3.0,2000
412,Charlie Ward,PG,29,NYK,72,1986,13.6,.559,.591,.130,1.4,11.9,6.8,23.8,2.6,0.6,17.8,13.7,,2.5,3.0,5.5,.133,,0.3,2.5,2.8,2.4,2000
413,Clarence Weatherspoon,PF,29,MIA,78,1615,16.2,.566,.000,.437,9.6,21.9,16.1,9.3,1.7,2.2,16.7,17.3,,2.2,2.9,5.1,.152,,0.0,1.2,1.2,1.3,2000
414,Chris Webber*,PF,26,SAC,75,2880,23.4,.530,.061,.267,6.8,21.8,14.3,21.1,2.0,2.9,11.2,28.2,,5.7,5.0,10.7,.179,,3.6,2.1,5.7,5.6,2000
415,Bonzi Wells,SF,23,POR,66,1162,17.3,.540,.110,.269,8.3,10.0,9.2,14.9,3.2,0.8,15.3,25.2,,1.3,1.8,3.1,.130,,0.1,1.0,1.1,0.9,2000
417,David Wesley,PG,29,CHH,82,2760,15.0,.519,.260,.288,1.6,7.4,4.6,28.2,2.0,0.3,12.9,20.1,,3.4,2.7,6.1,.106,,0.4,-0.3,0.1,1.5,2000
420,Jahidi White,C,23,WAS,80,1537,15.7,.524,.000,.469,15.0,26.6,20.7,1.6,1.0,3.9,14.8,18.4,,1.3,1.9,3.2,.101,,-1.6,-1.1,-2.7,-0.3,2000
421,Chris Whitney,PG,28,WAS,82,1627,15.6,.554,.489,.253,1.4,8.2,4.7,30.7,1.7,0.2,15.6,18.7,,3.3,0.6,4.0,.117,,2.0,-0.9,1.1,1.2,2000
422,Aaron Williams,PF,28,WAS,81,1545,17.7,.572,.007,.447,11.7,18.9,15.2,6.2,1.4,4.3,12.9,17.8,,3.2,1.6,4.8,.150,,0.0,0.4,0.3,0.9,2000
423,Alvin Williams,PG,25,TOR,55,779,13.6,.463,.192,.226,3.8,8.6,6.1,26.6,2.3,1.0,13.0,20.6,,0.4,0.6,1.0,.063,,-0.9,-0.2,-1.1,0.2,2000
424,Eric Williams,SF,27,BOS,68,1378,11.8,.531,.187,.438,4.3,8.8,6.5,10.3,1.6,0.9,12.5,16.6,,1.8,0.7,2.5,.088,,-1.0,-0.7,-1.7,0.1,2000
425,Jason Williams,PG,24,SAC,81,2760,11.6,.477,.519,.175,0.8,7.9,4.3,30.7,2.0,0.2,22.0,20.3,,-1.1,2.6,1.5,.026,,-0.8,-1.1,-1.9,0.1,2000
426,Jerome Williams,PF,26,DET,82,2102,17.9,.593,.007,.623,15.3,28.2,21.7,5.0,2.3,0.7,15.3,14.3,,4.6,3.0,7.6,.174,,1.7,-0.5,1.2,1.7,2000
428,Monty Williams,SF,28,ORL,75,1501,13.8,.533,.009,.309,7.0,11.2,9.1,11.3,1.5,0.8,15.1,20.2,,1.5,1.6,3.1,.099,,-1.1,0.0,-1.1,0.3,2000
429,Scott Williams,C,31,MIL,68,1488,15.6,.539,.000,.303,14.0,21.2,17.6,2.9,1.4,3.3,11.9,16.4,,2.5,1.4,3.9,.124,,-0.9,-1.1,-2.0,0.0,2000
430,Shammond Williams,PG,24,SEA,43,517,12.2,.455,.360,.227,2.5,8.6,5.5,24.2,1.8,0.0,13.9,24.5,,-0.1,0.3,0.2,.020,,-0.9,-1.9,-2.8,-0.1,2000
431,Walt Williams,SF,29,HOU,76,1859,15.6,.562,.383,.181,4.3,14.0,9.2,14.3,1.3,1.5,13.3,20.0,,3.0,1.4,4.4,.114,,1.4,-0.1,1.3,1.5,2000
432,Corliss Williamson,SF,26,SAC,76,1707,14.0,.549,.000,.341,7.4,10.3,8.9,7.4,1.1,0.7,13.3,20.2,,2.2,1.4,3.6,.102,,-1.2,-0.9,-2.1,0.0,2000
433,Kevin Willis,PF,37,TOR,79,1679,12.3,.471,.005,.288,13.0,19.4,16.1,4.8,1.1,2.0,13.3,19.5,,0.7,1.6,2.3,.066,,-3.5,-2.1,-5.6,-1.5,2000
437,Metta World Peace,SF,20,CHI,72,2238,13.4,.491,.252,.368,3.2,13.1,8.1,17.7,2.9,1.3,15.8,21.4,,-0.3,2.6,2.3,.050,,-1.1,0.9,-0.2,1.0,2000
438,Lorenzen Wright,C,24,ATL,75,1205,13.9,.533,.008,.374,10.6,17.1,13.9,2.9,1.3,2.2,13.6,17.9,,1.3,0.9,2.2,.088,,-2.5,-0.9,-3.5,-0.4,2000
