Rk,Player,Pos,Age,Tm,G,MP,PER,TS%,3PAr,FTr,ORB%,DRB%,TRB%,AST%,STL%,BLK%,TOV%,USG%,Unnamed: 19,OWS,DWS,WS,WS/48,Unnamed: 24,OBPM,DBPM,BPM,VORP,Year
4,Steven Adams,C,25,OKC,80,2669,18.5,.591,.002,.361,14.7,14.8,14.7,6.6,2.0,2.4,12.6,16.4,,5.1,4.0,9.1,.163,,0.7,0.4,1.1,2.1,2019
5,Bam Adebayo,C,21,MIA,82,1913,17.9,.623,.031,.465,9.2,24.0,16.6,14.2,1.8,3.0,17.1,15.8,,3.4,3.4,6.8,.171,,-0.4,2.2,1.8,1.8,2019
8,LaMarcus Aldridge,C,33,SAS,81,2687,22.9,.576,.032,.312,10.3,19.8,15.1,11.6,0.8,3.4,8.8,26.9,,6.4,2.9,9.3,.167,,2.4,-0.6,1.8,2.6,2019
11,Jarrett Allen,C,20,BRK,80,2096,18.5,.632,.079,.489,9.6,24.0,16.8,7.9,1.0,4.5,13.0,15.9,,4.4,3.3,7.6,.175,,0.2,1.4,1.6,1.9,2019
13,Al-Farouq Aminu,PF,28,POR,81,2292,13.2,.568,.472,.292,5.3,22.6,14.2,6.0,1.4,1.2,9.7,13.7,,3.0,2.8,5.8,.121,,0.1,0.6,0.7,1.5,2019
14,Justin Anderson,SF,25,ATL,48,463,11.2,.516,.490,.223,5.3,13.9,9.5,6.9,2.2,2.4,11.8,17.2,,0.1,0.4,0.4,.043,,-2.4,-0.3,-2.7,-0.1,2019
15,Kyle Anderson,SF,25,MEM,43,1281,12.8,.569,.123,.232,4.1,18.1,11.0,15.0,2.1,2.7,16.0,12.6,,0.8,1.8,2.7,.100,,-1.6,2.4,0.8,0.9,2019
18,Giannis Antetokounmpo,PF,24,MIL,72,2358,30.9,.644,.163,.550,7.3,30.0,19.3,30.3,1.8,3.9,14.8,32.3,,8.9,5.5,14.4,.292,,6.3,4.1,10.4,7.4,2019
21,OG Anunoby,SF,21,TOR,67,1352,9.8,.544,.500,.153,4.8,10.8,7.9,4.7,1.6,1.3,11.3,15.5,,0.3,1.7,2.0,.070,,-2.4,0.1,-2.4,-0.1,2019
22,Ryan Arcidiacono,PG,24,CHI,81,1961,11.6,.588,.519,.244,1.5,10.8,6.1,18.9,1.6,0.2,12.0,11.7,,2.8,0.9,3.7,.090,,-2.0,0.1,-1.9,0.1,2019
23,Trevor Ariza,SF,33,TOT,69,2349,12.1,.534,.590,.223,2.3,15.2,8.6,14.8,1.8,0.7,11.6,16.6,,1.3,1.2,2.5,.052,,-0.7,-0.6,-1.3,0.4,2019
24,D.J. Augustin,PG,31,ORL,81,2269,15.7,.616,.459,.309,1.9,7.8,4.8,26.9,1.1,0.1,14.3,17.2,,5.0,1.9,6.9,.146,,1.1,-0.7,0.5,1.4,2019
25,Deandre Ayton,C,20,PHO,71,2183,20.5,.608,.005,.217,11.1,26.1,18.5,9.6,1.3,2.6,11.7,21.2,,4.1,1.7,5.8,.128,,1.3,-1.1,0.2,1.2,2019
26,Dwayne Bacon,SG,23,CHO,43,759,11.7,.570,.339,.179,1.1,11.7,6.3,9.2,0.8,0.6,6.1,16.8,,0.9,0.3,1.2,.073,,-2.1,-1.6,-3.7,-0.3,2019
27,Marvin Bagley III,PF,19,SAC,62,1567,18.9,.562,.136,.371,10.4,20.8,15.5,5.9,1.0,3.2,10.7,24.2,,2.0,1.6,3.6,.110,,0.5,-1.5,-1.0,0.4,2019
30,Lonzo Ball,PG,21,LAL,47,1423,11.7,.487,.500,.105,4.0,14.0,9.1,23.8,2.3,1.1,17.8,16.9,,-0.2,1.7,1.6,.052,,-1.6,1.3,-0.3,0.6,2019
31,Mo Bamba,C,20,ORL,47,766,14.9,.539,.288,.259,8.8,24.0,16.3,7.4,0.8,7.0,13.7,17.8,,0.3,1.4,1.7,.106,,-2.8,1.4,-1.4,0.1,2019
33,Harrison Barnes,PF-SF,26,TOT,77,2533,12.8,.550,.429,.271,2.4,12.7,7.5,6.7,0.9,0.4,7.9,20.9,,2.0,1.6,3.6,.068,,-0.2,-1.2,-1.4,0.4,2019
34,Will Barton,SF,28,DEN,43,1189,11.0,.501,.426,.161,2.9,15.3,9.1,14.6,0.7,1.6,11.7,20.0,,0.1,1.1,1.2,.049,,-1.1,-0.8,-1.8,0.0,2019
36,Nicolas Batum,SF,30,CHO,75,2354,11.9,.581,.530,.158,3.2,14.9,8.9,14.5,1.5,1.6,16.3,13.2,,2.0,1.7,3.7,.076,,-0.7,0.4,-0.3,1.0,2019
38,Aron Baynes,C,32,BOS,51,821,14.0,.567,.274,.278,11.4,19.8,15.6,9.3,0.7,3.7,13.8,15.2,,1.3,1.1,2.4,.139,,-1.8,0.3,-1.5,0.1,2019
39,Kent Bazemore,SG,29,ATL,67,1643,11.9,.507,.434,.253,2.3,14.6,8.3,13.5,2.5,2.2,13.6,22.0,,-0.7,1.4,0.7,.021,,-2.5,0.2,-2.3,-0.1,2019
40,Bradley Beal,SG,25,WAS,82,3028,20.8,.581,.370,.278,3.1,11.7,7.4,24.1,1.9,1.6,11.0,28.4,,5.9,1.7,7.6,.120,,3.8,-0.8,2.9,3.7,2019
41,Malik Beasley,SG,22,DEN,81,1879,14.2,.599,.550,.090,2.0,9.5,5.8,7.5,1.4,0.5,6.7,18.7,,2.9,1.6,4.5,.115,,0.8,-0.7,0.1,1.0,2019
43,Marco Belinelli,SG,32,SAS,79,1815,11.9,.557,.572,.180,1.0,10.8,5.9,10.1,0.9,0.4,8.8,19.8,,1.4,1.1,2.5,.065,,-0.5,-1.2,-1.7,0.1,2019
44,Jordan Bell,C,24,GSW,68,788,12.9,.531,.010,.214,7.8,16.7,12.5,12.3,1.2,5.4,16.7,13.7,,0.5,1.1,1.6,.096,,-2.2,1.3,-0.9,0.2,2019
45,DeAndre' Bembry,SG,24,ATL,82,1931,10.8,.508,.281,.221,2.9,16.9,9.7,14.7,2.5,1.8,17.4,17.2,,-0.9,1.7,0.9,.022,,-3.3,0.8,-2.4,-0.2,2019
46,Dragan Bender,PF,21,PHO,46,826,9.5,.521,.513,.274,4.5,20.3,12.3,9.4,1.0,2.2,14.4,13.4,,0.0,0.4,0.5,.027,,-3.4,-0.8,-4.1,-0.5,2019
48,Dāvis Bertāns,PF,26,SAS,76,1632,13.0,.632,.746,.132,1.6,16.0,8.8,8.2,1.0,1.7,8.2,14.1,,2.6,1.5,4.0,.118,,1.1,0.2,1.3,1.4,2019
49,Patrick Beverley,PG,30,LAC,78,2137,11.8,.561,.591,.258,3.9,15.0,9.6,18.4,1.5,1.6,13.8,12.2,,2.8,2.0,4.8,.108,,-0.3,1.2,0.9,1.5,2019
50,Khem Birch,C,26,ORL,50,643,19.2,.640,.007,.550,13.0,18.8,15.8,8.5,1.4,3.8,9.6,14.1,,1.8,1.0,2.8,.212,,0.1,1.0,1.2,0.5,2019
51,Bismack Biyombo,C,26,CHO,54,783,14.4,.602,.000,.583,11.0,23.3,17.0,5.9,0.7,4.6,14.8,12.7,,1.2,0.8,2.0,.125,,-2.4,0.0,-2.5,-0.1,2019
52,Nemanja Bjelica,PF,30,SAC,77,1788,15.4,.585,.433,.155,7.0,18.8,12.8,11.1,1.4,2.7,11.5,16.5,,2.7,1.9,4.5,.122,,0.4,0.5,0.9,1.3,2019
53,Antonio Blakeney,SG,22,CHI,57,829,10.6,.487,.230,.192,0.9,13.1,6.9,8.2,0.7,0.9,7.5,24.5,,-0.8,0.3,-0.5,-0.030,,-2.4,-2.7,-5.2,-0.7,2019
54,Eric Bledsoe,PG,29,MIL,78,2272,19.3,.577,.388,.243,3.9,11.8,8.1,27.4,2.4,1.1,13.3,22.9,,4.4,3.7,8.2,.173,,1.9,1.2,3.1,2.9,2019
56,Bogdan Bogdanović,SG,26,SAC,70,1947,14.1,.530,.431,.188,2.1,11.0,6.4,19.3,1.7,0.7,11.1,22.3,,1.3,1.4,2.7,.067,,-0.1,-0.6,-0.6,0.7,2019
57,Bojan Bogdanović,SF,29,IND,81,2573,16.1,.613,.367,.290,1.5,12.7,7.2,9.5,1.3,0.0,10.2,22.4,,3.9,2.8,6.8,.126,,1.3,-0.6,0.7,1.7,2019
59,Jonah Bolden,PF,23,PHI,44,639,12.7,.595,.593,.167,8.0,19.0,13.7,8.5,1.3,4.8,17.2,13.8,,0.5,0.9,1.4,.106,,-1.8,1.1,-0.7,0.2,2019
61,Devin Booker,SG,22,PHO,64,2242,20.2,.584,.330,.362,1.9,11.3,6.5,34.1,1.2,0.5,15.4,32.9,,3.3,0.3,3.5,.076,,3.3,-2.3,1.0,1.7,2019
63,Avery Bradley,SG,28,TOT,63,1905,7.6,.496,.403,.082,2.5,7.3,4.9,11.8,1.0,0.7,12.4,16.2,,-0.6,1.0,0.3,.009,,-2.8,-0.9,-3.7,-0.8,2019
66,Mikal Bridges,SF,22,PHO,82,2417,10.8,.556,.556,.210,2.5,9.7,6.0,9.8,2.5,1.3,10.2,12.2,,1.7,1.2,2.9,.058,,-2.0,0.4,-1.6,0.3,2019
67,Miles Bridges,SF,20,CHO,80,1696,13.1,.548,.391,.151,4.2,16.6,10.3,8.1,1.6,2.5,8.4,15.1,,1.4,1.5,2.9,.083,,-0.9,0.1,-0.8,0.5,2019
69,Ryan Broekhoff,SG,28,DAL,42,453,10.7,.621,.738,.151,1.9,12.9,7.4,7.2,0.6,0.8,10.6,14.3,,0.5,0.3,0.8,.086,,-0.5,-0.5,-1.0,0.1,2019
70,Malcolm Brogdon,SG,26,MIL,64,1832,17.8,.614,.326,.203,3.8,11.7,8.0,16.2,1.2,0.6,10.0,20.7,,4.2,2.3,6.5,.171,,2.0,0.1,2.2,1.9,2019
73,Bruce Brown,SG,22,DET,74,1449,6.9,.469,.296,.191,3.5,10.7,7.0,8.8,1.4,2.1,11.9,11.5,,-0.1,1.6,1.5,.048,,-4.4,1.0,-3.3,-0.5,2019
74,Jaylen Brown,SG,22,BOS,74,1913,13.5,.547,.348,.255,3.6,13.9,8.7,7.7,1.7,1.5,10.1,22.1,,0.7,2.4,3.0,.076,,-1.6,-0.4,-2.1,0.0,2019
76,Sterling Brown,SG,23,MIL,58,1034,10.9,.563,.471,.135,3.0,14.4,9.0,10.7,1.1,0.7,12.2,15.2,,0.7,1.4,2.1,.098,,-1.8,0.3,-1.5,0.1,2019
77,Troy Brown Jr.,SF,19,WAS,52,730,11.1,.487,.295,.201,5.1,16.6,10.8,14.9,1.4,0.6,10.5,16.5,,0.2,0.4,0.6,.039,,-1.7,-1.0,-2.7,-0.1,2019
78,Jalen Brunson,PG,22,DAL,73,1591,12.8,.549,.320,.212,1.7,9.6,5.7,22.6,1.1,0.2,12.5,19.1,,1.5,1.0,2.6,.077,,-1.2,-0.5,-1.7,0.1,2019
79,Thomas Bryant,C,21,WAS,72,1496,21.0,.674,.197,.273,8.1,25.1,16.5,9.3,0.8,3.8,9.6,17.6,,4.3,1.3,5.6,.178,,2.3,-0.3,2.0,1.5,2019
80,Reggie Bullock,SG,27,TOT,63,1879,10.5,.563,.662,.143,1.2,8.8,4.9,10.1,1.0,0.5,9.3,15.8,,1.6,1.4,3.1,.078,,-0.7,-0.4,-1.1,0.4,2019
81,Trey Burke,PG,26,TOT,58,1125,16.5,.524,.290,.226,2.6,6.7,4.6,24.1,1.4,0.5,7.5,24.8,,1.4,0.5,1.9,.081,,1.5,-1.4,0.1,0.6,2019
82,Alec Burks,SG,27,TOT,64,1375,12.7,.523,.354,.297,2.3,17.0,9.4,13.7,1.4,1.3,10.8,19.0,,0.7,0.8,1.5,.052,,-0.6,-0.7,-1.2,0.3,2019
84,Jimmy Butler,SF-SG,29,TOT,65,2185,20.2,.571,.213,.404,6.0,10.5,8.3,18.0,2.7,1.4,8.2,22.3,,5.4,2.5,7.9,.173,,2.8,0.9,3.7,3.2,2019
86,José Calderón,PG,37,DET,49,632,7.1,.453,.475,.092,1.8,8.8,5.2,24.9,1.2,0.4,21.9,10.9,,0.0,0.5,0.6,.043,,-4.2,0.3,-3.9,-0.3,2019
87,Kentavious Caldwell-Pope,SG,25,LAL,82,2035,12.9,.568,.575,.209,2.5,9.4,6.0,7.5,1.7,0.5,7.3,18.1,,2.3,1.8,4.0,.095,,-0.3,-0.1,-0.5,0.8,2019
89,Clint Capela,C,24,HOU,67,2249,23.8,.658,.000,.357,14.4,27.6,20.8,7.1,1.0,3.9,10.0,18.2,,7.8,3.0,10.8,.230,,3.3,-0.3,3.0,2.8,2019
90,DeMarre Carroll,PF,32,BRK,67,1703,12.1,.546,.539,.421,4.2,17.3,10.8,7.2,0.9,0.5,9.7,18.6,,1.5,1.6,3.1,.088,,-0.9,-0.6,-1.5,0.2,2019
92,Vince Carter,PF,42,ATL,76,1330,11.8,.565,.675,.141,2.4,13.2,7.7,9.3,1.5,1.8,8.8,16.7,,1.2,0.7,1.9,.070,,-0.4,-0.3,-0.7,0.5,2019
93,Wendell Carter Jr.,C,19,CHI,44,1110,15.2,.541,.086,.302,8.4,21.8,15.0,10.7,1.1,4.5,13.4,19.1,,0.7,1.2,1.9,.080,,-2.2,0.6,-1.6,0.1,2019
97,Willie Cauley-Stein,C,25,SAC,81,2213,18.0,.566,.003,.343,8.2,23.7,15.8,12.3,2.0,2.0,9.0,17.5,,3.8,2.9,6.7,.146,,0.2,1.1,1.2,1.8,2019
100,Tyson Chandler,C,36,TOT,55,875,11.2,.630,.010,.879,11.1,25.3,18.3,5.3,1.1,2.2,23.4,8.5,,0.9,1.2,2.1,.114,,-2.9,0.8,-2.1,0.0,2019
101,Wilson Chandler,PF-SF,31,TOT,51,1177,8.5,.537,.579,.092,4.4,14.6,9.7,9.1,1.0,1.4,13.9,11.8,,0.5,1.0,1.5,.062,,-2.3,-0.5,-2.8,-0.2,2019
104,Marquese Chriss,PF,21,TOT,43,499,9.2,.455,.400,.250,8.6,23.6,15.8,6.5,1.7,1.9,15.3,20.6,,-0.6,0.4,-0.2,-0.023,,-5.7,-1.9,-7.5,-0.7,2019
105,Gary Clark,PF,24,HOU,51,641,9.2,.480,.914,.046,4.1,16.2,10.0,3.8,1.5,3.5,4.3,10.9,,0.3,0.7,1.0,.071,,-1.1,0.4,-0.7,0.2,2019
106,Ian Clark,SG,27,NOP,60,973,8.3,.502,.527,.097,1.4,8.0,4.7,12.9,1.1,0.7,12.7,19.3,,-0.4,0.3,-0.1,-0.003,,-3.3,-1.8,-5.1,-0.8,2019
107,Jordan Clarkson,SG,26,CLE,81,2214,16.8,.539,.377,.163,3.9,9.9,6.8,15.6,1.3,0.5,9.6,27.6,,1.9,-0.1,1.8,.039,,2.1,-2.6,-0.5,0.8,2019
108,John Collins,PF,21,ATL,61,1829,21.8,.627,.190,.320,12.3,22.1,17.1,11.0,0.6,1.8,11.2,23.7,,5.0,1.0,6.0,.158,,2.8,-1.9,0.9,1.3,2019
109,Zach Collins,C,21,POR,77,1356,13.5,.562,.303,.315,8.8,16.5,12.7,7.1,0.9,3.9,14.5,16.6,,1.4,1.5,2.9,.104,,-1.5,0.3,-1.2,0.3,2019
110,Darren Collison,PG,31,IND,76,2143,16.7,.574,.294,.288,1.9,9.9,6.0,29.9,2.5,0.4,14.4,17.7,,3.9,2.9,6.8,.153,,0.8,1.0,1.8,2.1,2019
112,Mike Conley,PG,31,MEM,70,2342,21.4,.569,.380,.363,1.9,9.7,5.7,33.4,2.0,0.9,9.1,27.3,,5.7,2.3,8.0,.164,,4.6,0.1,4.7,3.9,2019
113,Pat Connaughton,SG,26,MIL,61,1261,13.6,.573,.571,.114,5.2,15.0,10.4,12.6,1.2,1.7,8.2,13.3,,2.0,1.9,3.9,.149,,0.3,0.8,1.2,1.0,2019
114,Quinn Cook,PG,25,GSW,74,1059,13.1,.565,.456,.059,2.3,13.0,7.9,15.2,0.9,0.2,10.0,20.2,,1.0,0.8,1.8,.082,,-0.5,-1.6,-2.1,0.0,2019
117,Allen Crabbe,SG,26,BRK,43,1133,7.7,.519,.694,.150,1.5,12.2,6.9,5.8,1.0,0.9,10.4,16.4,,-0.2,1.0,0.8,.035,,-2.4,-0.4,-2.8,-0.2,2019
118,Torrey Craig,SF,28,DEN,75,1503,10.4,.547,.519,.193,6.4,12.6,9.5,6.3,1.2,2.7,10.1,12.4,,1.4,1.7,3.0,.096,,-2.0,0.2,-1.9,0.0,2019
119,Jamal Crawford,SG,38,PHO,64,1211,11.7,.522,.461,.251,0.7,7.2,3.9,27.7,1.3,0.8,16.9,20.8,,0.1,0.0,0.2,.006,,-1.1,-2.8,-3.9,-0.6,2019
121,Jae Crowder,SF,28,UTA,80,2166,12.1,.538,.655,.247,3.1,15.9,9.6,8.9,1.4,1.1,8.8,19.1,,1.3,3.1,4.4,.097,,-0.3,0.6,0.3,1.2,2019
122,Dante Cunningham,PF,31,SAS,64,928,10.2,.585,.411,.114,5.7,16.3,11.0,6.8,1.4,1.2,11.7,8.9,,1.0,0.9,1.9,.097,,-1.3,0.6,-0.6,0.3,2019
123,Seth Curry,SG,28,POR,74,1399,11.4,.595,.540,.112,2.1,6.9,4.6,6.5,1.2,0.7,11.1,16.6,,1.5,0.9,2.4,.082,,-0.4,-0.7,-1.0,0.3,2019
124,Stephen Curry,PG,30,GSW,69,2331,24.4,.641,.604,.214,2.2,14.2,8.4,24.2,1.9,0.9,11.6,30.4,,7.2,2.5,9.7,.199,,7.1,-0.5,6.6,5.1,2019
125,Troy Daniels,SG,27,PHO,51,760,9.8,.558,.705,.084,1.9,8.9,5.3,5.0,1.6,0.5,8.7,17.6,,0.2,0.1,0.3,.020,,-1.7,-2.0,-3.7,-0.3,2019
126,Anthony Davis,C,25,NOP,56,1850,30.3,.597,.141,.422,9.9,27.5,18.8,19.0,2.2,6.0,8.4,29.5,,6.4,3.1,9.5,.247,,7.1,2.3,9.4,5.3,2019
128,Ed Davis,C,29,BRK,81,1446,17.3,.632,.007,.536,15.8,34.6,25.2,6.0,1.2,1.8,14.6,12.7,,3.3,2.5,5.7,.191,,-0.6,0.7,0.0,0.7,2019
130,Dewayne Dedmon,C,29,ATL,64,1609,16.0,.602,.413,.215,6.7,25.0,15.7,8.1,2.0,3.8,12.7,16.7,,2.1,1.9,4.0,.119,,-0.3,0.8,0.5,1.0,2019
131,Sam Dekker,PF,24,TOT,47,788,13.3,.519,.242,.180,7.2,13.5,10.2,8.3,2.3,0.7,8.0,16.2,,0.6,0.5,1.0,.064,,-1.0,-0.7,-1.8,0.1,2019
133,Matthew Dellavedova,PG,28,TOT,48,812,11.1,.532,.537,.215,0.8,9.9,5.2,31.9,0.8,0.2,20.4,17.9,,0.5,0.0,0.5,.028,,-1.7,-2.8,-4.4,-0.5,2019
135,DeMar DeRozan,SG,29,SAS,77,2688,19.6,.542,.034,.336,2.2,16.4,9.4,27.6,1.6,1.1,11.7,27.9,,3.6,2.6,6.3,.112,,1.0,0.1,1.1,2.2,2019
137,Cheick Diallo,PF,22,NOP,64,896,17.5,.644,.015,.247,8.8,29.3,19.2,5.1,1.5,3.0,14.0,16.0,,1.4,1.2,2.6,.140,,-1.1,0.1,-0.9,0.2,2019
138,Hamidou Diallo,SG,20,OKC,51,526,10.1,.497,.145,.358,7.2,12.0,9.5,4.4,1.9,1.6,10.7,16.6,,0.1,0.7,0.8,.069,,-4.4,0.2,-4.2,-0.3,2019
139,Gorgui Dieng,C,29,MIN,76,1031,18.1,.572,.149,.281,8.3,24.1,16.1,10.3,2.2,3.4,11.9,19.6,,1.5,1.3,2.8,.132,,-0.3,0.9,0.6,0.7,2019
140,Spencer Dinwiddie,PG,25,BRK,68,1914,16.3,.580,.447,.430,1.4,7.6,4.6,25.6,1.0,0.7,13.4,24.9,,3.5,1.4,4.8,.121,,1.4,-0.8,0.6,1.3,2019
142,Luka Dončić,SG,19,DAL,72,2318,19.6,.545,.433,.409,4.0,21.9,13.0,31.6,1.6,0.9,15.0,30.5,,2.1,2.8,4.9,.101,,3.6,0.3,3.9,3.4,2019
143,Tyler Dorsey,SG,22,TOT,48,698,11.2,.509,.500,.231,4.2,13.7,8.9,12.4,1.0,0.3,8.5,19.7,,0.2,0.4,0.6,.043,,-1.4,-2.1,-3.5,-0.3,2019
144,Damyean Dotson,SG,24,NYK,73,2004,10.8,.526,.490,.140,1.7,12.2,6.8,10.4,1.4,0.4,8.7,17.3,,0.7,0.9,1.5,.037,,-1.7,-0.9,-2.6,-0.3,2019
147,Andre Drummond,C,25,DET,79,2647,23.4,.555,.036,.392,16.8,34.7,25.4,7.2,2.5,4.4,12.4,22.9,,4.1,5.9,10.0,.181,,1.3,0.8,2.1,2.7,2019
148,Jared Dudley,PF,33,BRK,59,1220,7.8,.554,.632,.192,2.9,10.4,6.7,9.2,1.4,1.0,14.2,10.4,,0.6,1.2,1.8,.070,,-2.9,1.1,-1.8,0.1,2019
149,Kris Dunn,PG,24,CHI,46,1389,12.4,.484,.190,.136,1.5,13.3,7.3,30.0,2.4,1.3,16.2,20.1,,-0.5,1.2,0.6,.022,,-2.8,0.2,-2.7,-0.2,2019
150,Kevin Durant,SF,30,GSW,78,2702,24.2,.631,.281,.366,1.4,17.5,9.8,26.2,1.0,2.6,12.3,29.0,,8.6,2.9,11.5,.204,,5.4,0.1,5.5,5.1,2019
154,Wayne Ellington,SG,31,TOT,53,1297,11.8,.569,.814,.107,1.1,7.9,4.5,8.3,2.0,0.4,7.7,17.2,,1.3,1.4,2.6,.097,,-0.3,0.3,0.0,0.7,2019
155,Joel Embiid,C,24,PHI,64,2154,26.1,.593,.219,.541,8.1,34.0,21.4,18.4,1.0,4.4,13.2,33.3,,4.9,3.8,8.7,.194,,4.0,0.9,4.9,3.8,2019
156,James Ennis III,SF,28,TOT,58,1230,11.0,.590,.531,.276,5.3,10.9,8.1,4.7,1.6,1.6,9.3,12.7,,1.6,1.0,2.6,.103,,-1.4,-0.2,-1.5,0.1,2019
160,Tyreke Evans,SG,29,IND,69,1402,11.5,.483,.327,.242,2.7,13.0,7.9,17.5,2.0,1.1,13.9,26.4,,-1.7,2.0,0.3,.010,,-2.4,-0.3,-2.7,-0.2,2019
161,Dante Exum,PG,23,UTA,42,664,11.2,.516,.257,.357,2.7,8.3,5.5,24.1,1.0,0.6,15.7,21.3,,0.2,0.7,1.0,.069,,-2.0,-0.1,-2.1,0.0,2019
163,Derrick Favors,C,27,UTA,76,1766,21.8,.624,.126,.368,12.9,21.3,17.2,8.0,1.5,4.8,10.5,19.4,,4.4,3.5,7.9,.215,,1.8,1.5,3.3,2.4,2019
164,Cristiano Felício,C,26,CHI,60,746,13.4,.568,.022,.408,11.4,20.5,15.9,7.2,0.7,0.8,13.5,14.3,,0.9,0.4,1.4,.088,,-2.0,-2.1,-4.1,-0.4,2019
166,Terrance Ferguson,SG,20,OKC,74,1931,6.4,.566,.673,.118,1.7,6.0,3.8,4.8,1.0,0.7,9.4,10.6,,1.2,1.6,2.8,.070,,-3.9,0.1,-3.8,-0.9,2019
167,Yogi Ferrell,PG,25,SAC,71,1067,12.7,.550,.423,.190,1.2,9.5,5.3,17.0,1.6,0.3,9.5,16.3,,1.3,0.6,1.9,.087,,-1.0,-0.4,-1.4,0.2,2019
168,Dorian Finney-Smith,SF,25,DAL,81,1985,11.0,.530,.481,.195,7.5,13.4,10.5,6.9,1.7,1.5,11.4,14.0,,1.2,2.0,3.3,.079,,-1.8,0.4,-1.4,0.3,2019
169,Bryn Forbes,SG,25,SAS,82,2293,12.0,.586,.522,.099,0.9,10.4,5.7,10.6,1.0,0.1,8.8,17.4,,2.5,1.3,3.8,.079,,-0.3,-0.9,-1.2,0.5,2019
170,Evan Fournier,SG,26,ORL,81,2553,12.3,.536,.421,.159,1.6,9.4,5.4,17.6,1.4,0.4,11.9,22.1,,0.8,2.5,3.2,.061,,-1.8,-0.6,-2.4,-0.3,2019
171,De'Aaron Fox,PG,21,SAC,81,2546,18.1,.544,.211,.378,1.7,10.8,6.2,33.2,2.4,1.5,15.0,24.5,,3.2,2.5,5.6,.106,,1.3,0.2,1.5,2.3,2019
173,Tim Frazier,PG,28,TOT,59,1120,11.7,.544,.387,.207,3.9,11.5,7.7,27.6,1.2,0.4,21.1,13.3,,1.3,0.7,2.0,.084,,-1.4,-0.4,-1.8,0.1,2019
175,Enes Freedom,C,26,TOT,67,1640,22.3,.594,.050,.288,16.4,26.1,21.1,12.1,0.9,1.3,13.3,23.1,,3.9,1.6,5.4,.159,,2.5,-1.5,1.0,1.2,2019
178,Danilo Gallinari,SF,30,LAC,68,2059,21.0,.633,.421,.459,2.9,18.1,10.7,13.2,1.1,0.9,8.5,23.8,,6.4,1.8,8.2,.191,,4.9,-0.5,4.3,3.3,2019
179,Langston Galloway,SG,27,DET,80,1745,10.7,.534,.647,.164,3.0,7.9,5.4,7.3,1.0,0.4,3.7,16.1,,2.1,1.3,3.4,.094,,-0.9,-0.6,-1.5,0.2,2019
181,Marc Gasol,C,34,TOT,79,2436,16.7,.546,.314,.291,3.6,25.1,14.3,22.2,1.7,3.2,13.6,20.7,,2.0,4.0,6.0,.118,,0.8,2.3,3.1,3.1,2019
183,Rudy Gay,PF,32,SAS,69,1842,17.5,.583,.247,.197,3.8,23.9,13.9,14.7,1.4,1.6,12.3,22.1,,2.2,2.2,4.4,.115,,0.8,0.6,1.4,1.6,2019
184,Paul George,SF,28,OKC,77,2841,23.3,.583,.469,.335,3.7,19.6,11.4,17.7,2.8,1.0,10.0,29.5,,7.0,4.9,11.9,.201,,5.6,1.6,7.2,6.6,2019
185,Taj Gibson,PF,33,MIN,70,1686,17.8,.612,.063,.330,10.8,18.3,14.5,7.3,1.5,2.0,10.6,17.2,,3.7,1.4,5.1,.144,,0.3,-0.4,-0.1,0.8,2019
186,Harry Giles,PF,20,SAC,58,820,14.4,.526,.017,.261,8.1,20.1,14.0,15.2,1.8,2.3,15.8,23.2,,0.0,1.0,1.0,.056,,-3.4,0.4,-3.0,-0.2,2019
187,Shai Gilgeous-Alexander,PG,20,LAC,82,2174,13.4,.554,.194,.272,2.9,8.3,5.7,17.8,2.1,1.6,15.0,18.3,,1.5,1.9,3.3,.074,,-0.9,0.4,-0.5,0.8,2019
188,Rudy Gobert,C,26,UTA,81,2577,24.6,.682,.000,.733,13.2,30.2,21.9,9.6,1.2,5.8,12.1,17.8,,8.7,5.7,14.4,.268,,3.0,2.5,5.4,4.8,2019
190,Aaron Gordon,PF,23,ORL,78,2633,15.1,.538,.332,.242,5.2,18.4,11.7,16.6,1.1,1.8,12.3,21.8,,1.8,3.3,5.1,.093,,0.3,0.3,0.6,1.7,2019
191,Eric Gordon,SG,30,HOU,68,2158,12.2,.549,.640,.162,0.9,6.9,3.8,9.4,0.9,1.1,8.2,22.0,,1.7,1.0,2.6,.059,,0.5,-1.8,-1.3,0.4,2019
192,Marcin Gortat,C,34,LAC,47,751,12.8,.562,.000,.258,9.8,26.5,18.4,12.0,0.4,2.5,19.4,14.4,,0.6,0.8,1.4,.089,,-1.7,0.4,-1.3,0.1,2019
193,Devonte' Graham,PG,23,CHO,46,676,10.3,.459,.560,.213,1.6,8.6,5.0,24.8,1.7,0.3,11.3,17.0,,0.2,0.3,0.5,.035,,-2.6,-1.3,-4.0,-0.3,2019
195,Jerami Grant,PF,24,OKC,80,2612,13.8,.592,.356,.269,3.7,13.1,8.2,4.2,1.1,3.2,6.8,15.4,,4.0,3.3,7.3,.134,,-0.4,0.6,0.2,1.5,2019
196,Jerian Grant,PG,26,ORL,60,939,10.8,.526,.500,.182,2.1,9.1,5.6,22.4,2.3,0.5,17.7,13.4,,0.5,1.1,1.7,.085,,-2.9,1.3,-1.6,0.1,2019
198,Danny Green,SG,31,TOR,80,2216,13.0,.632,.690,.070,3.0,12.2,7.7,7.7,1.6,2.0,10.4,14.1,,3.0,2.9,5.9,.128,,1.1,0.8,2.0,2.2,2019
199,Draymond Green,PF,28,GSW,66,2065,12.9,.526,.391,.216,3.2,20.8,12.4,26.8,2.2,2.8,26.8,13.1,,1.1,3.2,4.3,.100,,-1.3,2.7,1.4,1.8,2019
200,Gerald Green,SG,33,HOU,73,1473,11.4,.555,.763,.118,2.2,11.7,6.8,4.1,1.1,1.6,8.3,19.5,,0.9,1.0,1.9,.061,,-0.2,-1.5,-1.7,0.1,2019
201,JaMychal Green,PF,28,TOT,65,1371,14.7,.587,.370,.212,8.3,24.3,16.4,5.8,1.6,2.3,14.3,19.4,,0.9,1.9,2.9,.101,,-1.3,-0.4,-1.7,0.1,2019
202,Jeff Green,PF,32,WAS,77,2097,13.6,.608,.466,.300,2.9,13.3,8.0,9.2,1.0,1.6,11.5,17.8,,2.8,0.8,3.6,.083,,0.0,-1.4,-1.4,0.3,2019
203,Blake Griffin,PF,29,DET,75,2622,21.0,.581,.389,.410,4.0,20.1,11.8,27.1,1.0,0.9,13.8,30.2,,5.1,2.9,8.0,.147,,4.9,0.2,5.1,4.7,2019
206,Tim Hardaway Jr.,SG,26,TOT,65,2057,13.6,.527,.480,.278,1.7,9.8,5.7,12.8,1.3,0.3,8.6,25.4,,1.0,0.9,1.8,.043,,-0.1,-2.0,-2.0,0.0,2019
207,James Harden,PG,29,HOU,78,2867,30.6,.616,.539,.449,2.5,17.8,10.0,39.5,2.7,1.7,14.5,40.5,,11.4,3.8,15.2,.254,,9.4,1.6,11.0,9.3,2019
208,Maurice Harkless,SF,25,POR,60,1415,13.2,.547,.309,.188,5.9,14.1,10.1,7.1,2.3,3.0,9.7,13.9,,1.5,1.9,3.4,.114,,-1.0,1.7,0.7,1.0,2019
209,Montrezl Harrell,C,25,LAC,82,2158,23.4,.636,.019,.466,9.3,16.7,13.1,12.5,1.6,4.0,11.0,23.5,,6.1,2.6,8.7,.193,,2.6,0.7,3.3,2.9,2019
210,Devin Harris,PG,35,DAL,68,1071,10.7,.527,.576,.386,1.2,9.9,5.6,16.7,1.6,1.3,12.1,18.5,,0.6,0.9,1.5,.068,,-2.6,0.4,-2.2,-0.1,2019
211,Gary Harris,SG,24,DEN,57,1639,12.2,.526,.380,.226,2.7,7.9,5.3,11.0,1.6,1.0,8.9,20.0,,1.1,1.5,2.6,.076,,-1.2,-0.4,-1.6,0.2,2019
212,Joe Harris,SG,27,BRK,76,2293,13.5,.645,.516,.178,2.4,10.9,6.7,11.9,0.8,0.6,13.0,17.0,,3.8,1.7,5.5,.116,,0.8,-0.3,0.5,1.4,2019
213,Tobias Harris,PF,26,TOT,82,2847,17.2,.592,.313,.245,2.6,20.8,12.0,12.5,0.8,1.0,9.8,22.8,,4.5,2.6,7.1,.120,,2.1,-0.5,1.6,2.6,2019
215,Shaquille Harrison,SG,25,CHI,73,1430,12.4,.494,.209,.289,2.5,14.5,8.4,14.1,3.0,1.8,11.1,16.5,,-0.1,1.6,1.4,.048,,-2.8,1.5,-1.3,0.2,2019
216,Josh Hart,SG,23,LAL,67,1715,9.3,.526,.591,.172,2.2,12.6,7.5,7.0,1.7,1.9,10.4,13.5,,0.2,1.9,2.1,.059,,-2.3,1.0,-1.3,0.3,2019
219,Gordon Hayward,PF,28,BOS,72,1863,15.6,.575,.364,.294,2.9,15.5,9.2,18.4,1.6,1.1,12.8,19.0,,2.6,2.3,4.9,.126,,0.4,0.4,0.8,1.3,2019
221,Juancho Hernangómez,PF,23,DEN,70,1358,11.0,.580,.576,.274,5.1,16.1,10.6,5.3,1.0,1.6,9.5,12.2,,1.6,1.4,3.0,.105,,-0.9,-0.2,-1.1,0.3,2019
222,Willy Hernangómez,C,24,CHO,58,812,20.4,.587,.132,.488,15.3,26.3,20.7,11.5,1.0,2.1,13.9,22.1,,1.8,0.8,2.6,.153,,1.1,-1.1,-0.1,0.4,2019
223,Mario Hezonja,SF,23,NYK,58,1206,10.8,.497,.328,.246,2.4,18.7,10.4,11.5,2.3,0.6,14.6,21.3,,-1.1,1.1,-0.1,-0.003,,-3.5,-0.3,-3.8,-0.5,2019
225,Buddy Hield,SG,26,SAC,82,2615,17.5,.587,.479,.142,4.1,12.4,8.1,11.9,1.0,1.1,9.2,25.1,,4.3,1.6,5.9,.108,,3.5,-1.4,2.1,2.7,2019
227,Nenê,C,36,HOU,42,546,11.9,.552,.026,.405,6.7,18.4,12.5,6.8,1.6,2.3,7.4,11.7,,0.8,0.6,1.4,.123,,-3.1,0.9,-2.2,0.0,2019
228,George Hill,PG,32,TOT,60,1302,12.1,.554,.407,.226,3.2,8.3,5.9,14.0,1.9,0.5,11.0,15.1,,1.5,1.3,2.8,.103,,-1.9,0.5,-1.4,0.2,2019
229,Solomon Hill,SF,27,NOP,44,878,6.8,.497,.567,.180,4.1,11.5,7.8,7.6,1.2,0.9,13.9,10.4,,0.1,0.4,0.5,.029,,-3.1,-0.4,-3.6,-0.3,2019
230,Aaron Holiday,PG,22,IND,50,646,11.9,.518,.485,.191,0.9,10.4,5.8,19.3,1.6,1.8,12.3,21.9,,0.1,0.8,0.9,.065,,-1.7,0.1,-1.6,0.1,2019
231,Jrue Holiday,SG,28,NOP,67,2402,19.4,.555,.313,.234,3.3,11.0,7.2,31.8,2.1,1.8,14.1,25.4,,3.5,1.9,5.4,.108,,3.1,-0.1,3.0,3.1,2019
232,Justin Holiday,SG,29,TOT,82,2607,10.0,.520,.598,.136,1.9,11.9,6.8,8.1,2.3,1.2,11.2,15.7,,-0.4,2.5,2.1,.038,,-2.3,0.5,-1.8,0.1,2019
234,Rondae Hollis-Jefferson,SF,24,BRK,59,1234,12.5,.464,.101,.376,7.1,19.2,13.2,11.7,1.7,1.7,10.7,21.6,,-0.5,1.7,1.2,.047,,-3.0,0.4,-2.6,-0.2,2019
235,Richaun Holmes,C,25,PHO,70,1184,20.7,.647,.000,.479,10.6,20.5,15.5,7.9,1.7,5.6,10.5,17.9,,3.1,1.1,4.3,.173,,0.1,0.5,0.6,0.8,2019
236,Rodney Hood,SG,26,TOT,72,1893,12.3,.545,.352,.231,1.4,7.9,4.6,10.0,1.5,0.5,6.9,18.1,,2.1,0.5,2.6,.065,,-1.2,-0.8,-2.0,0.0,2019
237,Al Horford,C,32,BOS,68,1973,20.2,.605,.281,.131,6.5,18.3,12.4,21.2,1.4,3.9,11.8,18.9,,4.5,2.9,7.5,.181,,3.3,1.9,5.1,3.6,2019
240,Kevin Huerter,SG,20,ATL,75,2048,10.1,.533,.537,.085,3.0,9.7,6.3,14.5,1.5,1.1,13.8,15.7,,0.7,0.7,1.5,.034,,-1.6,-0.8,-2.4,-0.2,2019
243,Chandler Hutchison,SF,22,CHI,44,895,8.8,.507,.239,.182,3.7,18.9,11.2,5.3,1.2,0.6,10.0,12.2,,0.0,0.6,0.6,.030,,-3.4,-0.5,-3.9,-0.4,2019
244,Serge Ibaka,C,29,TOR,74,2010,18.7,.582,.193,.202,8.6,23.2,16.1,7.7,0.7,4.3,10.7,22.9,,2.8,3.3,6.1,.146,,0.2,0.1,0.2,1.2,2019
245,Andre Iguodala,SF,35,GSW,68,1578,13.1,.587,.477,.222,3.4,13.2,8.5,16.8,1.8,2.7,13.6,10.4,,2.4,1.8,4.2,.129,,0.1,1.7,1.8,1.5,2019
246,Ersan İlyasova,PF,31,MIL,67,1231,11.6,.548,.420,.194,8.2,16.2,12.5,5.5,1.2,1.4,10.4,15.7,,1.2,1.9,3.0,.119,,-2.4,0.1,-2.3,-0.1,2019
247,Joe Ingles,PF,31,UTA,82,2568,13.4,.581,.602,.153,1.5,12.2,7.0,26.1,1.8,0.6,18.4,17.5,,2.5,3.6,6.0,.113,,0.3,1.1,1.4,2.2,2019
249,Brandon Ingram,SF,21,LAL,52,1760,13.4,.555,.129,.396,2.5,13.0,7.8,12.9,0.7,1.4,13.1,23.2,,0.6,1.4,2.0,.055,,-1.3,-0.7,-2.0,0.0,2019
250,Kyrie Irving,PG,26,BOS,67,2214,24.3,.592,.350,.197,3.4,12.7,8.1,35.0,2.2,1.4,11.3,29.6,,6.2,2.9,9.1,.197,,6.0,1.1,7.2,5.1,2019
251,Jonathan Isaac,PF,21,ORL,75,1996,13.0,.537,.435,.221,5.2,17.0,11.0,5.7,1.4,4.1,10.1,16.3,,0.9,3.1,4.0,.096,,-1.4,1.0,-0.4,0.8,2019
252,Wes Iwundu,SF,24,ORL,68,1233,8.7,.531,.288,.376,3.2,13.0,8.0,7.9,1.1,1.5,12.1,12.8,,0.5,1.4,1.9,.073,,-3.8,0.6,-3.2,-0.4,2019
254,Frank Jackson,PG,20,NOP,61,1169,9.4,.517,.378,.163,2.2,9.5,5.9,8.0,1.0,0.1,9.1,18.5,,0.1,0.4,0.4,.018,,-2.9,-1.7,-4.6,-0.8,2019
255,Jaren Jackson Jr.,PF,19,MEM,58,1515,16.4,.591,.241,.334,5.3,15.0,10.1,7.2,1.7,5.1,12.7,22.8,,1.2,2.2,3.3,.105,,-1.2,1.0,-0.3,0.7,2019
256,Josh Jackson,SG,21,PHO,79,1988,10.6,.487,.268,.253,3.6,15.9,9.7,14.1,1.8,2.3,15.6,23.9,,-2.8,1.1,-1.7,-0.040,,-3.3,-1.2,-4.6,-1.3,2019
257,Justin Jackson,SF,23,TOT,81,1614,11.3,.561,.505,.163,2.8,11.0,6.9,8.1,0.9,0.7,5.3,14.3,,2.0,0.9,2.9,.086,,-0.8,-0.8,-1.6,0.2,2019
258,Reggie Jackson,PG,28,DET,82,2289,15.2,.547,.450,.225,2.1,8.5,5.2,24.7,1.2,0.3,11.4,24.5,,3.1,1.9,5.0,.105,,1.3,-0.9,0.4,1.4,2019
259,LeBron James,SF,34,LAL,55,1937,25.6,.588,.299,.382,3.1,21.3,12.4,39.4,1.7,1.4,13.3,31.6,,4.7,2.6,7.2,.179,,6.4,1.7,8.0,4.9,2019
262,Jonas Jerebko,PF,31,GSW,73,1218,13.5,.588,.530,.225,6.6,18.1,12.6,10.1,1.1,1.2,9.9,15.2,,2.1,1.2,3.3,.130,,-0.3,-0.4,-0.7,0.4,2019
264,Amir Johnson,C,31,PHI,51,529,13.1,.574,.255,.261,9.7,19.5,14.7,16.0,1.4,1.9,20.5,17.4,,0.4,0.7,1.1,.098,,-2.9,0.6,-2.3,0.0,2019
266,James Johnson,PF,31,MIA,55,1164,10.9,.522,.393,.185,2.0,14.1,8.0,17.0,1.5,2.1,15.3,17.8,,0.0,1.5,1.5,.062,,-2.4,1.1,-1.2,0.2,2019
267,Stanley Johnson,SF,22,TOT,66,1208,9.6,.485,.489,.145,3.0,16.9,9.7,10.6,2.4,1.0,14.7,19.4,,-1.1,1.6,0.5,.021,,-3.1,0.9,-2.2,0.0,2019
268,Tyler Johnson,PG,26,TOT,57,1529,12.4,.532,.494,.241,2.4,9.8,6.1,15.9,1.7,1.6,11.7,18.5,,0.9,1.4,2.3,.071,,-0.7,0.3,-0.4,0.6,2019
270,Nikola Jokić,C,23,DEN,80,2504,26.3,.589,.224,.292,9.8,27.6,18.7,37.0,2.1,1.9,15.4,27.4,,7.5,4.3,11.8,.226,,6.2,2.9,9.1,7.0,2019
272,Derrick Jones Jr.,SF,21,MIA,60,1153,14.0,.559,.281,.377,8.8,13.3,11.1,4.7,1.9,3.3,10.2,15.6,,1.2,1.7,2.9,.121,,-1.5,1.0,-0.5,0.4,2019
276,Tyus Jones,PG,22,MIN,68,1560,13.7,.491,.283,.155,1.6,7.7,4.6,28.3,2.5,0.3,9.0,14.1,,2.1,0.9,3.0,.091,,-0.9,0.3,-0.6,0.6,2019
277,DeAndre Jordan,C,30,TOT,69,2047,19.0,.674,.000,.592,11.7,35.2,23.5,11.6,1.0,3.0,21.4,15.0,,4.0,3.1,7.1,.167,,0.8,1.3,2.1,2.1,2019
278,Cory Joseph,PG,27,IND,82,2063,11.0,.474,.312,.078,2.1,12.6,7.5,20.7,2.2,0.9,12.4,13.7,,0.5,2.9,3.5,.081,,-2.1,1.7,-0.4,0.9,2019
279,Frank Kaminsky,C,25,CHO,47,755,16.8,.587,.466,.359,5.5,18.1,11.7,12.9,0.8,1.4,10.6,22.1,,1.3,0.5,1.8,.114,,1.4,-1.1,0.3,0.4,2019
280,Luke Kennard,SG,22,DET,63,1437,11.9,.560,.517,.117,0.9,13.5,7.0,12.3,0.9,0.6,9.4,18.1,,1.3,1.3,2.5,.085,,-0.4,-0.6,-1.1,0.3,2019
281,Michael Kidd-Gilchrist,PF,25,CHO,64,1179,13.3,.553,.142,.370,7.9,14.8,11.3,7.4,1.3,2.9,10.0,15.7,,1.5,1.0,2.5,.100,,-2.3,-0.1,-2.4,-0.1,2019
283,Maxi Kleber,PF,27,DAL,71,1502,13.1,.579,.565,.192,6.5,16.9,11.7,6.8,1.2,4.4,11.4,13.5,,1.6,1.8,3.5,.111,,-0.8,1.2,0.4,0.9,2019
285,Kevin Knox,PF,19,NYK,75,2158,8.7,.475,.398,.247,2.9,13.6,8.1,6.0,1.0,0.9,10.1,22.3,,-2.2,0.9,-1.3,-0.030,,-3.4,-2.3,-5.7,-2.0,2019
286,Furkan Korkmaz,SG,21,PHI,48,679,11.5,.528,.588,.180,2.6,13.8,8.3,10.7,2.0,0.2,8.6,17.9,,0.4,0.7,1.1,.079,,-1.6,-0.2,-1.8,0.0,2019
287,Luke Kornet,PF,23,NYK,46,784,14.8,.531,.682,.163,3.6,14.6,9.0,10.5,1.7,4.5,7.6,17.9,,0.6,0.7,1.4,.083,,1.4,0.7,2.1,0.8,2019
288,Kyle Korver,SG-PF,37,TOT,70,1334,11.2,.582,.720,.151,0.7,12.4,6.6,8.9,0.9,0.7,10.3,18.5,,1.0,1.3,2.3,.082,,-0.2,-0.3,-0.5,0.5,2019
289,Kosta Koufos,C,29,SAC,42,502,12.3,.477,.000,.157,10.4,26.3,18.2,9.5,1.4,3.1,14.2,15.7,,0.0,0.7,0.7,.063,,-3.6,0.2,-3.4,-0.2,2019
290,Rodions Kurucs,SF,20,BRK,63,1294,11.0,.545,.410,.205,4.6,15.4,10.0,6.0,1.5,1.5,13.6,18.4,,0.1,1.5,1.6,.059,,-2.9,0.3,-2.6,-0.2,2019
291,Kyle Kuzma,PF,23,LAL,70,2314,14.0,.546,.388,.230,2.7,14.1,8.5,11.5,0.8,0.9,10.0,23.8,,1.2,1.9,3.1,.065,,-0.2,-1.2,-1.4,0.4,2019
293,Jeremy Lamb,SG,26,CHO,79,2250,17.3,.552,.337,.266,3.1,18.1,10.4,11.9,1.9,1.2,6.8,22.5,,3.3,2.0,5.3,.113,,1.2,0.0,1.2,1.8,2019
294,Zach LaVine,SG,23,CHI,63,2171,18.7,.574,.283,.330,2.0,12.9,7.4,22.6,1.3,1.0,14.2,30.5,,1.7,1.1,2.8,.062,,2.4,-1.6,0.8,1.5,2019
295,Jake Layman,SF,24,POR,71,1327,13.5,.594,.427,.167,4.6,12.6,8.7,5.6,1.1,1.8,9.2,15.9,,1.9,1.2,3.1,.111,,-0.1,-0.3,-0.5,0.5,2019
296,T.J. Leaf,PF,21,IND,58,522,16.9,.572,.169,.169,9.3,17.1,13.3,6.9,0.8,3.2,5.8,17.5,,0.9,0.7,1.6,.148,,0.3,-0.6,-0.3,0.2,2019
300,Alex Len,C,25,ATL,77,1544,17.2,.575,.315,.333,10.5,18.5,14.4,8.6,0.8,3.9,11.5,22.1,,2.2,1.0,3.2,.100,,0.0,-1.3,-1.2,0.3,2019
301,Kawhi Leonard,SF,27,TOR,60,2040,25.8,.606,.267,.377,4.2,18.6,11.6,16.4,2.5,1.0,8.4,30.3,,6.1,3.4,9.5,.224,,6.1,1.1,7.2,4.7,2019
302,Meyers Leonard,C,26,POR,61,878,15.8,.675,.459,.211,6.1,21.8,14.2,11.8,0.7,0.8,14.0,14.8,,2.1,0.9,3.0,.164,,1.5,0.3,1.8,0.8,2019
305,Damian Lillard,PG,28,POR,80,2838,23.7,.588,.419,.335,2.6,11.1,7.0,30.6,1.5,1.0,10.8,29.3,,9.7,2.4,12.1,.205,,6.6,-0.3,6.4,6.0,2019
306,Jeremy Lin,PG,30,TOT,74,1436,13.5,.558,.346,.388,1.6,11.7,6.6,23.4,1.5,0.8,16.4,21.8,,1.2,0.9,2.1,.070,,-1.4,-0.9,-2.2,-0.1,2019
307,Shaun Livingston,PG,33,GSW,64,967,11.7,.555,.010,.243,4.9,7.9,6.5,14.8,1.5,2.3,14.1,12.0,,1.2,0.9,2.0,.101,,-1.7,0.7,-1.0,0.2,2019
309,Kevon Looney,C,22,GSW,80,1481,17.3,.636,.029,.303,14.6,15.4,15.0,10.9,1.5,3.0,11.5,12.8,,4.2,1.8,6.0,.194,,0.1,0.4,0.5,0.9,2019
310,Brook Lopez,C,30,MIL,81,2322,14.6,.597,.651,.169,1.5,15.0,8.7,5.7,1.0,6.5,8.9,16.7,,2.3,4.3,6.7,.138,,0.4,1.8,2.2,2.4,2019
311,Robin Lopez,C,30,CHI,74,1606,15.9,.598,.058,.230,9.4,10.0,9.7,8.8,0.3,4.2,14.0,18.6,,2.0,0.7,2.7,.081,,-0.6,-1.4,-1.9,0.0,2019
313,Kyle Lowry,PG,32,TOR,65,2213,16.5,.562,.613,.263,2.1,12.9,7.6,34.8,2.0,1.2,18.1,19.6,,3.6,3.0,6.6,.144,,1.7,0.6,2.3,2.4,2019
316,Timothé Luwawu-Cabarrot,SF,23,TOT,50,669,8.0,.489,.532,.188,1.7,14.1,7.8,5.5,1.4,1.0,8.2,16.6,,-0.3,0.5,0.2,.015,,-4.1,-1.1,-5.2,-0.5,2019
318,Trey Lyles,PF,23,DEN,64,1120,12.7,.500,.404,.234,4.2,19.6,11.9,11.3,1.3,1.8,11.1,23.4,,-0.2,1.4,1.2,.050,,-1.8,-0.7,-2.4,-0.1,2019
320,Shelvin Mack,PG,28,TOT,57,1246,10.4,.489,.323,.208,1.6,7.9,4.7,22.6,1.9,0.3,13.0,18.1,,-0.2,1.1,0.9,.034,,-2.7,-0.4,-3.0,-0.3,2019
324,Thon Maker,C-PF,21,TOT,64,972,11.3,.530,.571,.313,4.5,17.4,11.0,6.3,1.0,4.4,9.8,14.8,,0.5,1.5,2.0,.099,,-2.2,1.0,-1.2,0.2,2019
325,Boban Marjanović,C,30,TOT,58,681,24.2,.664,.038,.504,14.0,26.9,20.6,12.8,1.1,3.1,15.7,23.3,,2.1,0.9,3.0,.212,,2.8,0.3,3.2,0.9,2019
326,Lauri Markkanen,PF,21,CHI,52,1682,17.1,.553,.418,.245,4.7,25.9,15.2,7.2,1.1,1.7,8.8,25.1,,1.3,1.5,2.7,.078,,1.4,-1.5,-0.2,0.7,2019
327,Jarell Martin,PF,24,ORL,42,328,9.4,.528,.548,.106,3.5,20.5,11.9,7.8,0.4,2.0,9.2,15.9,,0.1,0.4,0.5,.073,,-3.7,-0.2,-3.9,-0.2,2019
330,Wesley Matthews,SF-SG,32,TOT,69,2091,10.3,.546,.577,.234,1.7,7.1,4.4,11.1,1.3,0.7,10.6,17.8,,1.1,1.5,2.7,.062,,-1.4,-0.5,-1.8,0.1,2019
334,CJ McCollum,SG,27,POR,70,2375,17.0,.553,.358,.154,2.9,9.7,6.3,13.8,1.1,0.9,7.4,25.5,,4.0,1.7,5.6,.114,,2.1,-1.0,1.0,1.8,2019
335,T.J. McConnell,PG,26,PHI,76,1470,13.4,.555,.100,.088,2.1,10.2,6.3,24.7,2.5,0.9,17.3,15.0,,1.2,1.7,2.9,.094,,-1.8,0.9,-0.9,0.4,2019
336,Doug McDermott,SF,27,IND,77,1340,11.6,.617,.488,.187,1.4,7.5,4.5,7.1,0.7,0.5,8.4,16.3,,1.8,1.1,2.9,.103,,-0.5,-0.9,-1.4,0.2,2019
337,JaVale McGee,C,31,LAL,75,1671,21.8,.634,.019,.237,12.3,22.5,17.5,4.8,1.3,7.3,13.2,20.2,,3.0,2.9,5.9,.171,,0.3,1.2,1.4,1.4,2019
338,Rodney McGruder,SG,27,MIA,66,1550,9.4,.510,.488,.156,4.1,12.2,8.2,10.3,1.1,0.7,11.5,15.4,,0.4,1.6,1.9,.059,,-2.2,-0.1,-2.3,-0.1,2019
339,Alfonzo McKinnie,SF,26,GSW,72,1003,11.2,.569,.429,.175,9.0,16.9,13.1,4.0,0.9,1.3,9.2,13.9,,1.2,0.9,2.1,.100,,-2.2,-1.3,-3.5,-0.4,2019
344,De'Anthony Melton,PG,20,PHO,50,984,9.9,.466,.371,.109,2.8,12.5,7.5,22.3,3.3,1.9,21.8,15.0,,-0.8,0.8,0.0,.002,,-3.8,1.1,-2.7,-0.2,2019
346,Khris Middleton,SF,27,MIL,77,2393,16.5,.558,.413,.225,2.3,16.5,9.8,20.1,1.6,0.2,12.1,25.1,,2.5,3.6,6.1,.123,,0.7,0.1,0.8,1.7,2019
347,C.J. Miles,SF,31,TOT,53,856,9.0,.504,.653,.186,1.7,10.3,6.1,6.0,1.5,1.5,8.2,18.6,,-0.2,0.9,0.7,.041,,-2.4,-0.5,-2.9,-0.2,2019
348,Darius Miller,SF,28,NOP,69,1757,8.4,.550,.752,.147,0.8,6.6,3.8,10.4,1.1,1.1,10.3,13.4,,1.1,0.6,1.6,.045,,-2.1,-0.8,-2.9,-0.4,2019
350,Patty Mills,PG,30,SAS,82,1908,13.2,.572,.609,.155,1.4,8.9,5.2,17.6,1.3,0.4,11.6,18.5,,2.2,1.2,3.5,.087,,0.4,-0.8,-0.3,0.8,2019
351,Paul Millsap,PF,33,DEN,70,1895,17.9,.570,.239,.374,8.7,20.2,14.4,10.6,2.2,2.5,10.9,19.6,,3.2,2.9,6.1,.155,,0.7,1.0,1.7,1.8,2019
353,Nikola Mirotić,PF,27,TOT,46,1245,17.2,.584,.587,.229,5.1,22.6,14.0,6.2,1.2,2.2,7.4,21.4,,2.0,1.4,3.5,.133,,2.1,-0.6,1.5,1.1,2019
354,Donovan Mitchell,SG,22,UTA,77,2598,17.2,.537,.339,.259,2.5,10.5,6.6,21.2,2.0,0.9,11.3,31.6,,1.3,3.7,5.0,.092,,1.2,0.1,1.3,2.2,2019
356,Malik Monk,SG,20,CHO,73,1258,11.8,.518,.563,.174,1.3,10.6,5.9,14.3,1.4,1.3,12.0,24.6,,-0.4,0.7,0.3,.012,,-1.3,-1.7,-3.0,-0.3,2019
357,Greg Monroe,C,28,TOT,43,480,16.0,.521,.026,.381,15.4,22.9,19.3,8.1,1.4,1.4,12.7,22.6,,0.4,0.7,1.1,.108,,-2.0,-1.3,-3.2,-0.1,2019
358,E'Twaun Moore,SG,29,NOP,53,1463,11.5,.567,.331,.111,2.5,6.4,4.5,9.5,1.3,0.4,9.6,17.3,,1.2,0.5,1.7,.055,,-1.2,-1.1,-2.3,-0.1,2019
361,Marcus Morris,PF,29,BOS,75,2091,14.2,.568,.461,.205,3.9,19.5,11.7,7.5,1.0,1.1,9.1,20.9,,2.1,2.5,4.5,.104,,-0.2,-0.7,-0.9,0.6,2019
362,Markieff Morris,PF,29,TOT,58,1270,11.7,.521,.419,.190,5.0,17.5,11.1,8.8,1.3,1.5,9.3,19.1,,0.6,1.1,1.6,.061,,-2.1,-0.6,-2.7,-0.2,2019
363,Monte Morris,PG,23,DEN,82,1970,16.2,.577,.323,.115,1.9,8.8,5.3,21.7,1.8,0.2,6.6,17.1,,4.4,1.8,6.2,.151,,1.1,0.3,1.5,1.7,2019
366,Emmanuel Mudiay,PG,22,NYK,59,1607,14.6,.531,.284,.251,2.1,10.9,6.4,24.2,1.3,1.0,14.6,25.6,,0.1,0.7,0.8,.023,,-0.2,-1.8,-2.0,0.0,2019
367,Jamal Murray,PG,21,DEN,75,2447,16.0,.538,.353,.190,2.9,11.2,7.0,22.4,1.3,1.0,11.1,24.9,,2.8,2.3,5.1,.100,,1.4,-0.8,0.6,1.6,2019
369,Mike Muscala,PF,27,TOT,64,1306,10.8,.564,.709,.235,4.7,14.7,9.8,7.7,0.8,2.3,10.8,14.3,,1.2,1.2,2.5,.091,,-0.8,-0.3,-1.1,0.3,2019
370,Svi Mykhailiuk,SF,21,TOT,42,440,6.0,.447,.636,.143,2.2,6.2,4.2,10.9,1.5,0.2,12.4,16.0,,-0.4,0.3,-0.1,-0.012,,-3.9,-1.1,-5.0,-0.3,2019
371,Abdel Nader,SF,25,OKC,61,694,8.8,.522,.465,.167,2.0,15.7,8.6,3.8,1.3,1.5,10.1,15.1,,0.0,0.9,0.9,.062,,-3.6,0.3,-3.2,-0.2,2019
372,Larry Nance Jr.,C,26,CLE,67,1795,18.6,.583,.205,.280,10.0,24.9,17.1,17.8,2.8,1.9,15.3,15.5,,3.3,1.6,4.9,.131,,1.0,1.4,2.4,2.0,2019
373,Shabazz Napier,PG,27,BRK,56,983,15.3,.534,.524,.317,1.9,8.7,5.3,22.2,2.0,1.3,11.7,24.0,,1.0,1.0,2.0,.098,,0.9,0.6,1.5,0.9,2019
375,Georges Niang,PF,25,UTA,59,516,13.0,.613,.580,.133,2.4,15.7,9.1,10.1,0.9,0.9,10.7,17.8,,0.7,0.7,1.3,.123,,-0.2,0.2,0.0,0.3,2019
376,Joakim Noah,C,33,MEM,42,693,18.6,.571,.005,.512,9.2,29.6,19.3,20.6,1.4,4.2,16.1,20.0,,1.0,1.2,2.2,.150,,-0.3,2.4,2.1,0.7,2019
377,Nerlens Noel,C,24,OKC,77,1055,19.3,.608,.000,.286,12.1,20.0,15.9,5.9,2.9,7.7,13.4,13.8,,1.9,2.5,4.3,.198,,-1.2,3.3,2.1,1.1,2019
378,Dirk Nowitzki,PF,40,DAL,51,795,9.6,.469,.545,.133,0.7,20.5,10.6,6.9,0.5,1.9,4.3,22.5,,-0.5,0.8,0.3,.016,,-2.7,-1.2,-3.9,-0.4,2019
379,Frank Ntilikina,PG,20,NYK,43,904,6.0,.417,.408,.106,1.4,8.9,5.0,19.5,1.6,1.3,15.9,16.6,,-1.3,0.4,-0.8,-0.045,,-5.2,-0.8,-6.0,-0.9,2019
381,Jusuf Nurkić,C,24,POR,72,1974,23.4,.570,.035,.442,13.4,26.7,20.2,17.9,1.7,4.2,14.6,24.7,,4.4,3.3,7.8,.189,,2.1,1.7,3.7,2.8,2019
382,David Nwaba,SF,26,CLE,51,984,12.5,.558,.286,.324,4.4,14.4,9.2,8.1,1.8,1.5,8.8,14.6,,1.1,0.3,1.4,.069,,-1.8,-0.3,-2.1,0.0,2019
383,Royce O'Neale,SF,25,UTA,82,1671,9.0,.589,.513,.122,1.5,16.7,9.2,10.0,1.5,1.1,16.2,11.0,,0.7,2.5,3.3,.094,,-2.6,2.1,-0.5,0.6,2019
384,Kyle O'Quinn,C,28,IND,45,371,16.8,.537,.088,.154,8.9,26.4,17.8,22.4,1.2,6.0,17.6,20.8,,0.2,0.8,1.0,.125,,-2.5,3.0,0.4,0.2,2019
385,Semi Ojeleye,PF,24,BOS,56,594,8.5,.531,.563,.247,4.3,11.2,7.7,5.1,0.8,0.6,9.8,14.1,,0.2,0.5,0.7,.057,,-2.8,-1.2,-4.0,-0.3,2019
386,Jahlil Okafor,C,23,NOP,59,935,17.9,.603,.014,.246,9.2,21.4,15.4,6.3,0.7,3.5,11.5,19.9,,1.4,0.8,2.2,.115,,-0.6,-0.9,-1.5,0.1,2019
387,Elie Okobo,PG,21,PHO,53,958,7.6,.489,.455,.162,1.4,10.1,5.7,18.7,1.6,0.6,18.2,17.0,,-0.7,0.2,-0.5,-0.027,,-4.2,-1.5,-5.7,-0.9,2019
388,Josh Okogie,SG,20,MIN,74,1757,9.4,.492,.423,.319,2.5,10.9,6.6,6.9,2.4,1.6,9.8,15.4,,-0.1,1.4,1.2,.034,,-3.5,0.4,-3.1,-0.5,2019
390,Kelly Olynyk,PF,27,MIA,79,1812,14.4,.610,.566,.328,4.2,17.8,11.0,11.4,1.4,1.8,15.0,18.0,,2.3,2.5,4.7,.126,,-0.2,0.9,0.7,1.2,2019
391,Cedi Osman,SF,23,CLE,76,2444,11.5,.536,.443,.214,2.0,14.8,8.1,12.1,1.2,0.4,11.0,18.6,,1.2,0.2,1.5,.029,,-1.4,-1.8,-3.2,-0.8,2019
392,Kelly Oubre Jr.,SF,23,TOT,69,1935,15.2,.551,.401,.290,4.0,14.6,9.2,6.8,2.1,2.5,9.8,23.2,,0.9,1.3,2.2,.054,,-0.3,-0.9,-1.2,0.4,2019
393,Zaza Pachulia,C,34,DET,68,878,13.7,.539,.021,.642,11.9,21.5,16.5,14.7,1.7,1.6,18.7,15.0,,1.1,1.3,2.3,.128,,-2.8,1.6,-1.2,0.2,2019
394,Jabari Parker,PF,23,TOT,64,1724,15.5,.560,.260,.246,4.9,21.8,13.3,14.1,1.3,1.5,15.4,24.6,,0.1,1.3,1.4,.039,,-0.7,-0.9,-1.5,0.2,2019
395,Tony Parker,PG,36,CHO,56,1003,15.3,.512,.110,.268,1.5,7.6,4.5,33.3,1.0,0.6,12.7,25.5,,0.6,0.3,0.9,.044,,-0.3,-2.3,-2.6,-0.1,2019
397,Patrick Patterson,PF,29,OKC,63,861,8.1,.493,.626,.137,4.9,13.0,8.8,4.6,0.9,1.3,8.7,12.0,,0.2,0.9,1.1,.064,,-2.0,-0.4,-2.5,-0.1,2019
399,Chris Paul,PG,33,HOU,58,1857,19.7,.560,.493,.282,2.1,13.9,7.9,39.3,3.0,0.8,15.8,22.5,,4.4,2.2,6.6,.172,,2.7,1.1,3.9,2.8,2019
401,Elfrid Payton,PG,24,NOP,42,1250,14.0,.502,.255,.180,4.1,14.0,9.1,33.5,1.6,1.1,20.1,18.3,,0.6,0.9,1.5,.058,,-0.7,-0.7,-1.4,0.2,2019
404,Mason Plumlee,C,28,DEN,82,1731,17.8,.602,.023,.448,10.3,22.5,16.4,19.5,1.9,3.9,19.2,16.2,,2.9,2.9,5.8,.160,,-0.5,2.6,2.1,1.8,2019
406,Jakob Poeltl,C,23,SAS,77,1273,19.4,.640,.000,.317,15.4,19.7,17.6,10.0,1.1,4.5,12.7,13.1,,3.5,1.6,5.1,.193,,1.3,0.7,2.0,1.3,2019
407,Quincy Pondexter,SF,30,SAS,53,292,13.2,.641,.310,.724,3.0,14.1,8.6,10.6,1.8,0.3,14.5,13.5,,0.5,0.3,0.8,.128,,-1.6,0.7,-0.9,0.1,2019
408,Otto Porter Jr.,SF,25,TOT,56,1683,15.9,.569,.398,.149,3.4,17.0,10.1,10.6,2.3,1.6,8.7,19.1,,1.8,1.5,3.2,.093,,0.8,0.1,0.9,1.2,2019
409,Bobby Portis,PF,23,TOT,50,1299,16.1,.529,.304,.154,9.0,24.9,16.8,8.8,1.3,1.3,9.9,24.6,,0.5,1.1,1.6,.060,,-0.2,-2.3,-2.4,-0.1,2019
410,Dwight Powell,C,27,DAL,77,1662,20.4,.682,.261,.523,9.1,17.3,13.2,10.7,1.3,2.6,10.1,17.2,,5.6,1.9,7.5,.215,,2.0,0.9,2.9,2.1,2019
411,Norman Powell,SG,25,TOR,60,1126,13.3,.596,.425,.188,1.6,11.5,6.7,11.6,1.7,1.0,13.1,19.0,,1.0,1.4,2.4,.102,,-0.9,0.2,-0.7,0.4,2019
413,Taurean Prince,SF,24,ATL,55,1552,11.9,.575,.530,.195,1.5,12.3,6.7,11.1,1.6,1.1,13.4,19.5,,0.8,0.7,1.5,.047,,-1.0,-1.0,-2.0,0.0,2019
415,Ivan Rabb,PF,21,MEM,49,721,16.1,.586,.071,.325,10.7,21.5,16.0,12.0,1.2,1.8,12.6,17.2,,1.2,0.9,2.1,.137,,-1.1,-0.3,-1.4,0.1,2019
416,Chasson Randle,PG,25,WAS,49,743,9.9,.555,.530,.286,1.4,6.8,4.1,17.5,1.6,0.3,15.0,16.4,,0.4,0.2,0.6,.041,,-2.7,-1.3,-4.0,-0.4,2019
417,Julius Randle,PF,24,NOP,73,2232,20.9,.600,.179,.447,7.6,21.6,14.7,15.8,1.1,1.6,13.8,27.8,,4.2,1.9,6.1,.131,,2.1,-0.6,1.5,2.0,2019
418,J.J. Redick,SG,34,PHI,76,2379,15.1,.602,.589,.248,0.9,7.2,4.1,12.9,0.6,0.6,8.1,21.9,,4.6,1.2,5.9,.118,,2.2,-2.0,0.2,1.3,2019
421,Josh Richardson,SG,25,MIA,73,2539,14.0,.536,.448,.225,2.3,8.8,5.5,17.9,1.5,1.2,9.1,20.9,,3.0,2.6,5.6,.106,,0.1,0.2,0.3,1.5,2019
423,Austin Rivers,SG,26,TOT,76,2028,7.7,.503,.572,.166,1.3,7.5,4.4,11.5,1.1,1.0,10.0,14.5,,0.4,0.8,1.2,.028,,-3.3,-1.0,-4.3,-1.1,2019
426,Glenn Robinson III,SF,25,DET,47,610,8.7,.511,.352,.227,2.9,10.0,6.4,5.1,1.1,1.1,8.5,15.0,,0.1,0.6,0.7,.054,,-2.8,-0.1,-3.0,-0.2,2019
428,Mitchell Robinson,C,20,NYK,66,1360,22.0,.692,.000,.464,13.3,19.4,16.3,4.2,1.8,10.0,9.1,12.1,,4.0,2.2,6.1,.217,,0.1,2.4,2.5,1.6,2019
429,Rajon Rondo,PG,32,LAL,46,1369,12.1,.473,.329,.083,2.6,15.5,9.2,35.5,1.9,0.4,22.1,17.4,,-0.2,1.5,1.3,.047,,-1.7,0.2,-1.5,0.2,2019
430,Derrick Rose,PG,30,MIN,51,1392,19.5,.557,.194,.212,2.5,8.3,5.4,26.4,1.1,0.7,9.1,27.3,,2.6,0.3,3.0,.102,,3.2,-1.7,1.4,1.2,2019
431,Terrence Ross,SG,27,ORL,81,2150,15.4,.561,.551,.140,1.3,12.8,7.0,9.9,1.6,1.1,7.6,23.9,,1.7,2.6,4.3,.095,,1.1,-0.3,0.8,1.5,2019
432,Terry Rozier,PG,24,BOS,79,1791,12.9,.501,.506,.140,1.9,16.4,9.1,17.7,1.8,1.0,8.8,18.6,,0.9,2.3,3.2,.086,,-0.7,0.5,-0.2,0.8,2019
433,Ricky Rubio,PG,28,UTA,68,1899,14.0,.520,.348,.312,1.9,11.8,6.9,32.1,2.3,0.4,17.8,22.7,,0.9,2.8,3.7,.095,,-1.0,0.8,-0.2,0.9,2019
434,D'Angelo Russell,PG,22,BRK,81,2448,19.4,.533,.419,.135,2.3,11.2,6.8,41.3,1.9,0.6,13.6,31.9,,2.4,2.6,5.0,.097,,4.0,-0.6,3.4,3.4,2019
435,Domantas Sabonis,C,22,IND,74,1838,21.9,.630,.024,.416,11.5,29.8,20.8,18.2,1.3,1.5,16.2,23.5,,4.3,3.3,7.6,.197,,1.9,1.3,3.1,2.4,2019
438,Dario Šarić,PF,24,TOT,81,2023,13.1,.563,.464,.216,6.6,17.5,12.1,8.8,1.1,0.4,11.3,17.8,,2.3,1.2,3.5,.084,,-0.3,-1.3,-1.6,0.2,2019
439,Tomáš Satoranský,PG,27,WAS,80,2164,14.1,.590,.306,.302,4.0,10.0,7.0,24.6,1.8,0.5,16.7,14.1,,3.8,0.9,4.7,.104,,-0.4,-0.3,-0.7,0.7,2019
440,Dennis Schröder,PG,25,OKC,79,2314,12.7,.508,.330,.206,1.6,11.3,6.3,20.4,1.3,0.4,12.5,24.2,,0.4,2.4,2.9,.060,,-1.3,-0.7,-2.0,0.0,2019
441,Mike Scott,PF,30,TOT,79,1395,8.6,.528,.600,.079,3.4,17.2,10.5,6.4,0.9,0.7,9.2,14.4,,0.4,1.2,1.6,.053,,-1.9,-0.7,-2.5,-0.2,2019
442,Thabo Sefolosha,SF,34,UTA,50,609,12.1,.599,.523,.148,1.4,20.1,10.9,6.1,3.4,0.7,13.6,12.9,,0.2,1.2,1.5,.115,,-1.6,3.1,1.5,0.5,2019
443,Wayne Selden,SG,24,TOT,75,1439,8.3,.491,.360,.190,2.8,11.0,6.9,11.3,1.1,0.8,13.1,18.4,,-1.0,0.8,-0.3,-0.009,,-3.8,-1.6,-5.4,-1.2,2019
444,Collin Sexton,PG,20,CLE,82,2605,12.0,.520,.245,.211,2.3,8.0,5.0,15.3,0.8,0.2,12.3,25.2,,-0.1,-0.5,-0.6,-0.011,,-1.4,-3.3,-4.7,-1.8,2019
445,Landry Shamet,SG,21,TOT,79,1802,11.0,.604,.711,.167,1.3,6.4,3.9,9.0,1.0,0.4,7.0,15.0,,2.7,0.9,3.6,.095,,-0.3,-1.3,-1.6,0.2,2019
446,Iman Shumpert,SG,28,TOT,62,1481,9.1,.499,.612,.101,1.9,11.4,6.5,9.9,1.9,1.4,9.7,14.5,,0.1,1.2,1.4,.045,,-2.4,0.5,-1.9,0.0,2019
447,Pascal Siakam,PF,24,TOR,80,2548,18.7,.628,.226,.320,5.4,17.5,11.6,14.6,1.4,1.7,12.5,20.8,,5.7,3.6,9.3,.175,,1.6,0.8,2.4,2.8,2019
449,Ben Simmons,PG,22,PHI,79,2700,20.0,.582,.006,.446,6.9,20.0,13.7,34.2,2.0,1.8,19.3,22.1,,4.6,3.6,8.2,.146,,2.2,1.3,3.6,3.8,2019
450,Jonathon Simmons,SG-SF,29,TOT,56,1064,8.5,.466,.297,.277,2.7,10.0,6.3,16.7,1.3,1.2,14.8,18.7,,-0.8,1.1,0.3,.013,,-3.9,-0.3,-4.2,-0.6,2019
453,Marcus Smart,SG,24,BOS,80,2200,13.1,.568,.610,.228,2.8,8.6,5.7,19.1,3.1,1.1,16.5,14.6,,2.2,3.1,5.3,.116,,-1.2,2.0,0.8,1.5,2019
454,Dennis Smith Jr.,PG,21,TOT,53,1508,12.3,.502,.320,.240,2.2,8.7,5.5,27.3,2.1,1.1,17.6,24.8,,-1.2,1.2,0.0,.001,,-1.6,-0.4,-1.9,0.0,2019
455,Ish Smith,PG,30,DET,56,1251,11.8,.485,.276,.127,1.9,11.1,6.3,25.4,1.1,0.7,10.6,19.9,,0.5,1.1,1.7,.064,,-1.6,-0.3,-2.0,0.0,2019
459,Tony Snell,SF,27,MIL,74,1304,10.7,.585,.565,.116,2.4,9.4,6.1,6.7,0.9,1.2,5.7,12.9,,1.6,1.6,3.2,.117,,-1.0,0.3,-0.7,0.4,2019
461,Omari Spellman,PF,21,ATL,46,805,12.4,.516,.525,.184,9.2,16.3,12.7,8.0,1.5,2.7,10.5,14.9,,0.6,0.5,1.2,.070,,-0.5,-0.7,-1.2,0.2,2019
462,Nik Stauskas,SG,25,TOT,68,1015,10.9,.545,.556,.189,1.9,11.7,6.8,11.1,1.0,0.6,12.2,17.6,,0.6,0.5,1.1,.052,,-0.7,-1.2,-1.9,0.0,2019
464,Lance Stephenson,SG,28,LAL,68,1123,11.8,.529,.456,.169,3.0,16.5,9.9,17.3,1.7,0.5,15.6,20.3,,-0.1,1.2,1.1,.049,,-1.6,0.1,-1.5,0.1,2019
467,Jayson Tatum,SF,20,BOS,79,2455,15.1,.547,.300,.220,3.0,17.7,10.4,10.0,1.6,2.1,9.7,22.1,,1.6,3.4,5.0,.097,,-0.4,0.2,-0.2,1.1,2019
468,Jeff Teague,PG,30,MIN,42,1264,15.4,.528,.252,.368,1.3,7.7,4.5,37.6,1.6,1.2,16.7,19.3,,1.7,0.5,2.2,.085,,0.8,-1.2,-0.4,0.5,2019
469,Garrett Temple,SG,32,TOT,75,2040,8.5,.543,.535,.217,1.5,10.2,5.8,7.4,1.8,1.4,11.5,13.2,,0.3,2.0,2.2,.052,,-3.3,0.5,-2.8,-0.4,2019
473,Daniel Theis,C,26,BOS,66,908,17.0,.624,.252,.286,10.2,16.2,13.2,10.5,1.1,4.1,9.9,15.8,,2.3,1.3,3.5,.188,,-0.8,0.9,0.0,0.5,2019
476,Lance Thomas,PF,30,NYK,46,783,6.4,.482,.401,.183,2.7,13.1,7.8,5.0,1.0,0.8,10.1,12.9,,-0.3,0.3,0.1,.004,,-4.8,-0.9,-5.7,-0.7,2019
477,Klay Thompson,SG,28,GSW,78,2652,16.6,.571,.427,.113,1.6,10.1,6.0,10.5,1.5,1.5,7.2,25.6,,2.9,2.3,5.3,.095,,1.1,-1.4,-0.3,1.2,2019
478,Tristan Thompson,C,27,CLE,43,1198,18.4,.551,.000,.279,15.4,25.7,20.3,11.2,1.2,1.2,12.1,17.7,,2.1,0.5,2.6,.105,,1.4,-1.9,-0.5,0.4,2019
479,Sindarius Thornwell,SG,24,LAC,64,313,5.2,.485,.306,.694,1.7,12.8,7.5,7.2,2.1,1.8,23.8,11.3,,-0.3,0.3,0.0,.004,,-5.8,1.0,-4.7,-0.2,2019
480,Anthony Tolliver,PF,33,MIN,65,1079,8.6,.571,.830,.232,1.5,16.2,8.8,5.5,0.8,1.7,11.2,12.5,,0.6,0.5,1.2,.052,,-1.7,-0.7,-2.4,-0.1,2019
481,Karl-Anthony Towns,C,23,MIN,77,2545,26.3,.622,.270,.342,10.9,29.3,20.0,17.2,1.3,4.2,13.7,28.9,,7.2,3.2,10.4,.197,,5.4,0.6,6.0,5.1,2019
483,Allonzo Trier,SG,23,NYK,64,1459,12.2,.564,.255,.431,2.2,12.2,7.1,12.9,0.9,0.8,15.8,21.5,,0.4,0.5,0.9,.030,,-1.6,-1.5,-3.1,-0.4,2019
484,P.J. Tucker,PF,33,HOU,82,2802,9.2,.547,.740,.113,4.7,14.4,9.5,4.6,2.3,1.2,10.3,9.5,,2.0,3.0,5.0,.086,,-1.6,1.0,-0.6,1.0,2019
485,Evan Turner,PG,30,POR,73,1605,11.6,.504,.117,.239,2.5,18.9,10.9,23.6,1.0,0.9,18.9,15.9,,0.5,1.5,2.0,.060,,-1.8,0.5,-1.3,0.3,2019
486,Myles Turner,C,22,IND,74,2119,18.0,.567,.251,.258,5.4,22.0,13.9,8.0,1.4,8.4,10.3,20.0,,1.9,4.4,6.3,.144,,0.0,2.4,2.5,2.4,2019
487,Ekpe Udoh,C,31,UTA,51,320,20.9,.698,.000,.417,9.3,20.9,15.2,12.8,1.5,7.7,13.2,13.1,,0.9,0.7,1.6,.238,,0.8,3.9,4.7,0.5,2019
489,Jonas Valančiūnas,C,26,TOT,49,1091,24.4,.616,.089,.344,10.7,31.4,21.1,12.0,0.8,4.4,12.7,28.5,,2.2,1.9,4.2,.183,,2.2,0.4,2.7,1.3,2019
491,Fred VanVleet,PG,24,TOR,64,1760,13.7,.539,.493,.192,1.3,8.7,5.1,23.9,1.6,0.9,11.2,17.9,,2.4,1.9,4.3,.117,,0.4,0.1,0.5,1.1,2019
492,Noah Vonleh,PF,23,NYK,68,1722,13.9,.561,.311,.355,6.7,25.8,16.0,11.1,1.3,2.5,14.7,14.8,,1.5,1.7,3.2,.090,,-1.2,0.5,-0.7,0.6,2019
493,Nikola Vučević,C,28,ORL,80,2510,25.5,.573,.171,.168,9.4,31.9,20.5,21.9,1.6,3.0,9.9,28.0,,5.4,4.7,10.1,.193,,5.0,1.7,6.6,5.5,2019
494,Dwyane Wade,SG,37,MIA,72,1885,15.8,.510,.272,.243,3.9,12.2,8.0,26.5,1.5,1.8,13.5,27.9,,0.1,2.3,2.4,.061,,0.8,-0.2,0.6,1.2,2019
495,Moritz Wagner,C,21,LAL,43,446,10.1,.533,.450,.310,4.0,15.4,9.8,7.4,1.1,2.4,16.7,21.7,,-0.3,0.5,0.2,.020,,-3.9,-0.4,-4.3,-0.3,2019
496,Dion Waiters,SG,27,MIA,44,1138,11.4,.530,.605,.092,0.7,10.2,5.4,16.4,1.2,0.7,11.4,21.1,,0.1,1.1,1.2,.052,,-0.5,-0.6,-1.1,0.3,2019
497,Kemba Walker,PG,28,CHO,82,2863,21.7,.558,.434,.267,1.9,11.9,6.8,29.4,1.7,1.0,10.1,31.5,,5.5,1.9,7.4,.123,,5.2,-1.0,4.2,4.4,2019
500,Tyrone Wallace,PG,24,LAC,62,628,7.0,.450,.088,.263,3.5,13.2,8.5,9.5,1.6,0.9,12.9,18.7,,-0.8,0.5,-0.3,-0.023,,-5.6,-0.8,-6.4,-0.7,2019
502,T.J. Warren,SF,25,PHO,43,1360,16.3,.580,.295,.203,2.5,11.8,7.1,7.7,1.8,1.8,7.2,22.7,,1.6,0.5,2.1,.074,,0.9,-1.1,-0.2,0.6,2019
506,Russell Westbrook,PG,30,OKC,73,2630,21.1,.501,.279,.306,4.1,28.3,15.8,46.5,2.5,1.1,16.3,30.9,,1.8,5.0,6.8,.124,,2.8,2.4,5.2,4.7,2019
507,Derrick White,PG,24,SAS,67,1728,14.8,.555,.262,.227,2.2,13.3,7.8,21.0,1.9,2.3,14.0,17.7,,1.7,1.9,3.6,.101,,-0.4,1.3,0.9,1.3,2019
509,Hassan Whiteside,C,29,MIA,72,1674,23.5,.564,.024,.357,16.3,35.6,25.9,5.6,1.3,7.3,11.0,22.6,,2.3,4.0,6.3,.180,,1.1,1.2,2.3,1.8,2019
510,Andrew Wiggins,SF,23,MIN,73,2543,12.4,.493,.288,.245,3.5,11.4,7.4,10.9,1.3,1.6,9.3,24.4,,-0.6,1.3,0.6,.012,,-1.2,-1.8,-3.0,-0.6,2019
514,Kenrich Williams,SF,24,NOP,46,1079,9.7,.485,.559,.068,5.4,15.5,10.5,9.5,1.9,1.4,11.1,12.3,,0.3,0.9,1.2,.053,,-2.3,0.4,-1.9,0.0,2019
515,Lou Williams,SG,32,LAC,75,1993,21.2,.554,.256,.426,2.2,9.4,5.9,33.0,1.3,0.4,11.8,32.4,,3.9,1.2,5.1,.123,,4.3,-2.1,2.2,2.1,2019
516,Marvin Williams,PF,32,CHO,75,2133,12.6,.548,.586,.132,3.8,17.1,10.3,6.1,1.6,2.5,6.4,14.9,,1.9,1.9,3.8,.086,,-0.4,0.2,-0.3,0.9,2019
519,D.J. Wilson,PF,22,MIL,48,882,10.3,.515,.506,.187,5.5,19.2,12.8,7.6,0.9,1.9,10.5,14.4,,0.3,1.4,1.7,.093,,-2.4,0.2,-2.2,0.0,2019
520,Justise Winslow,SF,22,MIA,66,1959,12.8,.513,.342,.183,3.4,15.9,9.6,21.9,1.8,0.9,14.9,20.8,,0.2,2.6,2.8,.067,,-1.3,0.6,-0.6,0.7,2019
522,Delon Wright,PG,26,TOT,75,1699,15.5,.523,.301,.269,4.4,12.8,8.6,21.6,2.5,1.6,11.0,18.1,,1.9,2.4,4.3,.121,,0.1,1.4,1.5,1.5,2019
525,Thaddeus Young,PF,30,IND,81,2489,16.2,.569,.174,.161,8.7,14.4,11.7,12.0,2.4,1.3,12.0,18.0,,3.0,3.9,6.9,.133,,0.4,1.1,1.5,2.2,2019
526,Trae Young,PG,20,ATL,81,2503,17.0,.539,.384,.330,2.6,10.2,6.3,40.5,1.3,0.5,17.6,28.4,,2.5,0.7,3.3,.062,,2.3,-2.8,-0.6,0.9,2019
527,Cody Zeller,C,26,CHO,49,1243,17.2,.611,.064,.409,9.4,19.7,14.5,12.1,1.5,2.9,13.2,16.3,,2.6,1.2,3.9,.150,,-0.6,0.7,0.1,0.7,2019
529,Ante Žižić,C,22,CLE,59,1082,16.2,.590,.000,.399,10.6,22.8,16.4,7.7,0.6,1.8,13.6,18.2,,1.7,0.3,2.0,.087,,-1.1,-2.1,-3.2,-0.3,2019
530,Ivica Zubac,C,21,TOT,59,1040,18.9,.604,.000,.332,11.9,24.2,18.2,9.1,0.6,4.0,13.9,20.3,,1.9,1.3,3.2,.148,,-0.2,-0.2,-0.5,0.4,2019
