Rk,Player,Pos,Age,Tm,G,MP,PER,TS%,3PAr,FTr,ORB%,DRB%,TRB%,AST%,STL%,BLK%,TOV%,USG%,Unnamed: 19,OWS,DWS,WS,WS/48,Unnamed: 24,OBPM,DBPM,BPM,VORP,Year
1,Shareef Abdur-Rahim,C,30,SAC,80,2015,13.1,.524,.031,.358,7.0,16.4,11.6,9.2,1.3,1.5,13.3,19.5,,1.1,1.7,2.8,.067,,-2.0,-0.5,-2.5,-0.2,2007
2,Hassan Adams,SG,22,NJN,61,495,13.0,.577,.007,.267,8.4,9.9,9.2,4.5,1.8,0.6,12.7,16.3,,0.5,0.5,1.0,.095,,-1.3,-0.2,-1.5,0.1,2007
4,LaMarcus Aldridge,C,21,POR,63,1392,17.1,.533,.004,.240,12.6,15.3,13.9,3.2,0.9,4.2,7.5,19.3,,2.5,1.0,3.4,.118,,-0.4,-1.0,-1.4,0.2,2007
5,Malik Allen,PF,28,CHI,60,638,10.4,.443,.004,.132,7.6,13.7,10.6,4.2,1.4,2.0,7.1,20.5,,-0.2,1.1,1.0,.073,,-3.9,0.5,-3.4,-0.2,2007
6,Ray Allen*,SG,31,SEA,55,2219,21.6,.564,.384,.268,3.1,10.4,6.7,19.0,1.9,0.4,10.7,29.5,,5.4,0.9,6.3,.136,,5.0,-1.3,3.7,3.2,2007
8,Rafer Alston,PG,30,HOU,82,3040,12.9,.496,.519,.174,1.1,9.5,5.3,24.1,2.2,0.3,13.4,19.4,,1.7,4.9,6.6,.104,,-0.7,1.3,0.6,2.0,2007
11,Derek Anderson,SF,32,CHA,50,1190,13.7,.586,.517,.361,2.8,8.6,5.6,17.6,2.3,0.5,14.1,15.1,,2.0,0.9,2.9,.117,,-0.3,0.6,0.4,0.7,2007
12,Carmelo Anthony,SF,22,DEN,65,2486,22.1,.552,.103,.391,6.6,11.1,8.9,19.2,1.5,0.7,12.1,33.4,,5.2,2.1,7.3,.140,,3.2,-1.3,1.9,2.5,2007
14,Gilbert Arenas,PG,25,WAS,74,2942,24.0,.565,.377,.464,2.3,11.1,6.6,27.2,2.4,0.3,11.2,31.4,,9.3,1.5,10.8,.177,,5.5,-0.8,4.7,5.0,2007
15,Trevor Ariza,SG,21,ORL,57,1278,16.2,.567,.019,.461,9.7,14.2,12.0,8.9,2.5,1.2,15.8,19.2,,1.5,1.9,3.4,.128,,0.4,1.3,1.6,1.2,2007
16,Darrell Armstrong,PG,38,IND,81,1275,15.1,.547,.568,.247,3.0,9.3,6.1,24.8,2.9,0.4,15.4,17.4,,1.7,1.5,3.2,.121,,0.6,1.2,1.8,1.2,2007
17,Hilton Armstrong,C,22,NOK,56,634,12.2,.570,.000,.536,10.3,17.0,13.6,2.5,1.0,3.3,18.5,13.6,,0.5,0.7,1.2,.091,,-2.9,0.3,-2.6,-0.1,2007
18,Carlos Arroyo,PG,27,ORL,72,1304,14.4,.501,.107,.347,3.0,9.5,6.3,27.1,1.6,0.1,14.0,22.8,,1.2,1.3,2.5,.094,,-0.4,-0.4,-0.8,0.4,2007
19,Chucky Atkins,PG,32,MEM,75,2064,17.4,.580,.428,.435,1.0,7.0,4.0,27.9,1.2,0.1,13.0,21.4,,5.1,-0.2,4.9,.114,,2.9,-2.5,0.4,1.2,2007
22,Renaldo Balkman,SF,22,NYK,68,1064,16.1,.531,.098,.327,11.0,21.8,16.4,7.0,2.8,3.3,13.5,15.5,,1.1,1.7,2.8,.125,,-0.7,2.0,1.3,0.9,2007
23,Marcus Banks,PG,25,PHO,45,503,11.3,.497,.148,.306,2.4,6.2,4.4,17.4,2.3,0.4,15.2,23.5,,-0.1,0.4,0.4,.037,,-3.7,0.1,-3.6,-0.2,2007
24,Leandro Barbosa,SG,24,PHO,80,2613,18.4,.595,.394,.209,1.0,8.1,4.8,18.7,1.8,0.4,10.7,23.4,,6.1,2.1,8.2,.151,,2.6,0.1,2.7,3.1,2007
26,Andrea Bargnani,PF,21,TOR,65,1629,12.8,.546,.429,.227,3.7,14.8,9.2,5.1,1.0,2.5,13.5,22.6,,0.2,1.7,1.9,.057,,-1.1,-0.6,-1.8,0.1,2007
27,Matt Barnes,PF,26,GSW,76,1813,14.7,.547,.462,.196,5.4,16.0,10.6,12.8,1.9,1.7,13.3,18.5,,1.9,1.8,3.7,.099,,0.6,0.3,0.9,1.3,2007
30,Brent Barry,SG,35,SAS,75,1631,16.6,.666,.675,.275,1.3,10.2,5.9,13.3,1.8,0.5,11.3,15.6,,4.2,2.6,6.8,.201,,2.7,1.6,4.3,2.6,2007
32,Maceo Baston,PF,31,IND,47,405,13.7,.714,.092,.618,5.9,15.4,10.6,6.5,1.5,3.4,24.9,14.2,,0.5,0.5,1.1,.127,,-2.2,1.5,-0.7,0.1,2007
34,Tony Battie,PF,30,ORL,66,1575,9.8,.513,.003,.214,7.4,19.3,13.5,3.6,1.0,1.5,13.4,13.4,,0.6,2.1,2.7,.081,,-2.6,0.5,-2.1,0.0,2007
35,Shane Battier,SF,28,HOU,82,2988,12.0,.589,.570,.173,2.6,10.4,6.5,9.2,1.4,1.5,9.3,12.1,,4.4,4.6,9.0,.144,,0.3,2.0,2.3,3.2,2007
36,Charlie Bell,SG,27,MIL,82,2848,13.1,.530,.371,.172,2.3,7.6,4.9,13.6,1.8,0.1,9.0,18.3,,3.6,0.4,4.0,.068,,-0.2,-1.1,-1.3,0.5,2007
37,Raja Bell,SG,30,PHO,78,2917,12.0,.562,.522,.160,2.0,7.7,5.0,9.5,0.9,0.5,7.5,17.0,,4.2,1.6,5.8,.095,,0.5,-0.6,-0.1,1.4,2007
38,Mike Bibby,PG,28,SAC,82,2784,16.0,.532,.413,.298,1.6,9.6,5.5,24.3,1.6,0.2,13.0,24.5,,2.9,1.5,4.4,.076,,1.8,-1.4,0.4,1.7,2007
39,Andris Biedriņš,C,20,GSW,82,2382,16.2,.598,.000,.287,11.3,24.0,17.5,5.4,1.4,4.3,15.4,13.8,,3.5,3.3,6.7,.136,,-1.0,0.6,-0.3,1.0,2007
40,Chauncey Billups,PG,30,DET,70,2533,21.3,.591,.388,.536,1.1,10.0,5.6,32.9,1.8,0.5,12.2,21.5,,8.7,2.7,11.4,.216,,4.2,0.5,4.7,4.3,2007
41,Steve Blake,PG,26,TOT,82,2225,9.9,.491,.409,.126,1.1,7.5,4.3,26.1,1.4,0.3,19.4,13.0,,1.0,1.1,2.1,.045,,-1.3,-0.7,-2.0,0.0,2007
43,Andray Blatche,PF,20,WAS,56,682,12.1,.471,.137,.249,12.6,19.8,16.1,8.8,1.3,3.6,18.3,17.2,,-0.1,0.5,0.5,.033,,-2.8,-0.7,-3.6,-0.3,2007
44,Mark Blount,C,31,MIN,82,2544,12.7,.546,.037,.232,6.6,16.9,11.9,4.5,0.9,1.8,14.7,19.8,,0.6,2.2,2.8,.052,,-2.2,-0.9,-3.1,-0.7,2007
45,Keith Bogans,SG,26,ORL,59,990,9.2,.546,.559,.257,2.0,9.4,5.8,9.5,1.5,0.2,14.4,14.9,,0.7,1.0,1.7,.080,,-1.6,0.1,-1.5,0.1,2007
46,Andrew Bogut,C,22,MIL,66,2258,15.5,.566,.008,.308,8.7,21.9,15.2,13.9,1.1,1.2,17.4,17.3,,2.6,1.4,4.0,.085,,0.2,-0.2,0.0,1.2,2007
47,Matt Bonner,PF,26,SAS,56,653,16.4,.542,.397,.160,12.3,16.4,14.4,5.7,1.4,1.2,9.0,20.3,,1.1,1.2,2.2,.163,,0.9,-0.7,0.2,0.4,2007
48,Josh Boone,PF,22,NJN,61,669,14.6,.587,.000,.602,11.4,19.6,15.5,2.6,0.9,2.5,13.2,17.4,,0.9,0.8,1.7,.122,,-1.9,-1.0,-2.9,-0.2,2007
49,Calvin Booth,C,30,WAS,44,380,9.6,.490,.030,.152,7.9,16.8,12.3,6.8,0.5,5.9,11.3,9.2,,0.3,0.3,0.6,.072,,-3.8,0.7,-3.1,-0.1,2007
50,Carlos Boozer,PF,25,UTA,74,2557,24.1,.588,.000,.322,11.2,29.9,20.6,16.6,1.4,0.7,12.8,26.5,,6.5,3.4,9.9,.185,,4.4,0.2,4.6,4.3,2007
51,Chris Bosh*,C,22,TOR,69,2658,22.6,.577,.032,.539,8.1,24.8,16.4,11.7,0.8,2.6,11.7,26.7,,6.1,3.5,9.6,.174,,2.8,-0.1,2.7,3.1,2007
52,Bruce Bowen,SF,35,SAS,82,2464,7.1,.511,.497,.156,1.2,9.4,5.5,7.0,1.3,0.7,11.5,10.9,,0.4,3.6,4.1,.079,,-2.5,1.4,-1.1,0.6,2007
53,Earl Boykins,PG,30,TOT,66,2031,16.2,.548,.311,.319,2.8,5.1,4.0,22.7,1.4,0.1,12.0,21.6,,4.1,0.4,4.5,.105,,2.1,-1.7,0.4,1.3,2007
55,Elton Brand,PF,27,LAC,80,3077,23.1,.581,.001,.381,10.5,18.3,14.5,14.7,1.3,4.5,12.5,24.3,,7.2,4.3,11.5,.180,,3.4,0.8,4.2,4.8,2007
56,Ronnie Brewer,SG,21,UTA,56,675,15.2,.566,.047,.430,6.7,6.8,6.7,5.7,2.9,0.7,9.5,16.8,,1.1,0.7,1.7,.124,,0.2,1.0,1.2,0.6,2007
57,Primož Brezec,C,27,CHA,58,838,9.7,.474,.011,.248,11.0,15.2,13.0,4.6,0.7,2.1,11.1,18.5,,0.0,0.6,0.7,.038,,-4.9,-1.7,-6.6,-1.0,2007
59,Dee Brown,PG,22,UTA,49,450,8.6,.411,.286,.378,2.2,8.6,5.4,26.2,2.6,1.3,21.3,14.5,,-0.2,0.5,0.2,.024,,-3.0,1.1,-1.8,0.0,2007
60,Devin Brown,SG,28,NOK,58,1662,14.3,.538,.409,.279,3.7,13.9,8.7,14.8,1.4,0.4,12.7,19.6,,2.1,1.5,3.5,.102,,0.2,-0.1,0.1,0.9,2007
62,P.J. Brown,PF,37,CHI,72,1456,9.7,.462,.005,.292,10.2,17.0,13.6,5.0,0.8,2.8,15.3,17.0,,-0.4,2.7,2.3,.075,,-4.0,0.7,-3.3,-0.5,2007
64,Kobe Bryant*,SG,28,LAL,77,3140,26.1,.580,.227,.437,2.8,13.5,8.2,25.5,1.8,0.9,10.9,33.6,,10.8,2.2,13.0,.199,,6.4,-0.5,5.9,6.1,2007
65,Greg Buckner,SG,30,DAL,76,1372,7.8,.486,.344,.114,3.1,10.6,6.9,7.6,1.8,0.4,11.3,12.0,,0.4,1.7,2.2,.076,,-3.1,1.3,-1.7,0.1,2007
67,Caron Butler,SF,26,WAS,63,2474,18.3,.537,.074,.336,6.6,15.3,10.8,15.9,2.8,0.5,13.9,23.1,,3.4,1.9,5.3,.103,,1.1,-0.2,0.9,1.8,2007
69,Rasual Butler,SF,27,NOK,81,2223,10.8,.495,.461,.110,2.1,11.4,6.7,4.7,1.0,1.9,7.5,18.3,,0.8,1.8,2.6,.056,,-0.5,-0.4,-0.9,0.6,2007
70,Andrew Bynum,C,19,LAL,82,1793,15.4,.593,.007,.483,9.2,22.3,15.8,8.2,0.3,5.4,17.6,16.3,,2.3,1.9,4.2,.112,,-1.6,0.5,-1.0,0.5,2007
71,José Calderón,PG,25,TOR,77,1614,19.1,.588,.149,.283,1.5,8.3,4.9,39.7,2.0,0.2,16.2,19.5,,4.0,1.5,5.4,.162,,2.0,0.0,2.0,1.6,2007
72,Marcus Camby,C,32,DEN,70,2369,19.1,.519,.003,.335,7.9,30.5,19.4,14.1,1.8,7.0,13.9,15.9,,2.5,5.1,7.6,.155,,0.8,3.9,4.7,4.0,2007
74,Rodney Carney,SF,22,PHI,67,1169,11.4,.514,.184,.222,4.0,9.1,6.6,3.8,1.7,1.5,9.1,18.7,,0.4,1.0,1.3,.055,,-1.8,-0.4,-2.2,-0.1,2007
75,Matt Carroll,SG,26,CHA,72,1878,14.6,.580,.406,.316,2.1,11.2,6.5,8.2,1.5,0.4,8.9,19.9,,3.4,1.2,4.6,.117,,0.9,-0.6,0.3,1.1,2007
77,Vince Carter,SG,30,NJN,82,3126,21.8,.559,.273,.360,4.3,14.2,9.3,25.1,1.4,0.8,10.5,30.8,,7.4,3.1,10.5,.161,,4.3,-0.4,3.9,4.6,2007
78,Sam Cassell,PG,37,LAC,58,1407,17.1,.506,.174,.291,2.3,11.8,7.1,35.3,1.1,0.4,12.5,26.5,,1.7,1.0,2.8,.095,,1.4,-1.3,0.1,0.8,2007
80,Tyson Chandler,C,24,NOK,73,2525,17.0,.620,.002,.429,14.3,27.3,20.7,4.1,0.8,4.1,18.5,12.3,,4.1,3.8,7.9,.150,,-0.1,0.7,0.6,1.6,2007
81,Josh Childress,SG,23,ATL,55,2024,16.2,.586,.149,.405,7.2,13.1,10.1,10.8,1.5,1.4,11.6,15.7,,4.1,1.4,5.5,.130,,1.9,-0.2,1.7,1.9,2007
83,Speedy Claxton,PG,28,ATL,42,1054,7.3,.363,.101,.216,1.4,8.0,4.6,28.1,3.6,0.3,19.8,16.6,,-1.8,1.0,-0.7,-0.034,,-5.4,0.9,-4.5,-0.7,2007
84,Jarron Collins,C,28,UTA,82,913,8.0,.494,.000,.488,9.5,13.3,11.4,9.5,0.7,0.7,15.2,12.0,,0.7,0.6,1.3,.067,,-2.8,-0.1,-2.9,-0.2,2007
85,Jason Collins,PF,28,NJN,80,1844,3.0,.408,.013,.841,5.8,14.4,10.1,3.5,1.1,1.6,26.1,7.1,,-1.3,1.9,0.6,.015,,-6.3,0.4,-5.8,-1.8,2007
86,Mardy Collins,SF,22,NYK,52,777,9.2,.445,.206,.360,4.3,11.5,8.0,17.4,2.2,0.3,17.8,18.8,,-0.6,0.6,0.0,.002,,-3.3,0.1,-3.1,-0.2,2007
87,Nick Collison,C,26,SEA,82,2378,14.2,.546,.003,.313,11.4,22.2,16.8,5.4,1.1,2.1,14.5,16.2,,2.8,1.8,4.6,.093,,-1.4,-1.0,-2.4,-0.3,2007
89,Brian Cook,PF,26,LAL,65,1018,14.8,.525,.282,.115,7.1,17.6,12.4,10.8,1.3,2.0,10.6,21.2,,0.9,0.8,1.8,.083,,-0.2,-1.1,-1.2,0.2,2007
90,Jamal Crawford,SG,26,NYK,59,2198,14.5,.517,.363,.307,2.4,7.8,5.1,20.9,1.4,0.3,13.9,24.1,,2.3,0.9,3.1,.069,,1.2,-1.7,-0.5,0.8,2007
91,Austin Croshere,PF,31,DAL,61,727,10.9,.463,.410,.234,5.6,24.8,15.4,9.2,1.0,0.6,11.9,17.8,,0.1,1.1,1.3,.083,,-1.8,0.3,-1.6,0.1,2007
92,Eddy Curry,C,24,NYK,81,2849,17.0,.603,.001,.649,8.2,15.5,11.9,4.6,0.6,1.1,18.4,25.5,,3.1,1.6,4.7,.079,,-0.1,-1.8,-1.8,0.1,2007
93,Samuel Dalembert,C,25,PHI,82,2535,16.1,.581,.003,.340,11.3,23.3,17.4,4.2,1.0,4.8,17.5,16.7,,2.5,3.6,6.2,.117,,-1.2,0.7,-0.5,0.9,2007
94,Erick Dampier,C,31,DAL,76,1915,14.9,.642,.000,.572,14.0,21.5,17.8,3.5,0.7,3.3,20.4,12.8,,3.3,3.1,6.4,.160,,-0.5,0.7,0.2,1.1,2007
95,Antonio Daniels,SG,31,WAS,80,1761,15.0,.572,.162,.643,1.1,8.9,4.9,24.3,1.1,0.4,12.1,14.2,,4.1,0.2,4.3,.116,,1.0,-1.2,-0.3,0.8,2007
96,Marquis Daniels,SG,26,IND,45,800,11.6,.506,.093,.285,3.7,8.3,5.9,12.6,1.8,0.7,14.8,20.8,,-0.1,0.7,0.6,.036,,-2.4,-0.3,-2.7,-0.1,2007
97,Baron Davis,PG,27,GSW,63,2221,21.0,.530,.272,.358,2.5,11.3,6.8,36.9,2.9,1.0,13.9,26.5,,4.1,2.3,6.4,.139,,3.1,0.5,3.6,3.2,2007
98,Dale Davis,C,37,DET,46,464,13.2,.486,.000,.351,15.1,20.0,17.5,3.9,1.2,5.7,14.9,10.3,,0.5,0.8,1.3,.132,,-2.0,1.3,-0.8,0.1,2007
100,Ricky Davis,SF,27,MIN,81,3021,15.9,.566,.285,.262,2.2,10.1,6.2,21.9,1.4,0.6,14.7,21.9,,3.9,1.9,5.7,.091,,1.2,-0.7,0.5,1.8,2007
101,Carlos Delfino,SG,24,DET,82,1372,12.8,.515,.367,.237,5.8,17.2,11.5,10.2,1.8,0.5,12.8,16.5,,1.0,1.9,2.9,.101,,-0.5,0.4,-0.1,0.7,2007
102,Luol Deng,SF,21,CHI,82,3071,18.7,.560,.006,.295,5.5,15.9,10.8,11.8,1.6,1.2,10.0,22.2,,5.7,5.6,11.3,.176,,1.7,1.3,3.0,3.9,2007
103,Boris Diaw,PF,24,PHO,73,2268,13.0,.570,.079,.211,4.9,11.0,8.1,21.7,0.6,1.2,19.9,15.4,,3.0,1.5,4.6,.097,,0.3,0.2,0.4,1.4,2007
104,Yakhouba Diawara,SG,24,DEN,64,1177,5.3,.450,.582,.182,2.6,7.8,5.3,6.5,1.3,0.4,10.5,12.8,,-0.2,0.8,0.5,.021,,-3.9,0.0,-3.9,-0.6,2007
105,Dan Dickau,PG,28,POR,50,444,12.2,.476,.404,.351,1.9,10.3,6.0,26.3,1.7,0.2,13.4,21.3,,0.3,0.2,0.4,.048,,-1.1,-1.1,-2.2,0.0,2007
107,Ike Diogu,PF,23,TOT,59,760,14.9,.559,.000,.526,11.0,19.5,15.2,5.7,0.5,2.6,17.0,22.9,,0.7,0.8,1.5,.094,,-2.5,-0.9,-3.4,-0.3,2007
108,DeSagana Diop,C,25,DAL,81,1480,10.6,.503,.007,.570,13.8,21.6,17.8,2.8,1.4,5.8,25.0,7.9,,0.7,3.1,3.8,.123,,-2.8,2.6,-0.2,0.7,2007
109,Juan Dixon,SG,28,TOT,81,1926,11.8,.516,.321,.165,1.7,8.4,5.0,11.0,2.1,0.4,11.8,20.7,,0.5,1.2,1.7,.042,,-1.6,-0.4,-2.0,0.0,2007
110,Michael Doleac,C,29,MIA,56,698,11.0,.518,.006,.234,7.6,18.3,13.1,5.1,1.4,1.7,13.5,15.1,,0.3,0.9,1.2,.086,,-3.7,-0.3,-3.9,-0.3,2007
111,Keyon Dooling,SG,26,ORL,66,1435,11.1,.501,.210,.308,1.9,5.4,3.7,13.1,1.9,0.8,12.2,19.1,,0.7,1.4,2.1,.071,,-1.6,0.4,-1.3,0.3,2007
112,Quincy Douby,PG,22,SAC,42,359,9.0,.449,.397,.119,3.5,8.7,6.0,6.9,2.1,0.9,10.2,18.5,,-0.3,0.3,0.0,-0.006,,-2.9,-0.9,-3.8,-0.2,2007
113,Chris Duhon,PG,24,CHI,78,1906,11.9,.529,.507,.209,1.4,8.7,5.1,24.4,1.9,0.2,16.6,14.8,,1.9,3.0,4.8,.121,,-0.9,1.3,0.5,1.2,2007
114,Tim Duncan*,C,30,SAS,80,2726,26.1,.579,.008,.502,9.8,27.0,18.8,18.8,1.3,5.1,14.0,27.9,,6.3,6.8,13.0,.230,,3.8,3.2,7.0,6.2,2007
115,Mike Dunleavy,SG-PF,26,TOT,82,2580,14.1,.542,.264,.316,3.6,15.5,9.4,14.2,1.6,0.6,13.3,19.0,,2.6,2.5,5.1,.095,,-0.3,0.3,0.0,1.3,2007
117,Monta Ellis,SG,21,GSW,77,2638,15.0,.545,.142,.354,2.5,7.7,5.1,18.8,2.4,0.6,15.9,22.4,,2.0,1.9,4.0,.072,,-0.9,-0.2,-1.1,0.6,2007
118,Francisco Elson,C,30,SAS,70,1332,11.2,.552,.007,.284,7.7,22.2,15.2,6.4,1.2,3.3,21.3,14.4,,0.2,2.9,3.1,.111,,-3.7,2.1,-1.6,0.1,2007
120,Maurice Evans,SG,28,LAL,76,1732,12.1,.523,.245,.286,6.3,8.6,7.5,6.7,1.1,0.6,8.5,17.3,,2.0,0.6,2.6,.072,,-0.4,-1.9,-2.3,-0.1,2007
121,Reggie Evans,PF,26,DEN,66,1127,13.5,.550,.000,.851,15.8,29.9,23.0,5.7,1.8,1.0,24.3,14.8,,0.4,1.9,2.3,.096,,-2.2,0.0,-2.2,-0.1,2007
122,Daniel Ewing,PG,23,LAC,61,712,9.3,.495,.273,.280,1.5,10.7,6.1,19.8,2.4,0.4,21.7,15.0,,-0.3,0.7,0.5,.033,,-3.4,0.6,-2.8,-0.1,2007
123,Jordan Farmar,PG,20,LAL,72,1090,10.8,.515,.466,.129,2.4,10.3,6.4,19.0,2.1,0.5,19.0,15.8,,0.2,0.7,0.9,.038,,-1.4,-0.3,-1.7,0.1,2007
125,Raymond Felton,PG,22,CHA,78,2832,13.5,.481,.305,.250,2.1,9.3,5.6,32.0,2.2,0.3,16.8,21.9,,0.2,2.1,2.3,.039,,0.0,-0.7,-0.8,0.9,2007
126,Michael Finley,SF,33,SAS,82,1823,13.7,.524,.431,.148,2.3,12.0,7.4,9.7,0.9,0.6,6.1,19.6,,2.1,2.6,4.7,.125,,0.8,-0.1,0.7,1.2,2007
127,Derek Fisher,SG,32,UTA,82,2287,11.4,.510,.231,.455,1.6,6.3,4.0,18.1,1.9,0.2,12.9,18.2,,2.4,1.5,3.9,.083,,-1.7,0.0,-1.6,0.2,2007
128,T.J. Ford,PG,23,TOR,75,2243,18.2,.508,.076,.325,2.7,9.7,6.2,44.8,2.3,0.3,18.3,26.1,,2.0,2.3,4.3,.091,,1.4,-0.5,0.9,1.6,2007
130,Jeff Foster,C,30,IND,75,1740,13.0,.513,.004,.469,16.5,24.1,20.2,5.0,1.9,1.6,18.2,9.9,,1.8,2.7,4.5,.124,,-1.2,0.3,-0.9,0.5,2007
131,Randy Foye,PG,23,MIN,82,1879,14.0,.536,.268,.278,3.2,10.5,6.9,20.9,1.5,0.9,16.4,22.9,,1.0,1.3,2.3,.058,,-0.3,-0.6,-1.0,0.5,2007
132,Adonal Foyle,C,31,GSW,48,475,13.7,.557,.000,.294,11.5,17.7,14.6,5.5,1.1,8.0,19.3,10.7,,0.4,0.6,1.0,.104,,-2.3,1.6,-0.7,0.2,2007
133,Steve Francis,SG,29,NYK,44,1237,15.1,.570,.324,.615,3.2,11.8,7.5,22.4,1.8,0.8,18.7,19.7,,2.0,0.9,2.9,.113,,0.6,0.2,0.7,0.9,2007
135,Channing Frye,PF,23,NYK,72,1896,10.5,.464,.026,.157,5.8,18.9,12.4,6.2,1.0,1.8,12.0,20.0,,-0.6,1.6,0.9,.024,,-3.4,-0.6,-4.0,-0.9,2007
136,Dan Gadzuric,C,28,MIL,54,840,11.9,.482,.004,.395,13.0,21.6,17.2,5.3,1.4,2.9,15.5,17.0,,0.1,0.7,0.8,.043,,-3.9,-1.5,-5.4,-0.7,2007
137,Jorge Garbajosa,PF,29,TOR,67,1909,12.1,.503,.365,.147,2.9,17.5,10.2,10.1,2.1,0.6,10.2,15.2,,0.6,2.4,3.0,.074,,-0.8,1.1,0.3,1.1,2007
138,Francisco García,SF,25,SAC,79,1410,11.7,.551,.392,.300,4.3,12.9,8.5,9.8,1.6,2.3,14.0,15.9,,1.1,1.2,2.4,.080,,-1.4,0.4,-1.1,0.3,2007
139,Kevin Garnett*,PF,30,MIN,76,2995,24.1,.546,.042,.371,7.5,30.8,19.5,19.5,1.6,3.2,11.6,27.4,,5.7,4.9,10.7,.171,,3.8,1.7,5.4,5.5,2007
141,Pau Gasol,C,26,MEM,59,2133,24.1,.593,.013,.466,8.3,24.2,16.3,17.7,0.7,4.5,13.5,25.3,,5.4,1.5,6.9,.155,,3.7,-0.1,3.6,3.0,2007
142,Rudy Gay,SF,20,MEM,78,2103,12.4,.497,.188,.275,5.3,14.5,9.9,8.0,1.7,2.7,14.1,21.3,,-0.5,1.0,0.5,.011,,-1.5,-0.7,-2.2,-0.1,2007
143,Mickaël Gelabale,SF,23,SEA,70,1239,9.8,.535,.178,.311,5.7,11.1,8.4,6.7,1.0,1.4,14.0,12.8,,0.9,0.4,1.3,.050,,-1.8,-0.9,-2.6,-0.2,2007
144,Devean George,SF,29,DAL,60,1283,9.7,.487,.405,.130,5.5,14.3,10.0,4.0,1.9,1.4,11.5,16.1,,0.1,1.9,2.1,.078,,-2.2,0.6,-1.5,0.2,2007
145,Daniel Gibson,PG,20,CLE,60,988,9.4,.556,.537,.169,3.2,7.7,5.4,10.7,1.2,0.6,15.1,13.4,,0.8,1.2,2.0,.098,,-1.6,0.9,-0.7,0.3,2007
146,Manu Ginóbili*,SG,29,SAS,75,2060,24.1,.609,.378,.436,3.6,15.1,9.6,22.6,2.8,1.0,13.4,27.1,,6.3,4.3,10.6,.246,,5.3,2.5,7.8,5.1,2007
147,Gordan Giriček,SG,29,UTA,61,1188,11.3,.566,.320,.228,2.5,10.7,6.6,8.5,1.2,0.3,13.2,18.2,,1.1,0.8,1.9,.076,,-0.8,-0.5,-1.4,0.2,2007
149,Ryan Gomes,PF,24,BOS,73,2275,13.7,.534,.058,.322,6.4,15.2,10.7,9.2,1.1,0.4,11.3,18.5,,2.5,1.7,4.2,.089,,-0.4,-1.0,-1.4,0.3,2007
150,Drew Gooden,PF,25,CLE,80,2238,16.5,.508,.008,.254,13.3,22.3,17.7,6.7,1.7,1.0,11.7,20.0,,2.4,4.1,6.5,.139,,-0.2,0.0,-0.2,1.0,2007
151,Ben Gordon,SG,23,CHI,82,2704,18.2,.572,.280,.329,1.5,9.3,5.4,20.1,1.2,0.5,14.0,29.3,,4.7,3.9,8.6,.152,,2.5,-0.1,2.4,3.0,2007
152,Joey Graham,SF,24,TOR,79,1319,12.9,.564,.080,.338,4.9,17.4,11.0,5.4,1.2,0.2,9.9,17.4,,1.7,1.3,3.0,.108,,-1.8,-0.1,-1.9,0.0,2007
154,Danny Granger,SF,23,IND,82,2785,13.9,.573,.332,.339,4.6,11.3,7.9,7.0,1.2,1.7,11.9,18.2,,3.9,2.6,6.5,.111,,0.4,-0.1,0.2,1.5,2007
155,Gerald Green,SF,21,BOS,81,1780,12.0,.521,.349,.215,4.5,9.6,7.0,8.5,1.2,1.0,12.9,23.7,,0.4,1.2,1.6,.042,,-0.7,-1.7,-2.5,-0.2,2007
156,Willie Green,SG,25,PHI,74,1842,10.3,.458,.181,.128,2.7,7.5,5.1,11.2,1.6,0.2,10.4,25.7,,-1.8,1.1,-0.7,-0.018,,-2.9,-1.8,-4.7,-1.2,2007
159,Adrian Griffin,SF,32,CHI,54,585,10.7,.499,.047,.147,7.9,13.4,10.6,15.2,2.8,0.5,21.7,13.3,,0.1,1.2,1.3,.103,,-3.3,3.0,-0.3,0.3,2007
162,Richard Hamilton,SG,28,DET,75,2763,18.1,.551,.110,.344,3.2,8.9,6.1,19.0,1.2,0.4,10.6,25.9,,5.7,2.4,8.1,.141,,1.8,-0.5,1.2,2.2,2007
163,Matt Harpring,SF,30,UTA,77,1965,14.7,.564,.059,.471,7.3,14.6,10.9,8.2,1.4,0.5,13.0,20.8,,3.1,1.6,4.7,.115,,-0.4,-0.7,-1.0,0.5,2007
164,Al Harrington,PF,26,TOT,78,2563,14.8,.540,.271,.223,6.5,15.4,10.9,9.8,1.3,0.7,12.4,23.1,,2.0,2.2,4.3,.080,,0.3,-1.2,-0.9,0.7,2007
167,Devin Harris,PG,23,DAL,80,2081,16.0,.574,.084,.440,2.7,8.5,5.7,22.9,2.5,0.8,17.1,19.1,,3.7,2.9,6.5,.151,,-0.3,1.6,1.2,1.7,2007
170,Udonis Haslem,PF,26,MIA,79,2483,13.7,.523,.006,.283,9.2,21.6,15.5,6.6,1.1,0.8,12.0,17.5,,2.0,3.1,5.1,.099,,-1.6,-0.8,-2.3,-0.2,2007
171,Trenton Hassell,SG,27,MIN,76,2223,9.7,.529,.056,.208,4.6,8.4,6.5,14.0,0.5,0.9,14.2,11.8,,1.8,0.8,2.6,.056,,-1.4,-0.5,-1.9,0.0,2007
172,Chuck Hayes,PF,23,HOU,78,1714,13.9,.587,.000,.266,13.8,21.1,17.5,4.4,2.2,0.8,14.6,11.9,,2.9,3.6,6.4,.179,,-2.3,1.6,-0.7,0.6,2007
173,Jarvis Hayes,SF,25,WAS,81,1626,10.7,.502,.335,.154,2.9,12.2,7.4,7.7,1.5,0.6,8.8,17.3,,1.0,0.5,1.5,.045,,-1.4,-1.3,-2.6,-0.3,2007
174,Brendan Haywood,C,27,WAS,77,1740,14.2,.571,.000,.592,12.5,19.2,15.8,4.1,1.0,3.9,16.7,13.6,,2.2,1.3,3.4,.095,,-1.1,-0.8,-1.8,0.1,2007
175,Luther Head,SG,24,HOU,80,2211,13.7,.584,.573,.150,1.6,11.4,6.6,14.8,1.8,0.2,15.5,18.6,,2.2,3.4,5.7,.123,,0.5,1.1,1.6,2.0,2007
177,Walter Herrmann,PF,27,CHA,48,936,16.1,.625,.348,.161,3.4,14.5,8.8,5.0,0.9,0.6,8.3,18.7,,1.8,0.6,2.4,.125,,1.9,-1.1,0.8,0.7,2007
178,Nenê,C,24,DEN,64,1715,17.8,.611,.002,.548,10.0,19.4,14.7,7.1,1.8,2.5,16.5,19.2,,2.9,2.4,5.3,.148,,-0.3,0.7,0.3,1.0,2007
179,Grant Hill*,SG,34,ORL,65,2009,16.3,.582,.018,.491,3.3,11.0,7.3,12.3,1.6,1.0,15.2,21.8,,2.9,2.3,5.1,.123,,0.7,0.4,1.1,1.6,2007
180,Kirk Hinrich,PG,26,CHI,80,2839,17.0,.559,.318,.268,1.3,9.7,5.5,29.2,1.8,0.6,13.9,21.6,,5.5,4.6,10.1,.171,,1.7,1.1,2.8,3.5,2007
184,Robert Horry,PF,36,SAS,68,1124,11.9,.480,.594,.255,8.2,16.1,12.3,10.1,2.1,2.7,13.6,13.6,,0.6,2.4,2.9,.125,,-0.5,2.7,2.1,1.2,2007
185,Eddie House,SG,28,NJN,56,946,15.0,.536,.416,.086,1.8,9.7,5.7,13.1,1.5,0.3,5.8,22.8,,1.1,0.8,1.9,.094,,1.0,-0.9,0.1,0.5,2007
186,Dwight Howard,C,21,ORL,82,3023,21.1,.619,.002,.763,11.8,28.9,20.5,9.5,1.2,4.2,21.4,22.7,,3.9,5.8,9.7,.154,,1.7,1.1,2.8,3.7,2007
187,Josh Howard,SF,26,DAL,70,2455,20.0,.548,.222,.273,6.5,16.6,11.7,9.2,1.8,1.7,9.3,25.2,,5.0,3.8,8.8,.173,,2.7,0.4,3.1,3.2,2007
188,Juwan Howard,PF,33,HOU,80,2123,12.8,.517,.000,.283,7.5,17.9,12.7,10.5,0.7,0.3,13.0,18.9,,1.7,3.2,4.9,.110,,-2.2,0.3,-2.0,0.0,2007
190,Larry Hughes,SG,28,CLE,70,2596,12.1,.480,.233,.324,1.8,10.4,6.0,16.4,1.8,0.8,12.4,21.7,,0.1,3.8,3.9,.073,,-1.5,0.7,-0.8,0.8,2007
191,Kris Humphries,PF,21,TOR,60,670,13.5,.516,.000,.427,13.5,19.3,16.4,4.2,1.1,2.4,12.7,17.4,,0.7,0.8,1.5,.107,,-2.5,-0.8,-3.2,-0.2,2007
192,Lindsey Hunter,PG,36,DET,52,745,12.7,.495,.488,.135,1.4,6.1,3.7,20.3,2.5,0.7,11.9,18.7,,0.5,0.8,1.3,.085,,-0.9,0.5,-0.3,0.3,2007
193,Steven Hunter,PF,25,PHI,70,1605,12.3,.573,.000,.463,8.6,16.5,12.5,2.6,0.4,3.7,14.2,13.2,,1.3,1.5,2.8,.085,,-1.6,-0.1,-1.8,0.1,2007
194,Andre Iguodala,SG,23,PHI,76,3062,18.1,.562,.156,.556,3.0,14.0,8.5,23.8,2.6,0.8,17.5,22.6,,4.1,3.6,7.7,.120,,1.3,1.1,2.4,3.4,2007
195,Zydrunas Ilgauskas,C,31,CLE,78,2130,18.0,.527,.001,.242,12.9,20.0,16.4,10.2,1.2,3.6,13.8,21.7,,2.6,4.0,6.6,.148,,-0.5,0.9,0.4,1.3,2007
198,Ersan İlyasova,PF,19,MIL,66,973,12.1,.500,.408,.245,6.9,16.0,11.4,7.8,1.4,1.4,11.3,21.0,,0.5,0.5,1.0,.051,,-1.4,-1.5,-2.9,-0.2,2007
199,Allen Iverson*,SG-PG,31,TOT,65,2761,19.6,.540,.150,.465,1.0,6.9,4.0,29.6,2.2,0.3,14.5,29.3,,4.0,2.2,6.2,.108,,2.6,-0.8,1.8,2.6,2007
200,Royal Ivey,PG,25,ATL,53,539,9.6,.496,.112,.245,3.3,8.1,5.7,14.1,2.4,0.6,16.4,16.2,,0.0,0.4,0.3,.030,,-3.7,-0.1,-3.8,-0.2,2007
201,Jarrett Jack,PG,23,POR,79,2651,14.5,.571,.255,.396,0.8,9.1,4.9,26.2,1.8,0.3,18.4,18.0,,3.8,1.0,4.8,.087,,0.2,-0.9,-0.7,0.9,2007
202,Bobby Jackson,SG,33,NOK,56,1330,15.1,.500,.319,.324,3.6,12.1,7.7,17.9,2.0,0.4,11.6,23.0,,1.2,1.3,2.5,.088,,0.2,0.3,0.6,0.8,2007
204,Marc Jackson,PF,32,NOK,56,1025,11.9,.471,.003,.265,6.8,15.0,10.8,9.6,1.1,0.5,13.0,22.2,,-0.2,0.9,0.7,.033,,-2.6,-1.1,-3.7,-0.4,2007
205,Stephen Jackson,SF-SG,28,TOT,75,2479,14.4,.540,.329,.317,2.7,7.5,5.0,18.8,1.7,1.0,14.5,22.1,,2.3,1.7,4.1,.079,,0.1,-0.7,-0.6,0.9,2007
207,LeBron James,SF,22,CLE,78,3190,24.5,.552,.191,.432,3.0,16.6,9.6,29.1,2.1,1.3,11.5,31.0,,8.0,5.7,13.7,.206,,5.9,2.2,8.1,8.1,2007
208,Mike James,PG,31,MIN,82,2069,13.3,.528,.306,.262,1.5,7.8,4.7,23.7,1.4,0.3,14.1,20.5,,1.8,1.1,2.8,.065,,-0.6,-1.0,-1.6,0.2,2007
209,Antawn Jamison,PF,30,WAS,70,2662,18.4,.545,.333,.270,5.6,19.0,12.1,8.8,1.5,1.0,7.5,22.8,,5.2,1.6,6.8,.123,,2.7,-1.4,1.3,2.2,2007
210,Marko Jarić,SG,28,MIN,70,1555,9.6,.510,.262,.271,4.3,9.7,7.1,14.1,2.5,0.8,19.5,13.5,,0.1,1.5,1.5,.048,,-3.1,1.5,-1.6,0.1,2007
211,Šarūnas Jasikevičius,SG-PG,30,TOT,63,973,12.4,.531,.404,.295,1.7,6.4,4.0,28.3,1.3,0.1,19.8,20.6,,0.6,0.5,1.1,.056,,-0.5,-2.0,-2.5,-0.1,2007
212,Al Jefferson,C,22,BOS,69,2319,19.8,.547,.001,.334,12.0,27.4,19.5,7.2,1.1,3.5,11.8,22.4,,3.3,3.3,6.6,.137,,1.0,-0.3,0.7,1.6,2007
213,Richard Jefferson,SF,26,NJN,55,1956,13.8,.555,.218,.490,2.9,11.5,7.2,13.1,0.9,0.3,12.9,22.1,,2.0,1.4,3.4,.082,,-0.3,-1.1,-1.4,0.3,2007
214,Jared Jeffries,SF,25,NYK,55,1307,8.6,.473,.097,.330,10.2,11.4,10.8,7.9,1.8,1.8,20.5,10.3,,0.1,1.0,1.2,.043,,-2.4,0.8,-1.6,0.2,2007
215,Alexander Johnson,PF,23,MEM,59,753,13.2,.588,.000,.698,7.9,20.8,14.4,3.6,1.7,3.5,17.5,16.1,,0.7,0.6,1.3,.083,,-3.2,-0.3,-3.5,-0.3,2007
217,Anthony Johnson,PG,32,TOT,67,1301,9.9,.480,.213,.178,2.1,7.3,4.7,24.9,1.4,0.2,17.0,15.8,,0.4,0.8,1.2,.045,,-2.4,-1.2,-3.7,-0.5,2007
219,Joe Johnson,SG,25,ATL,57,2359,19.5,.558,.274,.276,2.7,9.6,6.1,21.8,1.4,0.4,12.1,28.3,,4.1,1.0,5.1,.105,,4.2,-1.7,2.5,2.7,2007
220,Linton Johnson,PF,26,NOK,54,720,14.0,.548,.158,.195,8.2,18.2,13.1,4.0,2.4,2.0,11.6,14.8,,0.8,1.0,1.9,.125,,-1.6,1.7,0.1,0.4,2007
221,Bobby Jones,SF,23,PHI,44,336,9.4,.495,.097,.441,7.9,12.5,10.2,7.8,1.7,0.2,13.9,17.7,,0.0,0.3,0.3,.045,,-4.2,-0.7,-4.9,-0.2,2007
222,Dahntay Jones,SG,26,MEM,78,1671,9.6,.542,.026,.377,3.4,7.6,5.5,6.6,1.2,1.0,14.6,17.0,,0.7,0.0,0.7,.019,,-3.0,-1.6,-4.6,-1.1,2007
223,Damon Jones,PG,30,CLE,60,1173,10.2,.525,.651,.124,0.9,5.8,3.3,12.7,0.7,0.1,8.8,15.9,,1.2,1.1,2.4,.097,,-0.1,-0.4,-0.5,0.5,2007
225,Eddie Jones,SG,35,TOT,64,1594,12.3,.542,.526,.178,2.3,11.6,7.1,10.9,2.2,0.5,9.4,14.7,,1.7,1.4,3.1,.094,,-0.6,1.0,0.4,1.0,2007
226,Fred Jones,SG,27,TOT,63,1319,10.0,.501,.355,.316,2.1,8.4,5.2,12.8,1.9,0.9,14.0,16.9,,0.2,1.0,1.2,.044,,-2.3,0.5,-1.8,0.1,2007
227,James Jones,SF,26,PHO,76,1376,10.8,.510,.541,.184,2.9,11.5,7.5,4.5,1.0,2.1,5.6,16.5,,1.0,1.2,2.2,.077,,-0.5,-0.2,-0.6,0.5,2007
229,Solomon Jones,PF,22,ATL,58,666,12.3,.587,.008,.586,8.7,15.9,12.3,2.7,0.9,4.9,13.4,12.8,,1.0,0.7,1.6,.117,,-3.4,0.2,-3.1,-0.2,2007
230,Chris Kaman,C,24,LAC,75,2176,12.9,.502,.002,.344,8.9,23.3,16.2,6.1,1.0,4.1,16.4,19.0,,-0.3,3.2,2.9,.063,,-3.0,0.0,-3.0,-0.5,2007
231,Jason Kapono,SF,25,MIA,67,1767,13.8,.613,.373,.131,1.8,10.0,6.0,7.9,1.1,0.1,10.5,17.9,,2.9,1.3,4.2,.114,,0.5,-1.0,-0.5,0.7,2007
233,Jason Kidd*,PG,33,NJN,80,2933,19.4,.516,.398,.253,5.5,20.8,13.2,41.4,2.3,0.6,17.4,19.4,,5.1,4.1,9.3,.152,,3.1,1.5,4.7,4.9,2007
234,Tarence Kinsey,SG,22,MEM,48,967,13.0,.532,.151,.322,3.6,8.4,6.0,7.0,2.8,0.1,11.7,18.4,,0.6,0.3,0.9,.046,,-1.7,-0.3,-2.0,0.0,2007
235,Andrei Kirilenko,SF,25,UTA,70,2049,14.3,.558,.179,.572,5.2,14.3,9.8,14.5,1.9,5.8,20.5,14.4,,1.6,2.9,4.4,.104,,0.7,3.1,3.8,3.0,2007
236,Linas Kleiza,PF,22,DEN,79,1488,11.1,.561,.466,.285,5.9,14.1,10.1,4.5,0.9,0.7,12.9,17.6,,1.6,1.2,2.8,.090,,-1.6,-0.9,-2.5,-0.2,2007
237,Brevin Knight,PG,31,CHA,45,1273,14.3,.487,.050,.353,1.3,9.7,5.3,37.5,2.7,0.2,18.5,18.4,,0.7,1.1,1.8,.070,,-1.2,0.1,-1.0,0.3,2007
239,Kyle Korver,SF,25,PHI,74,2288,14.2,.569,.363,.247,1.6,12.0,6.8,8.0,1.3,0.7,11.1,21.3,,2.9,1.7,4.6,.097,,0.7,-0.7,-0.1,1.1,2007
243,David Lee,PF,23,NYK,58,1731,20.2,.652,.000,.433,13.6,27.6,20.7,10.2,1.5,1.1,16.2,14.9,,4.8,2.1,6.9,.191,,2.8,0.2,3.0,2.2,2007
244,Rashard Lewis,SF,27,SEA,60,2348,20.7,.587,.385,.313,4.6,15.7,10.1,10.8,1.5,1.3,9.4,24.4,,6.3,1.3,7.6,.155,,4.8,-0.7,4.1,3.6,2007
246,Shaun Livingston,PG,21,LAC,54,1611,13.7,.503,.036,.258,4.2,9.4,6.8,28.3,1.9,1.4,17.8,17.4,,0.9,1.6,2.4,.072,,-0.4,0.4,0.0,0.8,2007
248,John Lucas III,PG,24,HOU,47,383,11.8,.468,.378,.122,2.7,8.1,5.4,15.1,2.3,0.0,8.4,21.8,,0.0,0.6,0.6,.081,,-2.8,1.4,-1.4,0.1,2007
249,Tyronn Lue,PG,29,ATL,56,1488,14.1,.534,.307,.311,1.5,7.0,4.2,23.9,0.9,0.0,12.5,21.0,,2.2,0.3,2.5,.081,,0.5,-2.4,-1.9,0.0,2007
250,Mark Madsen,C,31,MIN,56,473,4.5,.547,.000,.674,9.1,12.8,11.0,3.0,1.1,1.6,27.4,7.5,,0.0,0.4,0.4,.042,,-6.3,0.6,-5.7,-0.4,2007
251,Corey Maggette,SF,27,LAC,75,2291,18.6,.583,.080,.783,4.7,18.2,11.5,15.9,1.5,0.5,15.6,26.0,,4.5,2.5,7.0,.146,,1.0,-0.5,0.5,1.5,2007
252,Jamaal Magloire,C,28,POR,81,1703,11.5,.527,.000,.613,10.8,25.4,18.0,2.9,0.7,3.1,20.5,17.4,,-0.4,1.5,1.1,.032,,-3.4,-1.0,-4.4,-1.0,2007
254,Stephon Marbury,PG,29,NYK,74,2748,15.3,.539,.362,.405,1.6,7.6,4.6,25.2,1.4,0.3,13.8,21.5,,4.8,1.1,5.9,.103,,1.5,-1.3,0.2,1.5,2007
255,Shawn Marion,SF,28,PHO,80,3010,20.8,.594,.235,.232,7.0,22.6,15.2,6.7,2.6,2.8,8.8,19.3,,6.7,5.3,12.0,.191,,2.4,1.9,4.4,4.8,2007
258,Donyell Marshall,PF,33,CLE,81,1360,15.3,.536,.550,.162,7.2,20.8,13.8,5.7,1.5,2.5,11.3,19.8,,1.3,2.6,3.8,.135,,0.8,0.8,1.6,1.3,2007
262,Kevin Martin,SG,23,SAC,80,2818,20.1,.614,.312,.534,2.8,11.6,7.1,10.9,1.8,0.3,9.3,23.2,,8.3,1.9,10.2,.173,,3.2,-0.5,2.8,3.4,2007
263,Desmond Mason,SF,29,NOK,75,2575,10.8,.493,.000,.359,5.4,10.1,7.7,7.6,1.1,0.7,15.6,21.9,,-1.2,1.8,0.6,.011,,-2.7,-1.2,-3.9,-1.3,2007
264,Roger Mason,SG,26,WAS,62,492,7.2,.443,.570,.089,1.6,9.1,5.3,10.9,1.3,0.9,9.3,18.3,,-0.2,0.1,-0.1,-0.005,,-3.1,-1.6,-4.7,-0.3,2007
265,Jason Maxiell,C,23,DET,67,943,14.4,.518,.000,.523,11.1,12.3,11.7,2.5,1.7,4.9,14.1,18.9,,0.3,1.5,1.8,.091,,-2.6,0.5,-2.0,0.0,2007
269,Antonio McDyess,PF,32,DET,82,1729,18.1,.552,.000,.257,11.3,22.7,17.0,7.2,1.9,2.9,11.1,18.6,,2.8,3.2,6.0,.168,,-0.4,1.1,0.6,1.1,2007
271,Tracy McGrady*,SG,27,HOU,71,2539,23.2,.515,.257,.330,2.6,14.5,8.6,37.5,1.9,1.1,11.2,35.0,,4.1,4.5,8.6,.163,,4.9,1.2,6.1,5.2,2007
274,Keith McLeod,PG,27,TOT,48,718,10.2,.520,.239,.415,0.6,6.3,3.4,18.7,1.7,0.5,17.1,16.3,,0.3,0.4,0.8,.051,,-2.6,-0.7,-3.3,-0.2,2007
278,Darko Miličić,PF,21,ORL,80,1913,13.8,.492,.002,.420,9.6,18.4,14.1,7.9,1.2,5.9,16.0,18.7,,0.0,3.3,3.3,.082,,-2.1,1.5,-0.5,0.7,2007
279,Andre Miller,PG,30,TOT,80,2966,16.1,.520,.039,.311,3.9,10.1,7.0,34.3,1.9,0.3,17.7,19.2,,3.5,2.4,5.9,.095,,0.5,-0.3,0.2,1.7,2007
280,Brad Miller,C,30,SAC,63,1783,13.5,.508,.067,.302,5.1,21.7,13.2,20.4,1.1,1.7,16.2,16.8,,1.0,1.7,2.7,.072,,-0.7,0.8,0.1,0.9,2007
281,Mike Miller,SG,26,MEM,70,2740,16.4,.588,.493,.201,2.3,14.2,8.2,18.7,1.0,0.5,14.0,21.1,,4.6,0.3,4.8,.085,,3.1,-1.7,1.4,2.3,2007
282,Paul Millsap,PF,21,UTA,82,1472,17.6,.571,.008,.523,15.1,19.8,17.5,6.7,2.4,4.2,16.1,17.8,,2.4,2.3,4.7,.153,,-0.4,1.0,0.6,0.9,2007
283,Yao Ming*,C,26,HOU,48,1624,26.5,.601,.002,.504,7.2,24.7,16.0,12.3,0.6,4.5,14.3,33.5,,4.0,3.4,7.4,.220,,3.1,1.9,5.0,2.8,2007
284,Cuttino Mobley,SG,31,LAC,78,2841,12.5,.546,.279,.271,2.2,9.0,5.6,11.7,1.7,0.7,12.8,18.4,,2.2,2.4,4.6,.078,,-0.6,-0.4,-1.0,0.8,2007
285,Nazr Mohammed,C,29,DET,51,773,16.5,.554,.000,.369,13.7,21.5,17.6,2.0,1.9,4.0,14.3,18.5,,0.9,1.5,2.3,.145,,-2.5,0.6,-1.9,0.0,2007
286,Mikki Moore,C,31,NJN,79,2082,14.8,.637,.002,.464,8.3,14.5,11.4,6.1,1.2,2.3,15.6,16.2,,3.5,2.3,5.7,.131,,-1.3,0.1,-1.2,0.4,2007
288,Adam Morrison,PF,22,CHA,78,2326,7.9,.450,.273,.179,2.7,9.2,5.9,11.9,0.6,0.2,11.3,22.4,,-2.2,0.8,-1.5,-0.030,,-2.7,-2.4,-5.1,-1.8,2007
289,Alonzo Mourning*,C,36,MIA,77,1572,16.7,.590,.000,.725,9.7,16.4,13.1,2.0,0.4,9.0,18.7,20.8,,1.0,2.5,3.5,.107,,-3.1,1.2,-1.9,0.0,2007
290,Troy Murphy,PF,26,TOT,68,1852,14.5,.541,.253,.250,6.0,19.6,12.7,10.9,1.2,1.7,10.8,17.2,,2.4,2.1,4.5,.116,,0.1,0.4,0.5,1.1,2007
291,Ronald Murray,SG,27,DET,69,1477,10.8,.474,.189,.274,2.1,7.0,4.5,20.4,1.8,0.7,15.5,18.7,,-0.1,1.4,1.3,.042,,-2.3,-0.2,-2.4,-0.1,2007
292,Dikembe Mutombo*,C,40,HOU,75,1289,14.4,.601,.000,.569,14.7,28.7,21.8,1.5,0.9,4.5,16.6,8.3,,2.1,3.0,5.2,.192,,-1.5,2.2,0.6,0.8,2007
293,Boštjan Nachbar,SF,26,NJN,76,1532,14.5,.614,.535,.331,2.1,17.3,9.7,6.8,1.0,1.3,10.8,19.3,,2.5,1.6,4.1,.128,,0.4,-0.1,0.3,0.9,2007
294,Eduardo Nájera,PF,30,DEN,75,1658,13.5,.609,.034,.347,9.0,12.0,10.5,5.7,2.2,1.1,12.1,12.0,,2.9,1.8,4.8,.138,,-0.9,1.2,0.2,0.9,2007
295,Steve Nash*,PG,32,PHO,76,2682,23.8,.654,.353,.254,1.4,9.9,5.8,50.1,1.1,0.2,21.0,22.9,,10.8,1.7,12.6,.225,,6.7,-0.8,5.9,5.3,2007
296,Jameer Nelson,PG,24,ORL,77,2331,13.9,.514,.222,.253,2.7,9.6,6.2,25.0,1.7,0.2,15.9,23.0,,1.6,2.4,4.0,.082,,-0.1,-0.6,-0.7,0.8,2007
297,Rasho Nesterović,C,30,TOR,80,1676,13.9,.558,.002,.119,8.0,17.4,12.6,7.0,1.1,3.9,11.2,13.8,,1.9,2.2,4.1,.118,,-1.4,1.2,-0.3,0.7,2007
299,Andrés Nocioni,PF,27,CHI,53,1406,15.6,.578,.358,.248,3.4,20.9,12.2,7.0,1.0,1.3,13.8,23.8,,1.4,2.6,4.1,.139,,0.2,0.6,0.8,1.0,2007
300,David Noel,PF,22,MIL,68,792,9.0,.470,.299,.243,6.2,12.2,9.1,11.7,1.6,0.9,17.0,13.4,,0.1,0.3,0.4,.024,,-2.2,-0.9,-3.1,-0.2,2007
302,Dirk Nowitzki,PF,28,DAL,78,2820,27.6,.605,.129,.411,5.3,23.9,14.8,17.8,1.0,1.7,9.5,28.9,,11.8,4.5,16.3,.278,,7.2,1.2,8.3,7.4,2007
304,Jermaine O'Neal,C,28,IND,69,2459,18.8,.500,.006,.392,7.1,24.4,15.5,13.0,1.1,5.6,13.2,28.1,,0.5,4.1,4.7,.091,,-0.4,1.2,0.8,1.7,2007
306,Fabricio Oberto,C,31,SAS,79,1365,11.9,.575,.000,.181,12.1,20.2,16.3,7.8,1.0,1.3,18.5,12.9,,1.6,2.5,4.1,.144,,-2.5,1.1,-1.3,0.2,2007
307,Lamar Odom,PF,27,LAL,56,2202,16.1,.552,.267,.416,5.5,23.5,14.5,19.5,1.2,1.1,16.8,19.8,,2.6,2.1,4.7,.102,,1.0,0.2,1.1,1.7,2007
308,Emeka Okafor,C,24,CHA,67,2329,20.1,.554,.000,.399,12.7,26.2,19.2,6.0,1.3,5.7,11.3,19.1,,3.5,3.6,7.1,.147,,1.2,0.9,2.1,2.4,2007
309,Mehmet Okur,C,27,UTA,80,2664,18.1,.571,.317,.365,7.3,19.1,13.2,9.9,0.7,1.2,9.2,22.8,,6.5,2.3,8.8,.158,,3.1,-0.9,2.2,2.8,2007
310,Kevin Ollie,PG,34,PHI,53,919,8.4,.481,.011,.241,1.0,8.6,4.8,21.8,1.2,0.1,18.5,12.8,,0.1,0.5,0.6,.030,,-3.5,-0.7,-4.2,-0.5,2007
313,Travis Outlaw,PF,22,POR,67,1532,15.3,.499,.065,.319,5.2,12.6,8.8,6.1,2.2,3.9,9.3,21.8,,0.9,1.4,2.3,.072,,-0.7,0.3,-0.4,0.6,2007
314,Zaza Pachulia,C,22,ATL,72,2026,16.8,.562,.002,.607,11.7,18.1,14.9,9.2,2.0,1.4,17.2,21.3,,2.7,2.1,4.8,.114,,-0.4,-0.4,-0.8,0.6,2007
316,Jannero Pargo,PG,27,NOK,82,1710,13.4,.504,.302,.176,1.3,11.1,6.1,20.4,1.6,0.2,14.1,23.1,,0.6,1.4,2.0,.056,,-0.4,-0.4,-0.8,0.5,2007
317,Anthony Parker,SG,31,TOR,73,2437,14.5,.597,.380,.230,2.9,10.9,6.8,9.9,1.6,0.3,8.6,15.7,,4.4,2.1,6.5,.127,,0.9,0.4,1.4,2.1,2007
318,Smush Parker,PG,25,LAL,82,2457,11.6,.526,.383,.223,2.2,7.6,4.9,14.6,2.5,0.3,15.1,18.6,,0.7,1.6,2.3,.045,,-1.7,-0.3,-2.0,0.0,2007
319,Tony Parker,PG,24,SAS,77,2499,21.4,.572,.035,.319,1.7,10.0,6.0,31.7,1.8,0.2,13.3,27.4,,5.8,3.9,9.6,.185,,2.7,0.4,3.1,3.2,2007
320,Ruben Patterson,SF,31,MIL,81,2508,18.5,.578,.022,.434,8.8,11.9,10.3,15.5,2.3,0.8,16.2,22.2,,4.1,1.3,5.4,.103,,1.7,-0.6,1.0,1.9,2007
321,Chris Paul,PG,21,NOK,64,2353,22.0,.537,.164,.410,2.6,11.3,6.9,41.3,2.7,0.1,13.5,23.1,,6.2,2.6,8.8,.179,,3.6,1.4,5.0,4.2,2007
322,Sasha Pavlović,SG,23,CLE,67,1534,12.1,.554,.302,.257,1.7,10.5,6.0,11.3,1.9,0.9,15.8,19.1,,0.8,2.3,3.1,.098,,-1.8,1.0,-0.8,0.5,2007
323,Gary Payton*,PG,38,MIA,68,1503,9.0,.458,.336,.156,1.4,8.7,5.2,20.9,1.5,0.2,14.4,14.4,,0.1,1.2,1.3,.042,,-3.1,-0.1,-3.2,-0.5,2007
324,Kendrick Perkins,C,22,BOS,72,1576,9.5,.518,.011,.372,8.4,20.1,14.1,9.4,0.8,4.7,26.5,12.2,,-0.6,1.9,1.4,.042,,-4.1,1.5,-2.6,-0.3,2007
325,Morris Peterson,SF,29,TOR,71,1515,13.2,.555,.571,.238,2.5,16.1,9.2,5.0,1.5,0.6,8.5,19.1,,1.3,1.6,2.9,.091,,0.2,-0.2,0.1,0.8,2007
326,Johan Petro,C,21,SEA,81,1510,11.6,.532,.000,.176,7.2,19.5,13.3,4.8,1.4,2.4,14.8,16.7,,0.5,1.2,1.7,.053,,-3.4,-0.3,-3.7,-0.6,2007
328,Paul Pierce*,SG,29,BOS,47,1740,21.7,.571,.324,.473,2.6,16.8,9.5,22.1,1.4,0.6,12.9,30.7,,3.8,1.6,5.4,.148,,4.9,-0.7,4.2,2.7,2007
329,Mickaël Piétrus,SF,24,GSW,72,1937,13.0,.590,.410,.358,4.5,14.2,9.3,4.7,1.2,2.2,13.4,17.2,,2.0,1.5,3.6,.088,,-0.8,-0.5,-1.3,0.4,2007
332,James Posey,SF,30,MIA,71,1919,12.7,.579,.600,.227,4.2,17.5,11.0,7.7,2.0,0.9,10.4,13.1,,2.6,2.6,5.2,.130,,-0.3,1.1,0.9,1.4,2007
334,Leon Powe,C,23,BOS,63,720,14.6,.549,.011,.814,15.8,20.1,17.9,2.3,1.0,2.4,16.4,18.1,,0.9,0.8,1.7,.116,,-2.1,-1.7,-3.8,-0.3,2007
337,Ronnie Price,PG,23,SAC,58,563,10.5,.489,.378,.320,3.1,11.9,7.4,13.7,2.5,0.5,14.4,18.3,,-0.1,0.5,0.4,.035,,-2.4,0.6,-1.8,0.0,2007
338,Tayshaun Prince,SF,26,DET,82,3001,16.0,.534,.211,.225,5.7,11.3,8.5,12.9,0.9,1.4,8.2,18.9,,5.1,2.9,8.0,.128,,2.1,-0.4,1.8,2.9,2007
339,Joel Przybilla,C,27,POR,43,701,7.4,.467,.000,.346,10.3,19.7,14.9,2.6,0.8,7.6,30.8,8.7,,-0.5,0.8,0.3,.020,,-5.4,1.9,-3.5,-0.3,2007
340,Chris Quinn,PG,23,MIA,42,408,12.3,.479,.435,.282,1.8,6.8,4.3,25.8,2.0,0.0,12.5,19.6,,0.3,0.3,0.6,.070,,-0.8,-1.1,-1.9,0.0,2007
341,Vladimir Radmanović,PF,26,LAL,55,986,11.0,.518,.373,.231,6.3,15.0,10.7,10.5,1.3,1.4,16.5,19.0,,0.1,0.7,0.8,.040,,-1.8,-1.0,-2.8,-0.2,2007
343,Zach Randolph,PF,25,POR,68,2425,22.8,.537,.037,.374,10.0,25.6,17.6,12.8,1.2,0.5,12.6,33.1,,3.8,1.9,5.7,.112,,3.4,-1.8,1.6,2.2,2007
345,Allan Ray,SG,22,BOS,47,710,10.0,.512,.448,.212,3.0,8.8,5.8,10.5,1.5,0.3,12.9,20.8,,0.1,0.5,0.6,.039,,-1.5,-1.2,-2.7,-0.1,2007
346,Michael Redd,SF,27,MIL,53,2036,22.3,.586,.299,.406,2.4,9.0,5.7,11.0,1.6,0.3,9.2,29.5,,5.8,0.3,6.1,.145,,5.0,-2.0,3.0,2.5,2007
347,J.J. Redick,PG,22,ORL,42,622,13.0,.569,.503,.308,2.0,8.1,5.2,9.7,1.0,0.0,8.7,18.1,,1.2,0.5,1.7,.134,,0.8,-0.7,0.1,0.3,2007
350,Jason Richardson,SG,26,GSW,51,1675,15.5,.512,.410,.191,4.6,12.6,8.5,16.0,1.6,1.4,9.3,22.3,,1.7,1.3,3.0,.085,,1.4,-0.6,0.8,1.2,2007
352,Quentin Richardson,SF,26,NYK,49,1621,14.3,.532,.473,.220,4.8,20.8,12.9,11.4,1.2,0.3,10.5,18.7,,2.2,1.3,3.5,.104,,1.3,-0.6,0.7,1.1,2007
353,Luke Ridnour,PG,25,SEA,71,2091,13.7,.509,.200,.229,1.6,7.9,4.7,28.2,2.1,0.7,16.9,20.0,,1.4,0.8,2.3,.052,,-0.6,-0.9,-1.5,0.2,2007
355,Lawrence Roberts,PF,24,MEM,54,969,13.4,.533,.010,.630,12.4,19.8,16.1,4.7,1.9,1.0,11.9,14.1,,1.4,0.6,2.0,.099,,-1.2,-0.5,-1.7,0.1,2007
357,Clifford Robinson,C,40,NJN,50,955,5.9,.434,.303,.165,3.9,11.2,7.5,8.2,0.7,1.9,11.4,12.9,,-0.5,0.8,0.3,.013,,-3.9,-0.2,-4.1,-0.5,2007
358,Nate Robinson,PG,22,NYK,64,1356,15.2,.552,.407,.266,4.9,8.4,6.7,11.9,2.0,0.4,11.0,22.0,,2.4,0.8,3.2,.114,,1.2,-0.2,1.1,1.0,2007
359,Sergio Rodríguez,PG,20,POR,67,862,14.1,.493,.356,.109,2.8,10.4,6.6,41.9,2.2,0.2,23.5,17.8,,0.5,0.4,0.9,.050,,0.4,-1.5,-1.1,0.2,2007
360,Rajon Rondo,PG,20,BOS,78,1831,13.1,.472,.064,.409,4.7,14.6,9.5,26.3,3.6,0.3,20.5,16.5,,-0.1,2.6,2.4,.064,,-2.4,2.2,-0.2,0.8,2007
362,Malik Rose,PF,32,NYK,65,810,7.7,.460,.043,.280,7.0,18.6,12.8,12.7,1.7,0.9,23.7,15.3,,-0.6,0.8,0.1,.007,,-4.5,0.6,-3.9,-0.4,2007
363,Quinton Ross,SG,25,LAC,81,1700,10.5,.508,.026,.230,4.3,9.1,6.7,8.1,2.2,1.5,7.3,12.2,,1.4,1.8,3.2,.090,,-2.4,1.4,-1.0,0.4,2007
364,Brandon Roy,SG,22,POR,57,2015,18.0,.548,.191,.315,3.5,12.1,7.7,20.9,1.8,0.4,11.8,23.0,,3.8,1.0,4.8,.114,,2.3,-0.3,2.0,2.0,2007
366,John Salmons,SG,27,SAC,79,2135,12.7,.553,.217,.395,2.5,12.2,7.3,18.8,1.7,1.0,16.4,15.3,,2.0,1.6,3.6,.081,,-0.9,0.4,-0.5,0.8,2007
368,Brian Scalabrine,PF,28,BOS,54,1027,6.6,.537,.576,.120,2.7,9.7,6.1,8.9,1.2,1.4,18.0,10.8,,0.2,0.7,0.9,.043,,-2.7,0.0,-2.7,-0.2,2007
370,Thabo Sefolosha,SG,22,CHI,71,868,8.5,.464,.164,.176,4.6,15.4,10.1,10.7,1.9,1.0,17.9,17.2,,-0.8,1.7,0.8,.047,,-4.2,1.6,-2.6,-0.1,2007
373,Cedric Simmons,PF,21,NOK,43,534,8.0,.430,.000,.250,9.3,13.9,11.6,3.5,0.8,3.4,13.1,14.4,,-0.3,0.5,0.3,.025,,-4.6,0.2,-4.4,-0.3,2007
374,James Singleton,PF,25,LAC,53,376,11.9,.449,.171,.354,11.6,22.1,16.9,7.0,2.1,3.5,15.2,13.7,,0.0,0.6,0.7,.083,,-2.3,1.1,-1.2,0.1,2007
375,Brian Skinner,PF,30,MIL,67,1523,8.9,.511,.000,.312,8.1,21.8,14.9,5.4,0.6,3.2,20.7,10.8,,0.1,1.0,1.1,.035,,-3.5,-0.1,-3.6,-0.6,2007
377,Craig Smith,PF,23,MIN,82,1537,15.7,.558,.013,.402,11.9,20.3,16.2,5.4,1.8,0.9,12.0,18.7,,2.1,1.7,3.9,.121,,-1.3,-0.5,-1.8,0.1,2007
378,J.R. Smith,SG,21,DEN,63,1471,15.6,.585,.593,.196,2.3,8.5,5.5,10.2,1.6,0.4,10.8,22.8,,2.5,1.1,3.7,.120,,2.0,-0.5,1.4,1.2,2007
379,Joe Smith,PF,31,TOT,65,1503,13.9,.510,.010,.310,9.6,22.1,15.9,5.4,1.3,1.4,12.3,18.9,,1.0,1.8,2.8,.088,,-1.6,-0.7,-2.3,-0.1,2007
380,Josh Smith,SF,21,ATL,72,2647,18.3,.506,.153,.390,7.4,21.0,14.1,16.3,2.0,6.1,16.3,24.1,,0.4,4.0,4.4,.079,,0.4,1.7,2.0,2.7,2007
382,Eric Snow,PG,33,CLE,82,1929,8.6,.458,.012,.349,2.1,9.5,5.7,25.2,1.5,0.6,22.9,11.4,,0.2,2.6,2.8,.069,,-3.8,1.1,-2.6,-0.3,2007
387,Jerry Stackhouse,SF,32,DAL,67,1615,16.8,.537,.248,.329,3.0,7.7,5.4,19.7,1.7,0.5,13.5,25.0,,2.3,1.8,4.1,.122,,1.8,-0.6,1.2,1.3,2007
388,DeShawn Stevenson,SG,25,WAS,82,2419,12.9,.542,.243,.287,2.5,7.9,5.1,14.3,1.4,0.6,12.3,17.6,,2.7,0.3,3.1,.061,,0.1,-1.4,-1.3,0.4,2007
390,Damon Stoudamire,PG,33,MEM,62,1501,12.6,.493,.400,.190,2.5,8.6,5.5,31.3,1.6,0.1,17.6,17.3,,1.1,0.1,1.1,.036,,0.1,-2.0,-1.9,0.1,2007
391,Salim Stoudamire,SG,24,ATL,61,1034,11.4,.518,.365,.160,0.7,8.0,4.3,10.9,1.1,0.2,10.8,22.7,,0.5,0.3,0.8,.036,,-1.1,-2.0,-3.1,-0.3,2007
392,Amar'e Stoudemire,C,24,PHO,82,2689,23.1,.637,.003,.555,10.1,23.3,17.0,5.0,1.5,2.9,15.0,25.8,,7.2,4.0,11.2,.201,,1.5,0.3,1.8,2.6,2007
393,Mike Sweetney,C,24,CHI,48,385,10.9,.469,.000,.493,13.4,22.1,17.8,11.7,1.2,2.2,20.5,23.7,,-0.4,0.8,0.4,.049,,-5.7,0.9,-4.8,-0.3,2007
394,Stromile Swift,C,27,MEM,54,1029,14.2,.517,.014,.387,9.9,19.2,14.5,2.8,1.5,4.6,14.6,20.8,,0.2,0.8,1.0,.047,,-3.0,-0.9,-4.0,-0.5,2007
396,Donell Taylor,SG,24,WAS,47,369,10.3,.422,.121,.150,4.2,12.5,8.3,19.6,2.4,0.6,14.3,20.8,,-0.4,0.2,-0.2,-0.022,,-2.8,-0.2,-3.0,-0.1,2007
398,Sebastian Telfair,PG,21,BOS,78,1578,8.6,.458,.270,.232,1.3,7.1,4.1,22.7,1.4,0.5,15.8,17.8,,-0.5,1.0,0.5,.015,,-3.2,-1.0,-4.2,-0.9,2007
399,Jason Terry,SG,29,DAL,81,2846,18.9,.587,.348,.187,1.8,7.9,4.9,25.5,1.5,0.5,11.7,21.3,,7.7,3.1,10.8,.182,,3.9,0.1,4.0,4.3,2007
400,Etan Thomas,C,28,WAS,65,1246,15.6,.585,.000,.498,12.2,22.9,17.4,3.6,0.9,5.5,17.4,14.4,,1.5,1.2,2.7,.105,,-1.1,-0.1,-1.2,0.3,2007
401,Kenny Thomas,PF,29,SAC,62,1412,10.2,.492,.003,.251,10.9,20.6,15.7,8.4,1.5,0.9,21.1,13.6,,-0.1,1.4,1.2,.041,,-2.6,-0.2,-2.7,-0.3,2007
402,Kurt Thomas,C,34,PHO,67,1208,11.4,.531,.004,.274,8.7,26.9,18.3,2.7,1.0,1.7,10.8,12.1,,1.2,1.7,2.9,.115,,-2.1,0.4,-1.7,0.1,2007
403,Tim Thomas,PF,29,LAC,76,2054,13.6,.532,.492,.199,3.7,18.2,11.0,14.2,1.4,1.1,11.9,20.1,,1.6,2.3,3.9,.092,,0.7,0.0,0.7,1.4,2007
404,Tyrus Thomas,PF,20,CHI,72,966,14.8,.521,.007,.621,10.6,21.1,15.9,6.6,2.4,6.2,20.8,20.9,,-0.4,2.6,2.2,.110,,-4.1,3.1,-1.0,0.2,2007
406,Jamaal Tinsley,PG,28,IND,72,2243,15.2,.465,.217,.269,3.0,9.5,6.2,38.5,2.7,0.8,16.7,23.8,,0.2,2.6,2.8,.060,,0.7,0.1,0.8,1.6,2007
409,Ronny Turiaf,C,24,LAL,72,1087,15.5,.586,.004,.500,9.6,18.3,13.9,9.1,0.8,5.5,13.7,15.7,,1.9,1.1,3.1,.137,,-1.7,1.0,-0.7,0.4,2007
410,Hedo Türkoğlu,SF,27,ORL,73,2268,14.2,.528,.341,.266,3.2,12.5,8.0,17.9,1.6,0.6,13.5,21.7,,2.3,2.6,4.9,.105,,0.4,0.0,0.4,1.3,2007
411,Ime Udoka,SF,29,POR,75,2144,12.1,.569,.426,.173,5.4,10.9,8.1,8.6,1.8,0.6,11.7,13.7,,2.9,1.0,3.9,.088,,0.2,0.1,0.2,1.2,2007
412,Beno Udrih,PG,24,SAS,73,948,10.3,.459,.334,.174,1.5,8.7,5.2,20.6,1.5,0.1,13.1,21.3,,-0.3,1.4,1.0,.053,,-2.8,-0.3,-3.0,-0.2,2007
413,Anderson Varejão,C,24,CLE,81,1932,14.4,.527,.022,.668,11.2,21.8,16.4,6.0,2.1,2.1,11.4,13.7,,2.6,4.0,6.6,.164,,-1.8,1.8,0.0,1.0,2007
414,Jacque Vaughn,PG,31,SAS,64,760,10.9,.491,.012,.389,1.3,9.2,5.4,25.9,1.7,0.2,17.0,14.7,,0.6,1.2,1.7,.107,,-3.2,0.9,-2.3,0.0,2007
417,Jake Voskuhl,C,29,CHA,73,1043,10.9,.523,.000,.443,9.3,20.1,14.5,6.8,1.5,1.8,15.5,15.7,,0.5,1.1,1.7,.077,,-4.0,0.1,-3.9,-0.5,2007
418,Sasha Vujačić,SG,22,LAL,73,935,11.7,.540,.601,.183,3.5,9.8,6.7,10.3,2.3,0.1,9.4,15.4,,1.2,0.6,1.8,.091,,-0.9,-0.1,-1.0,0.2,2007
419,Dwyane Wade,SG,25,MIA,51,1931,28.9,.583,.082,.556,3.2,11.2,7.3,40.5,3.0,2.5,15.3,34.7,,5.9,2.9,8.8,.219,,6.3,1.8,8.2,4.9,2007
422,Antoine Walker,PF,30,MIA,78,1818,9.6,.462,.457,.157,6.1,15.7,11.0,12.1,1.4,0.7,16.5,22.3,,-2.3,2.0,-0.3,-0.007,,-2.5,-1.0,-3.6,-0.7,2007
423,Ben Wallace*,C,32,CHI,77,2697,14.6,.456,.012,.630,12.9,21.7,17.4,9.9,2.1,4.6,15.7,10.6,,1.6,6.6,8.2,.146,,0.1,3.3,3.4,3.7,2007
424,Gerald Wallace,SF,24,CHA,72,2640,19.8,.568,.126,.470,6.2,17.4,11.6,12.5,2.8,2.0,12.2,22.5,,4.2,3.5,7.7,.141,,2.2,1.5,3.7,3.7,2007
425,Rasheed Wallace,C,32,DET,75,2419,15.7,.513,.351,.163,4.4,22.2,13.3,8.9,1.7,3.8,9.4,19.6,,1.8,4.4,6.2,.123,,0.4,1.6,2.0,2.5,2007
426,Luke Walton,SF,26,LAL,60,1982,14.7,.551,.223,.260,5.2,12.6,8.9,20.2,1.6,0.8,16.0,16.8,,2.6,1.2,3.8,.092,,0.9,-0.5,0.4,1.2,2007
427,Hakim Warrick,PF,24,MEM,82,2152,15.9,.592,.011,.545,7.2,16.1,11.7,6.0,1.0,1.1,15.4,21.9,,3.2,0.5,3.7,.082,,-0.3,-1.7,-2.0,0.0,2007
428,Earl Watson,PG,27,SEA,77,2152,13.5,.483,.408,.214,1.9,8.5,5.2,31.4,2.4,0.8,18.2,19.4,,0.9,1.1,2.0,.044,,0.2,-0.9,-0.7,0.7,2007
429,Chris Webber*,PF,33,TOT,61,1821,16.0,.482,.017,.250,8.1,20.5,14.3,17.8,1.8,1.7,13.1,21.1,,0.7,2.7,3.4,.090,,0.0,1.0,1.0,1.4,2007
430,Martell Webster,SF,20,POR,82,1759,9.9,.522,.508,.268,3.0,14.2,8.5,4.9,1.1,0.9,12.1,16.7,,0.6,0.7,1.3,.036,,-0.7,-1.3,-2.0,0.0,2007
433,David West,PF,26,NOK,52,1900,18.9,.532,.032,.287,7.5,18.5,12.9,10.9,1.2,1.6,9.9,23.8,,3.1,2.0,5.2,.131,,1.2,-0.3,0.9,1.4,2007
434,Delonte West,SG,23,BOS,69,2219,14.0,.526,.248,.275,1.7,9.7,5.6,23.5,1.7,1.2,14.8,19.3,,1.9,1.8,3.7,.081,,0.4,0.0,0.4,1.3,2007
436,Chris Wilcox,PF,24,SEA,82,2586,16.6,.568,.007,.429,8.2,21.1,14.6,5.3,1.4,1.1,11.5,19.3,,4.1,1.9,6.0,.112,,-0.1,-1.0,-1.1,0.6,2007
437,Damien Wilkins,SF,27,SEA,82,2037,13.1,.535,.203,.282,5.1,8.4,6.7,12.0,2.4,0.6,14.6,17.7,,1.8,1.0,2.8,.066,,-0.7,-0.2,-0.9,0.6,2007
438,Mike Wilks,PG,27,SEA,47,534,12.7,.533,.106,.298,3.3,8.8,6.1,22.9,1.5,0.6,16.3,16.2,,0.6,0.1,0.8,.070,,-0.8,-0.6,-1.5,0.1,2007
441,Deron Williams,PG,22,UTA,80,2950,17.1,.535,.235,.273,1.7,9.3,5.5,41.6,1.4,0.4,16.9,22.2,,5.3,1.9,7.2,.117,,2.6,-1.3,1.3,2.4,2007
443,Jason Williams,PG,31,MIA,61,1865,15.0,.540,.518,.181,1.2,7.6,4.5,28.3,1.7,0.0,14.0,18.2,,2.8,1.5,4.3,.110,,1.4,-1.0,0.4,1.1,2007
445,Lou Williams,PG,20,PHI,61,688,14.6,.521,.175,.436,3.0,9.2,6.1,26.5,1.7,0.1,15.5,20.0,,0.6,0.5,1.1,.078,,0.3,-0.7,-0.4,0.3,2007
446,Marcus Williams,PG,21,NJN,79,1315,11.5,.474,.310,.162,2.6,11.9,7.3,34.4,1.2,0.1,20.1,25.0,,-1.1,1.0,-0.1,-0.004,,-1.7,-2.0,-3.7,-0.6,2007
447,Marvin Williams,PF,20,ATL,64,2179,12.2,.510,.064,.375,4.6,14.2,9.3,9.7,1.3,1.1,13.4,20.0,,0.9,1.4,2.3,.051,,-1.6,-1.5,-3.1,-0.6,2007
448,Mo Williams,PG,24,MIL,68,2472,16.3,.519,.217,.177,2.5,13.3,7.8,28.2,1.8,0.2,15.2,24.4,,2.2,0.9,3.2,.061,,0.9,-1.3,-0.5,0.9,2007
450,Shawne Williams,SG,20,IND,46,556,9.7,.533,.325,.125,6.7,10.6,8.6,6.7,0.6,1.1,12.4,15.5,,0.3,0.4,0.7,.063,,-1.6,-1.1,-2.7,-0.1,2007
451,Shelden Williams,PF,23,ATL,81,1514,12.3,.518,.011,.395,10.3,24.5,17.3,4.8,1.8,2.0,18.3,15.9,,0.3,1.9,2.2,.070,,-2.9,-0.4,-3.3,-0.5,2007
452,Corliss Williamson,PF,33,SAC,68,1337,12.7,.559,.004,.447,5.4,14.2,9.7,5.2,1.1,0.9,14.9,21.9,,0.6,0.9,1.5,.054,,-2.8,-1.3,-4.1,-0.7,2007
454,Metta World Peace,SF,27,SAC,70,2641,18.5,.538,.250,.399,4.4,16.0,10.1,15.6,2.9,1.3,10.7,23.3,,3.6,3.1,6.7,.122,,1.9,0.9,2.8,3.2,2007
455,Antoine Wright,SG,22,NJN,63,1137,8.1,.500,.235,.291,4.0,14.1,9.1,7.6,1.4,0.7,13.2,13.4,,0.0,1.1,1.2,.049,,-3.5,0.2,-3.3,-0.4,2007
457,Dorell Wright,SF,21,MIA,66,1292,12.7,.489,.093,.236,3.7,20.7,12.4,12.1,1.7,2.8,13.9,17.1,,-0.1,2.0,1.9,.072,,-1.9,1.5,-0.4,0.5,2007
458,Lorenzen Wright,C,31,ATL,67,1035,6.6,.439,.000,.175,9.8,15.4,12.6,6.1,1.4,2.1,16.5,10.5,,-0.2,0.9,0.7,.033,,-5.4,0.3,-5.1,-0.8,2007
