Rk,Player,Pos,Age,Tm,G,MP,PER,TS%,3PAr,FTr,ORB%,DRB%,TRB%,AST%,STL%,BLK%,TOV%,USG%,Unnamed: 19,OWS,DWS,WS,WS/48,Unnamed: 24,OBPM,DBPM,BPM,VORP,Year
1,Precious Achiuwa,PF,21,MIA,61,737,14.2,.550,.004,.482,11.5,20.6,16.1,6.1,1.3,4.0,13.5,19.5,,0.3,1.0,1.3,.085,,-3.6,-0.5,-4.1,-0.4,2021
3,Steven Adams,C,27,NOP,58,1605,15.1,.596,.010,.438,14.4,20.4,17.4,9.1,1.6,2.2,17.5,11.7,,2.3,1.7,4.0,.119,,-0.4,0.1,-0.3,0.7,2021
4,Bam Adebayo,C,23,MIA,64,2143,22.7,.626,.010,.443,7.7,22.6,15.3,26.9,1.7,3.2,15.0,23.7,,5.6,3.2,8.8,.197,,2.9,2.0,4.9,3.7,2021
7,Nickeil Alexander-Walker,SG,22,NOP,46,1007,12.5,.522,.478,.144,1.4,14.1,7.8,14.7,2.2,2.1,12.4,23.2,,-0.3,1.0,0.7,.035,,-1.4,0.1,-1.3,0.2,2021
8,Grayson Allen,SG,25,MEM,50,1259,12.8,.586,.662,.220,1.6,12.0,6.7,11.5,1.7,0.6,9.6,16.8,,1.5,1.2,2.7,.101,,-0.2,0.1,-0.2,0.6,2021
9,Jarrett Allen,C,22,TOT,63,1864,20.1,.661,.039,.602,11.6,26.3,18.9,8.7,0.8,4.3,14.1,16.6,,4.3,2.1,6.4,.166,,1.3,-0.2,1.1,1.4,2021
11,Kyle Anderson,PF,27,MEM,69,1887,17.2,.578,.397,.280,2.9,19.5,11.1,18.3,2.1,2.7,10.4,18.5,,2.9,2.7,5.6,.143,,1.4,1.9,3.3,2.5,2021
12,Giannis Antetokounmpo,PF,26,MIL,61,2013,29.2,.633,.201,.528,5.3,28.9,17.5,28.7,1.7,3.2,13.2,32.5,,6.9,3.3,10.2,.244,,6.2,2.8,9.0,5.6,2021
14,Thanasis Antetokounmpo,SF,28,MIL,57,551,10.3,.523,.212,.358,10.7,12.9,11.8,10.3,1.9,1.6,21.3,15.3,,0.0,0.6,0.7,.057,,-3.7,0.2,-3.5,-0.2,2021
15,Carmelo Anthony,PF,36,POR,69,1690,14.6,.547,.418,.198,2.0,11.8,6.8,9.2,1.3,2.0,6.7,23.1,,1.7,0.8,2.6,.073,,0.2,-1.3,-1.1,0.4,2021
16,Cole Anthony,PG,20,ORL,47,1273,12.1,.496,.312,.237,3.0,15.4,9.0,24.2,1.1,1.3,14.8,24.3,,-0.9,0.9,0.0,-0.001,,-1.9,-1.4,-3.3,-0.4,2021
17,OG Anunoby,SF,23,TOR,43,1433,15.4,.605,.503,.197,4.0,14.6,9.1,10.1,2.2,2.2,11.7,19.3,,1.5,1.6,3.1,.104,,0.8,0.4,1.2,1.2,2021
18,Ryan Arcidiacono,PG,26,CHI,44,450,9.8,.541,.573,.171,1.2,15.1,8.3,16.3,1.0,0.0,7.4,13.1,,0.5,0.4,0.9,.093,,-2.6,0.3,-2.3,0.0,2021
20,D.J. Augustin,PG,33,TOT,57,1129,12.1,.570,.633,.274,1.9,7.0,4.4,22.2,1.2,0.1,14.5,16.8,,1.5,0.5,2.1,.088,,-0.6,-1.5,-2.1,0.0,2021
21,Deni Avdija,SF,20,WAS,54,1257,7.6,.515,.538,.144,1.9,20.2,11.0,6.3,1.2,1.0,9.0,12.0,,0.0,1.2,1.2,.046,,-3.6,0.4,-3.1,-0.4,2021
22,Deandre Ayton,C,22,PHO,69,2115,20.3,.653,.029,.252,12.4,26.3,19.5,6.8,1.0,3.4,11.9,18.2,,5.3,3.1,8.4,.191,,1.1,0.1,1.2,1.7,2021
24,Dwayne Bacon,SG,25,ORL,72,1853,9.9,.490,.285,.242,1.7,11.2,6.3,7.9,1.2,0.2,5.4,19.8,,-0.3,0.9,0.5,.013,,-3.7,-1.4,-5.1,-1.5,2021
25,Marvin Bagley III,PF,21,SAC,43,1112,16.3,.554,.220,.273,10.4,21.5,15.9,5.8,0.9,1.6,9.7,23.5,,0.9,0.5,1.4,.059,,-0.4,-2.7,-3.1,-0.3,2021
26,LaMelo Ball,PG,19,CHO,51,1469,17.5,.539,.388,.246,4.6,17.9,11.1,33.9,2.7,1.2,16.3,26.1,,1.0,1.9,2.8,.093,,1.1,0.7,1.8,1.4,2021
27,Lonzo Ball,PG,23,NOP,55,1747,15.2,.551,.650,.091,2.1,14.3,8.2,25.4,2.3,1.7,14.5,20.5,,1.5,1.7,3.2,.089,,1.4,0.3,1.7,1.6,2021
28,Mo Bamba,C,22,ORL,46,725,19.3,.556,.392,.219,10.5,28.0,19.0,8.1,0.9,7.3,9.8,21.8,,0.7,1.1,1.8,.117,,0.2,0.0,0.1,0.4,2021
29,Desmond Bane,SG,22,MEM,68,1519,12.2,.600,.543,.098,2.1,12.6,7.3,10.6,1.3,0.9,10.2,16.1,,1.6,1.3,2.9,.093,,-0.6,-0.2,-0.8,0.5,2021
30,Harrison Barnes,PF,28,SAC,58,2102,15.4,.626,.399,.366,3.3,17.2,10.2,13.0,1.0,0.4,11.1,17.2,,4.0,0.5,4.5,.103,,1.5,-1.3,0.2,1.1,2021
31,RJ Barrett,SG,20,NYK,72,2511,13.4,.535,.292,.260,3.0,14.8,8.9,13.8,1.1,0.8,10.5,23.4,,0.9,3.1,4.1,.078,,-0.9,-0.3,-1.2,0.5,2021
32,Will Barton,SF,30,DEN,56,1736,11.8,.538,.423,.199,2.6,12.2,7.4,14.1,1.4,1.3,12.7,19.0,,0.7,1.5,2.2,.061,,-1.0,-0.8,-1.9,0.1,2021
34,Nicolas Batum,SF,32,LAC,67,1835,12.9,.617,.660,.141,3.2,15.9,9.7,10.5,1.9,1.8,10.8,11.8,,2.7,2.3,5.0,.132,,0.6,1.5,2.1,1.9,2021
35,Aron Baynes,C,34,TOR,53,980,10.5,.503,.339,.135,9.4,21.7,15.3,7.0,0.8,2.3,12.5,16.2,,0.1,0.9,1.0,.049,,-3.4,-1.1,-4.5,-0.6,2021
36,Kent Bazemore,SF,31,GSW,67,1333,10.6,.564,.469,.199,2.1,16.0,9.1,11.1,2.4,2.2,16.1,16.3,,-0.2,2.1,1.8,.065,,-2.9,1.7,-1.2,0.2,2021
37,Darius Bazley,PF,20,OKC,55,1714,9.7,.491,.414,.258,3.1,21.2,12.0,8.9,0.8,1.3,13.7,22.1,,-2.3,1.4,-0.9,-0.026,,-3.1,-1.3,-4.4,-1.0,2021
38,Bradley Beal,SG,27,WAS,60,2147,22.7,.593,.270,.332,3.6,10.4,7.0,21.3,1.5,0.9,10.6,34.1,,4.2,1.7,5.9,.132,,4.8,-1.4,3.4,2.9,2021
41,DeAndre' Bembry,SF,26,TOR,51,972,11.2,.570,.232,.289,3.6,13.3,8.3,15.6,2.6,1.9,21.6,14.6,,0.1,1.1,1.2,.059,,-3.2,1.4,-1.9,0.0,2021
42,Dāvis Bertāns,PF,28,WAS,57,1464,11.4,.620,.895,.241,1.3,10.8,6.1,4.4,1.0,0.7,5.9,15.9,,2.1,1.0,3.1,.101,,0.3,-1.1,-0.8,0.4,2021
44,Saddiq Bey,SF,21,DET,70,1909,12.6,.567,.666,.213,2.5,16.2,9.3,7.6,1.3,0.6,7.4,18.7,,1.6,1.7,3.3,.082,,0.3,-0.8,-0.5,0.7,2021
46,Khem Birch,C,28,TOT,67,1529,15.1,.552,.137,.339,11.6,15.3,13.4,8.5,1.5,3.1,9.2,13.6,,2.3,1.4,3.8,.118,,-1.0,0.1,-1.0,0.4,2021
47,Goga Bitadze,C,21,IND,45,561,16.3,.523,.407,.314,11.7,17.3,14.5,8.9,0.8,8.7,7.1,18.1,,0.7,0.8,1.5,.129,,-2.0,1.0,-1.0,0.1,2021
48,Bismack Biyombo,C,28,CHO,66,1349,11.7,.574,.004,.434,10.8,17.1,13.9,8.3,0.6,5.4,19.8,11.5,,0.9,1.4,2.3,.081,,-3.4,0.4,-3.0,-0.4,2021
50,Eric Bledsoe,SG,31,NOP,71,2111,11.5,.533,.486,.267,1.5,11.1,6.3,17.3,1.2,1.1,12.3,18.5,,1.1,1.3,2.3,.053,,-1.2,-0.9,-2.0,0.0,2021
52,Bogdan Bogdanović,SG,28,ATL,44,1305,17.6,.616,.589,.078,1.7,11.5,6.7,17.6,1.8,0.9,8.5,21.3,,2.8,1.1,3.9,.142,,3.3,0.3,3.6,1.8,2021
53,Bojan Bogdanović,SF,31,UTA,72,2216,14.0,.588,.498,.286,2.0,11.1,6.7,9.1,1.0,0.1,10.9,22.8,,2.7,2.5,5.2,.113,,0.2,-0.7,-0.4,0.9,2021
58,Devin Booker,SG,24,PHO,67,2270,19.2,.587,.288,.305,1.7,12.1,7.0,20.6,1.2,0.6,12.4,32.7,,2.9,2.0,4.9,.104,,1.7,-1.4,0.3,1.3,2021
59,Chris Boucher,C,28,TOR,60,1453,21.9,.634,.420,.345,8.5,22.5,15.3,6.9,1.2,7.6,6.7,20.5,,4.0,2.1,6.1,.201,,2.7,0.6,3.3,2.0,2021
62,Tony Bradley,C,23,TOT,42,684,20.7,.678,.015,.279,13.3,24.0,18.6,8.5,1.0,3.9,13.0,15.8,,1.8,1.0,2.7,.192,,1.2,0.1,1.3,0.6,2021
65,Mikal Bridges,SF,24,PHO,72,2348,16.4,.667,.471,.196,3.7,11.1,7.5,8.8,1.6,2.4,7.3,14.9,,5.4,2.6,8.0,.164,,2.4,0.9,3.3,3.1,2021
66,Miles Bridges,PF,22,CHO,66,1932,14.7,.625,.466,.182,4.5,18.0,11.1,11.4,1.1,2.7,13.6,17.3,,2.4,1.9,4.2,.105,,0.2,0.1,0.2,1.1,2021
69,Malcolm Brogdon,PG,28,IND,56,1930,17.9,.561,.382,.181,3.3,13.2,8.3,25.7,1.2,0.6,9.8,25.9,,2.9,1.3,4.2,.105,,3.0,-0.9,2.1,2.0,2021
71,Dillon Brooks,SF,25,MEM,67,1997,12.1,.515,.361,.189,2.8,7.7,5.2,11.7,1.9,1.2,9.6,26.1,,-0.5,1.8,1.4,.033,,-2.6,-1.1,-3.7,-0.9,2021
72,Bruce Brown,PG,24,BRK,65,1451,16.1,.604,.139,.277,8.9,17.2,13.3,9.8,1.9,1.7,10.2,15.9,,2.8,1.5,4.4,.144,,-0.4,0.2,-0.1,0.7,2021
74,Jaylen Brown,SG,24,BOS,58,1999,19.9,.586,.370,.225,3.9,15.5,9.7,16.5,1.8,1.5,11.5,29.7,,2.8,2.0,4.8,.115,,3.2,-0.7,2.5,2.3,2021
75,Moses Brown,C,21,OKC,43,920,18.8,.572,.000,.470,17.2,26.2,21.6,1.7,1.6,4.5,11.7,16.9,,1.3,1.3,2.6,.138,,-1.3,-1.2,-2.4,-0.1,2021
76,Sterling Brown,SG,25,HOU,51,1229,11.1,.597,.642,.093,3.2,16.8,9.7,8.4,1.5,0.9,10.5,13.5,,1.0,0.8,1.8,.071,,-1.6,0.0,-1.6,0.1,2021
78,Jalen Brunson,PG,24,DAL,68,1697,17.1,.618,.319,.241,1.8,13.1,7.5,21.3,1.0,0.1,10.3,20.2,,3.9,1.1,5.1,.143,,1.5,-0.6,0.9,1.2,2021
81,Reggie Bullock,SF,29,NYK,65,1949,11.1,.606,.709,.098,0.9,11.4,6.2,7.4,1.3,0.5,7.1,14.4,,2.3,2.3,4.6,.114,,-0.9,0.8,-0.1,0.9,2021
82,Trey Burke,PG,28,DAL,62,911,12.6,.544,.465,.161,1.2,5.3,3.3,12.9,1.9,0.7,8.0,20.0,,0.7,0.7,1.4,.071,,-1.4,-0.4,-1.8,0.0,2021
83,Alec Burks,SG,29,NYK,49,1255,14.8,.564,.492,.236,1.8,17.6,9.8,13.2,1.2,1.1,8.2,21.3,,1.5,1.8,3.3,.126,,0.9,0.6,1.5,1.1,2021
84,Jimmy Butler,SF,31,MIA,52,1745,26.5,.607,.139,.565,6.3,17.1,11.8,35.1,3.1,1.1,10.6,26.6,,6.6,2.7,9.3,.255,,5.4,2.3,7.7,4.3,2021
87,Kentavious Caldwell-Pope,SG,27,LAL,67,1902,10.7,.588,.579,.221,1.6,8.9,5.3,9.2,1.6,1.2,10.6,14.2,,1.6,2.6,4.2,.107,,-1.6,1.0,-0.5,0.7,2021
88,Facundo Campazzo,PG,29,DEN,65,1425,11.6,.558,.686,.289,1.8,8.9,5.3,20.2,2.7,1.0,17.1,13.1,,1.6,1.5,3.1,.105,,-1.7,1.2,-0.6,0.5,2021
91,Clint Capela,C,26,ATL,63,1898,24.3,.601,.000,.327,17.5,34.3,26.1,4.1,1.1,6.0,8.4,19.9,,4.9,3.3,8.2,.207,,2.7,0.0,2.7,2.2,2021
93,Jevon Carter,PG,25,PHO,60,717,12.2,.548,.677,.031,2.6,11.8,7.3,13.0,2.0,1.1,6.6,15.0,,0.7,0.8,1.6,.104,,-0.4,0.9,0.5,0.5,2021
94,Wendell Carter Jr.,C,21,TOT,54,1375,16.7,.566,.112,.392,10.2,24.6,17.4,11.2,1.2,2.7,12.7,19.3,,1.7,1.7,3.4,.118,,-1.1,-0.2,-1.3,0.2,2021
96,Alex Caruso,PG,26,LAL,58,1216,11.1,.547,.449,.249,2.9,12.8,7.9,18.1,2.6,1.1,18.3,14.8,,0.3,2.1,2.4,.095,,-2.5,2.5,0.0,0.6,2021
97,Willie Cauley-Stein,C,27,DAL,53,906,14.3,.647,.060,.429,8.1,20.5,14.3,5.3,1.1,4.4,11.8,12.0,,1.6,1.2,2.8,.147,,-2.2,0.9,-1.3,0.2,2021
101,Brandon Clarke,PF,24,MEM,59,1415,17.3,.560,.156,.228,7.2,17.5,12.3,9.5,2.0,3.2,5.7,17.2,,2.2,2.0,4.2,.142,,0.4,1.2,1.5,1.3,2021
102,Jordan Clarkson,SG,28,UTA,68,1818,17.1,.549,.557,.134,2.9,12.7,8.0,15.3,1.6,0.4,9.2,29.7,,1.7,2.5,4.2,.111,,1.8,-0.4,1.4,1.6,2021
104,Amir Coffey,SG,23,LAC,44,394,10.1,.585,.544,.369,2.9,9.4,6.3,7.4,1.3,0.0,11.1,15.1,,0.4,0.3,0.7,.085,,-1.9,-0.1,-2.0,0.0,2021
105,John Collins,PF,23,ATL,63,1848,20.6,.645,.270,.265,7.1,20.3,13.8,6.9,0.9,3.0,8.9,22.2,,4.8,1.9,6.7,.174,,2.5,-0.2,2.3,2.0,2021
106,Mike Conley,PG,33,UTA,51,1498,19.2,.589,.523,.222,2.7,9.6,6.3,30.6,2.3,0.5,12.4,23.1,,4.0,2.1,6.1,.197,,3.6,1.3,4.9,2.6,2021
107,Pat Connaughton,SG,28,MIL,69,1575,11.3,.578,.703,.103,4.4,17.3,11.1,6.3,1.5,1.3,7.5,11.6,,1.8,1.7,3.5,.108,,-0.5,0.5,0.0,0.8,2021
111,Robert Covington,PF,30,POR,70,2243,11.2,.553,.699,.122,2.8,19.8,11.1,6.8,2.2,3.4,10.7,11.5,,1.4,2.4,3.7,.080,,-1.3,1.5,0.2,1.2,2021
112,Torrey Craig,SF,30,TOT,50,803,14.2,.579,.467,.097,8.1,19.1,13.7,7.9,1.7,2.9,9.6,14.3,,1.1,1.1,2.2,.133,,-0.3,0.7,0.4,0.5,2021
113,Jae Crowder,PF,30,PHO,60,1648,11.8,.574,.772,.152,2.2,16.9,9.7,10.0,1.4,1.5,9.5,15.7,,1.4,1.9,3.3,.097,,0.3,0.8,1.1,1.3,2021
115,Seth Curry,SG,30,PHI,57,1638,12.9,.607,.507,.139,0.7,8.3,4.6,13.6,1.3,0.4,10.0,17.1,,2.3,1.7,4.0,.118,,0.1,-0.4,-0.3,0.7,2021
116,Stephen Curry,PG,32,GSW,63,2152,26.3,.655,.587,.289,1.5,15.4,8.5,30.5,1.7,0.3,12.2,34.8,,6.5,2.5,9.0,.201,,8.3,0.4,8.7,5.8,2021
120,Terence Davis,SG,23,TOT,61,1074,12.7,.555,.586,.121,2.0,14.1,7.9,11.4,2.0,1.2,11.6,21.8,,0.1,0.8,0.8,.038,,-0.9,-0.9,-1.7,0.1,2021
124,DeMar DeRozan,PF,31,SAS,61,2056,22.0,.591,.080,.478,2.0,11.6,6.7,32.0,1.3,0.6,9.7,26.1,,5.9,1.5,7.4,.172,,3.2,-0.1,3.1,2.6,2021
126,Hamidou Diallo,SG-SF,22,TOT,52,1226,14.3,.541,.174,.426,5.1,18.8,11.9,13.3,1.6,1.7,12.0,22.2,,0.3,1.3,1.6,.063,,-2.2,0.1,-2.1,0.0,2021
129,Donte DiVincenzo,SG,24,MIL,66,1814,13.0,.542,.574,.118,4.9,16.7,11.0,14.2,1.9,0.7,12.5,16.7,,1.5,2.1,3.6,.095,,-0.2,0.4,0.3,1.0,2021
130,Luka Dončić,PG,21,DAL,66,2262,25.3,.587,.406,.349,2.7,22.9,12.8,44.1,1.4,1.5,15.3,36.0,,5.1,2.6,7.7,.163,,6.1,0.7,6.8,5.1,2021
131,Luguentz Dort,SG,21,OKC,52,1543,10.1,.513,.515,.257,2.5,10.3,6.4,8.8,1.4,1.1,10.0,21.7,,-0.6,1.0,0.3,.011,,-2.6,-0.9,-3.5,-0.6,2021
132,Damyean Dotson,SG,26,CLE,46,907,8.1,.499,.543,.123,0.6,11.1,5.7,15.1,0.9,0.4,12.0,16.9,,-0.4,0.3,0.0,-0.002,,-3.4,-1.4,-4.8,-0.6,2021
134,Sekou Doumbouya,PF,20,DET,56,869,6.9,.459,.408,.227,4.9,13.5,9.2,8.0,1.4,0.9,12.4,17.8,,-0.9,0.7,-0.2,-0.012,,-5.4,-1.3,-6.7,-1.0,2021
135,PJ Dozier,SG,24,DEN,50,1088,10.4,.501,.420,.186,3.7,15.3,9.5,11.2,1.4,2.0,10.7,17.2,,0.1,1.1,1.1,.051,,-2.3,-0.4,-2.6,-0.2,2021
136,Goran Dragić,PG,34,MIA,50,1337,13.0,.552,.440,.220,2.2,12.1,7.2,25.9,1.2,0.6,16.2,24.5,,0.2,1.2,1.3,.048,,-1.1,-1.3,-2.3,-0.1,2021
137,Andre Drummond,C,27,TOT,46,1242,19.4,.519,.014,.358,14.8,35.2,24.9,13.2,2.5,3.5,15.8,27.6,,-0.6,2.5,2.0,.077,,-1.7,0.5,-1.2,0.3,2021
141,Anthony Edwards,SG,19,MIN,72,2314,13.9,.523,.429,.225,2.7,13.5,7.9,14.6,1.7,1.3,10.7,27.0,,-0.6,1.4,0.8,.017,,-0.4,-1.7,-2.1,-0.1,2021
145,Wayne Ellington,SG,33,DET,46,1012,12.2,.625,.814,.104,1.3,8.1,4.7,10.2,0.9,0.8,8.5,16.7,,1.3,0.5,1.9,.088,,1.1,-1.3,-0.2,0.5,2021
146,Joel Embiid,C,26,PHI,51,1585,30.3,.636,.171,.610,8.0,29.1,18.7,16.2,1.5,3.9,12.2,35.3,,5.6,3.2,8.8,.266,,6.3,1.2,7.5,3.8,2021
148,Drew Eubanks,C,23,SAS,54,755,17.9,.618,.010,.517,10.2,24.0,17.0,7.9,1.2,5.5,15.2,17.1,,1.2,1.1,2.3,.145,,-1.0,1.0,0.0,0.4,2021
151,Derrick Favors,C,29,UTA,68,1039,19.7,.663,.008,.329,14.7,23.3,19.2,6.0,1.5,5.3,11.5,13.0,,2.9,2.2,5.1,.237,,0.3,2.4,2.6,1.2,2021
156,Dorian Finney-Smith,PF,27,DAL,60,1921,12.0,.609,.648,.088,5.7,13.0,9.3,7.2,1.3,1.2,9.0,12.2,,2.8,1.6,4.4,.110,,0.2,0.0,0.1,1.0,2021
158,Malachi Flynn,PG,22,TOR,47,928,10.9,.484,.494,.165,1.1,13.0,6.9,21.4,2.0,0.8,10.5,19.0,,0.0,0.8,0.8,.041,,-2.5,-0.2,-2.6,-0.1,2021
159,Bryn Forbes,SG,27,MIL,70,1354,12.8,.631,.645,.115,0.9,7.6,4.3,4.5,0.8,0.1,7.3,18.5,,2.0,0.7,2.7,.096,,0.4,-1.7,-1.3,0.2,2021
161,Evan Fournier,SF-SG,28,TOT,42,1259,16.7,.598,.523,.253,0.8,10.2,5.4,18.6,1.8,1.4,10.8,23.1,,1.8,1.0,2.8,.107,,1.5,-0.4,1.1,1.0,2021
162,De'Aaron Fox,PG,23,SAC,58,2036,20.7,.565,.288,.376,1.8,9.4,5.5,32.7,2.1,1.1,11.9,31.0,,3.4,0.8,4.2,.098,,3.1,-1.3,1.8,2.0,2021
165,Enes Freedom,C,28,POR,72,1758,22.4,.636,.007,.292,16.8,31.9,24.2,7.2,0.9,2.4,11.0,17.4,,5.7,1.7,7.5,.204,,2.1,-1.4,0.6,1.2,2021
168,Daniel Gafford,PF-C,22,TOT,54,791,22.2,.697,.000,.480,12.9,18.6,15.8,5.3,1.5,8.1,13.1,16.7,,2.1,1.3,3.5,.209,,0.6,1.6,2.2,0.8,2021
169,Danilo Gallinari,PF,32,ATL,51,1222,16.3,.613,.535,.366,1.6,17.0,9.5,9.2,1.2,0.7,7.2,21.2,,2.7,1.0,3.7,.146,,1.7,-0.6,1.1,1.0,2021
171,Darius Garland,PG,21,CLE,54,1790,14.2,.547,.332,.165,1.4,6.8,4.0,30.9,1.8,0.3,16.0,24.9,,0.3,0.9,1.2,.033,,0.0,-2.1,-2.1,-0.1,2021
172,Marc Gasol,C,36,LAL,52,993,12.2,.606,.629,.258,4.3,19.9,12.2,14.7,1.3,5.2,19.7,11.8,,0.8,1.9,2.8,.133,,-1.4,3.7,2.3,1.1,2021
173,Rudy Gay,PF,34,SAS,63,1358,14.7,.532,.443,.162,3.2,20.9,11.9,9.7,1.6,2.5,8.8,23.6,,0.0,1.7,1.7,.059,,-0.1,0.0,-0.1,0.6,2021
174,Paul George,SF,30,LAC,54,1821,20.5,.598,.437,.239,2.9,18.9,11.1,24.6,1.7,1.2,14.5,30.0,,3.0,2.3,5.3,.139,,3.9,0.3,4.2,2.9,2021
175,Taj Gibson,C,35,NYK,45,936,16.0,.661,.095,.348,11.6,17.3,14.5,5.4,1.7,5.0,10.8,9.7,,2.1,1.7,3.8,.195,,-0.7,2.1,1.3,0.8,2021
180,Rudy Gobert,C,28,UTA,71,2187,23.5,.683,.007,.646,12.2,33.5,23.3,6.0,0.9,7.0,13.7,17.0,,6.1,5.2,11.3,.248,,2.1,2.8,4.9,3.8,2021
181,Brandon Goodwin,PG,25,ATL,47,620,9.2,.471,.462,.193,1.4,10.6,6.1,21.6,1.3,0.0,13.0,19.5,,-0.2,0.4,0.2,.013,,-2.5,-0.6,-3.1,-0.2,2021
182,Aaron Gordon,PF,25,TOT,50,1384,14.5,.547,.353,.299,6.0,16.4,11.1,17.8,1.2,2.3,14.7,20.7,,0.7,1.2,1.9,.066,,0.2,-0.1,0.1,0.7,2021
184,Devonte' Graham,PG,25,CHO,55,1659,14.6,.552,.713,.236,1.4,8.4,4.8,26.3,1.4,0.4,10.2,21.4,,2.5,0.9,3.4,.099,,1.8,-1.1,0.7,1.1,2021
185,Jerami Grant,SF,26,DET,54,1829,16.9,.556,.353,.368,2.1,13.2,7.6,14.3,0.9,2.8,9.1,28.5,,1.6,1.6,3.2,.083,,1.9,-0.8,1.1,1.4,2021
186,Danny Green,SF,33,PHI,69,1934,12.1,.582,.794,.074,3.2,11.5,7.4,8.3,2.3,2.6,10.7,14.0,,1.6,3.1,4.6,.115,,0.4,1.5,1.9,1.9,2021
187,Draymond Green,PF,30,GSW,63,1982,13.3,.530,.332,.232,3.0,20.9,12.1,36.4,2.5,2.3,31.0,13.1,,1.2,3.4,4.6,.112,,-1.6,3.3,1.7,1.9,2021
188,JaMychal Green,PF,30,DEN,58,1120,13.6,.590,.529,.152,8.6,19.4,14.0,6.4,1.1,1.9,11.7,17.6,,1.4,1.2,2.6,.110,,-0.5,-1.0,-1.5,0.1,2021
190,Jeff Green,PF,34,BRK,68,1835,13.0,.624,.472,.304,2.2,13.1,7.9,7.8,0.9,1.3,8.2,15.6,,2.9,1.2,4.1,.107,,0.0,-0.9,-0.8,0.6,2021
192,Blake Griffin,PF,31,TOT,46,1186,12.9,.546,.499,.285,3.4,17.4,10.5,17.0,1.3,1.1,11.8,19.3,,0.9,1.1,2.0,.081,,-0.8,0.0,-0.8,0.3,2021
194,Rui Hachimura,PF,22,WAS,57,1797,11.4,.549,.211,.248,2.9,15.5,9.2,6.3,1.1,0.3,8.6,18.1,,0.7,1.4,2.1,.056,,-2.2,-1.0,-3.1,-0.5,2021
196,Tyrese Haliburton,PG,20,SAC,58,1746,16.2,.585,.478,.090,2.4,8.6,5.5,24.6,2.1,1.4,12.5,18.1,,2.8,0.7,3.5,.096,,1.9,-0.5,1.4,1.5,2021
199,R.J. Hampton,SG-PG,19,TOT,51,888,11.1,.507,.278,.262,3.4,18.4,10.7,15.2,1.2,1.0,13.2,19.6,,-0.3,0.7,0.4,.021,,-2.6,-1.2,-3.8,-0.4,2021
200,Tim Hardaway Jr.,SG,28,DAL,70,1985,15.7,.589,.581,.191,1.1,11.5,6.4,9.8,0.8,0.5,6.1,23.4,,3.2,1.2,4.3,.105,,2.0,-1.7,0.4,1.2,2021
201,James Harden,PG-SG,31,TOT,44,1609,24.5,.618,.455,.440,2.5,20.6,11.9,44.4,1.6,1.8,16.8,28.4,,5.3,1.7,7.0,.208,,6.2,1.0,7.2,3.7,2021
204,Montrezl Harrell,C,27,LAL,69,1580,22.7,.650,.017,.425,11.3,19.1,15.2,7.7,1.4,2.8,9.4,21.7,,4.5,2.7,7.3,.221,,2.3,0.7,3.0,2.0,2021
207,Joe Harris,SF,29,BRK,69,2141,14.1,.663,.628,.089,2.3,10.1,6.4,8.4,1.0,0.6,7.8,16.2,,4.1,1.1,5.2,.117,,1.5,-1.2,0.4,1.3,2021
208,Tobias Harris,PF,28,PHI,62,2014,20.0,.597,.225,.221,3.5,19.2,11.4,17.6,1.3,2.3,9.5,23.9,,4.1,3.1,7.1,.170,,2.9,0.8,3.7,2.9,2021
210,Josh Hart,SF,25,NOP,47,1349,12.2,.566,.561,.259,4.3,26.1,15.2,10.6,1.4,0.8,11.3,13.5,,1.4,1.3,2.7,.097,,-1.1,0.3,-0.8,0.4,2021
211,Isaiah Hartenstein,C,22,TOT,46,559,17.9,.583,.035,.415,13.0,23.7,18.2,15.3,1.7,6.5,17.9,19.2,,0.7,0.9,1.6,.134,,-2.4,1.5,-0.9,0.2,2021
213,Jaxson Hayes,C,20,NOP,60,964,19.1,.675,.050,.429,10.4,18.6,14.5,5.2,1.2,3.7,10.5,16.2,,2.6,1.0,3.5,.176,,0.6,0.0,0.6,0.6,2021
215,Gordon Hayward,SF,30,CHO,44,1496,17.6,.584,.312,.281,2.6,16.3,9.3,19.5,1.7,0.9,11.0,23.9,,2.2,1.4,3.5,.114,,1.6,-0.1,1.6,1.4,2021
216,Juancho Hernangómez,PF,25,MIN,52,900,12.1,.549,.562,.324,5.2,20.0,12.3,5.6,1.0,0.7,7.3,17.2,,0.6,0.5,1.1,.060,,-1.1,-1.8,-2.9,-0.2,2021
217,Willy Hernangómez,C,26,NOP,47,846,19.6,.591,.037,.347,15.0,27.8,21.4,8.5,1.2,2.6,9.9,17.0,,1.9,1.0,2.9,.163,,1.0,-1.0,0.0,0.4,2021
218,Tyler Herro,SG,21,MIA,54,1635,13.3,.543,.425,.167,1.8,16.7,9.4,18.0,1.1,1.1,11.9,23.5,,0.1,1.6,1.7,.049,,-0.3,-1.0,-1.3,0.3,2021
219,Buddy Hield,SG,28,SAC,71,2433,12.8,.567,.727,.105,1.3,14.1,7.6,14.7,1.2,1.0,11.1,20.7,,1.5,0.7,2.2,.044,,1.0,-1.6,-0.6,0.9,2021
221,Solomon Hill,PF,29,ATL,71,1513,6.7,.498,.711,.154,3.1,12.2,7.7,6.4,1.6,0.6,11.7,10.4,,0.1,1.2,1.3,.040,,-3.0,0.5,-2.5,-0.2,2021
224,Aaron Holiday,PG,24,IND,66,1176,9.2,.503,.417,.190,1.4,6.8,4.1,14.0,1.8,0.9,12.3,19.5,,-0.6,0.8,0.2,.009,,-3.3,-0.9,-4.2,-0.7,2021
225,Jrue Holiday,PG,30,MIL,59,1907,20.0,.592,.344,.165,4.2,10.4,7.4,26.3,2.4,1.7,12.6,22.2,,4.3,2.2,6.6,.165,,2.8,0.6,3.4,2.6,2021
226,Justin Holiday,SG,31,IND,72,2183,10.4,.571,.725,.136,1.6,11.1,6.4,7.0,1.6,1.5,7.5,14.0,,1.4,1.8,3.1,.069,,-0.9,-0.1,-1.0,0.6,2021
228,Richaun Holmes,C,27,SAC,61,1782,20.2,.669,.019,.296,8.8,22.7,15.7,8.3,1.1,4.6,10.3,17.5,,4.7,1.4,6.1,.165,,0.6,0.0,0.6,1.2,2021
229,Rodney Hood,SF,28,TOT,55,942,5.6,.452,.435,.108,2.6,9.4,5.9,7.5,1.2,0.7,11.7,14.1,,-0.7,0.3,-0.4,-0.019,,-4.9,-1.4,-6.4,-1.0,2021
231,Talen Horton-Tucker,SG,20,LAL,65,1304,12.9,.536,.268,.264,2.2,12.3,7.3,20.8,2.4,1.4,16.1,21.7,,-0.1,2.2,2.1,.078,,-2.6,1.5,-1.2,0.3,2021
233,Dwight Howard,C,35,PHI,69,1196,17.8,.610,.066,.693,17.8,35.3,26.7,7.2,1.2,4.7,22.1,18.2,,1.3,2.6,4.0,.159,,-2.1,0.6,-1.5,0.1,2021
235,Kevin Huerter,SG,22,ATL,69,2126,12.2,.541,.528,.088,2.0,9.7,6.0,16.3,1.9,0.7,9.4,17.2,,1.9,1.7,3.6,.080,,-0.6,0.4,-0.3,1.0,2021
240,Andre Iguodala,SF,37,MIA,63,1339,9.2,.519,.734,.153,3.3,15.4,9.4,14.3,2.1,2.7,20.2,11.2,,-0.1,1.8,1.7,.062,,-2.2,1.8,-0.4,0.5,2021
242,Joe Ingles,SF,33,UTA,67,1867,15.9,.672,.722,.160,1.6,11.8,6.9,24.0,1.2,0.5,16.3,16.6,,4.7,2.3,7.0,.180,,2.6,0.9,3.5,2.6,2021
243,Brandon Ingram,SF,23,NOP,61,2093,19.2,.584,.341,.291,1.8,13.7,7.8,22.4,1.0,1.6,11.0,28.0,,3.9,1.3,5.3,.120,,3.3,-1.1,2.2,2.2,2021
244,Kyrie Irving,PG,28,BRK,54,1886,24.4,.614,.348,.201,3.2,11.4,7.5,28.6,1.9,1.7,9.9,30.4,,5.8,1.6,7.4,.189,,5.7,-0.2,5.5,3.6,2021
248,Josh Jackson,SG,23,DET,62,1560,12.0,.516,.364,.308,4.0,14.2,9.1,15.1,1.7,2.6,15.0,26.5,,-1.6,1.7,0.1,.004,,-2.5,-0.5,-3.0,-0.4,2021
250,Reggie Jackson,SG,30,LAC,67,1544,14.2,.576,.482,.140,1.8,11.9,7.0,19.0,1.3,0.4,10.6,19.9,,2.3,1.4,3.7,.115,,0.6,-0.2,0.4,0.9,2021
252,LeBron James,PG,36,LAL,45,1504,24.2,.602,.346,.310,2.2,23.6,12.9,41.8,1.6,1.5,15.2,31.9,,3.0,2.6,5.6,.179,,5.9,2.3,8.1,3.8,2021
258,Cameron Johnson,PF,24,PHO,60,1437,11.8,.563,.694,.122,2.6,12.9,7.9,8.0,1.3,1.0,7.3,17.0,,1.2,1.4,2.6,.086,,0.0,-0.2,-0.2,0.7,2021
259,James Johnson,PF,33,TOT,51,1043,11.4,.510,.367,.232,3.4,15.1,9.3,12.9,2.0,3.8,13.2,17.1,,-0.1,1.3,1.2,.055,,-2.7,1.5,-1.2,0.2,2021
260,Keldon Johnson,SF,21,SAS,69,1968,13.8,.557,.257,.278,4.9,17.6,11.1,8.9,1.0,1.0,9.0,19.2,,1.6,1.7,3.3,.079,,-0.9,-0.7,-1.6,0.2,2021
261,Stanley Johnson,PF,24,TOR,61,1006,8.8,.519,.588,.236,3.1,14.1,8.4,12.0,2.5,1.8,17.4,13.4,,-0.1,1.1,1.0,.048,,-3.8,1.2,-2.5,-0.1,2021
263,Nikola Jokić,C,25,DEN,72,2488,31.3,.647,.183,.305,9.4,26.1,17.8,40.4,1.9,1.9,13.1,29.6,,12.2,3.4,15.6,.301,,9.1,3.0,12.1,8.8,2021
265,Derrick Jones Jr.,SF,23,POR,58,1318,11.9,.576,.447,.299,6.1,10.7,8.3,4.8,1.4,3.7,8.5,12.3,,1.6,0.8,2.4,.089,,-1.4,0.0,-1.4,0.2,2021
268,Tyus Jones,PG,24,MEM,70,1222,15.0,.511,.339,.109,1.8,10.4,6.1,28.6,2.5,0.4,10.0,16.6,,1.5,1.3,2.8,.110,,-0.1,0.9,0.8,0.9,2021
269,DeAndre Jordan,C,32,BRK,57,1246,17.1,.736,.004,.369,10.9,26.1,18.9,10.1,0.7,4.6,22.7,13.1,,2.4,1.5,3.9,.152,,0.1,1.0,1.0,0.9,2021
270,Cory Joseph,PG,29,TOT,63,1446,12.5,.556,.310,.207,2.7,9.7,6.1,21.4,2.0,1.1,14.5,16.3,,1.3,0.8,2.1,.069,,-1.8,0.0,-1.8,0.1,2021
272,Frank Kaminsky,C,27,PHO,47,715,15.8,.547,.331,.233,5.8,23.7,14.9,15.3,1.0,2.1,7.2,19.0,,1.1,0.9,2.0,.133,,0.4,0.8,1.3,0.6,2021
273,Luke Kennard,SG,24,LAC,63,1232,12.7,.608,.541,.075,1.4,13.0,7.3,11.9,0.9,0.7,10.1,17.1,,1.6,1.1,2.7,.105,,0.3,-0.5,-0.2,0.6,2021
275,Maxi Kleber,PF,29,DAL,50,1341,10.6,.606,.771,.135,3.9,17.4,10.7,6.6,0.9,2.4,9.3,10.6,,1.6,1.3,2.9,.103,,-0.5,0.5,0.0,0.7,2021
277,Kevin Knox,SF,21,NYK,42,464,9.1,.537,.622,.140,2.4,11.8,7.1,5.9,1.3,1.2,10.1,16.2,,0.0,0.6,0.6,.065,,-1.7,0.4,-1.4,0.1,2021
278,John Konchar,SG,24,MEM,43,575,14.8,.608,.406,.217,6.4,17.3,11.8,10.7,2.5,1.4,10.6,12.4,,0.9,0.8,1.7,.145,,-0.2,1.4,1.2,0.5,2021
279,Furkan Korkmaz,SG,23,PHI,55,1062,12.8,.544,.634,.193,1.8,9.8,5.9,11.1,2.2,0.8,9.1,20.5,,0.6,1.5,2.0,.092,,-0.3,0.2,-0.1,0.5,2021
282,Kyle Kuzma,SF,25,LAL,68,1954,12.7,.546,.502,.128,6.3,17.7,12.0,9.8,0.9,1.9,12.4,20.3,,0.4,2.9,3.3,.080,,-0.4,-0.1,-0.4,0.8,2021
286,Zach LaVine,SG,25,CHI,58,2034,21.5,.634,.425,.265,2.0,13.6,7.9,23.4,1.1,1.2,13.9,31.0,,4.0,1.8,5.9,.138,,4.9,-0.8,4.0,3.1,2021
287,Jake Layman,SF,26,MIN,45,627,11.4,.577,.424,.201,2.2,9.7,5.8,6.4,2.2,2.6,11.5,15.1,,0.2,0.5,0.7,.051,,-2.2,0.2,-2.1,0.0,2021
290,Damion Lee,SG,28,GSW,57,1079,11.8,.636,.708,.161,2.2,15.4,8.9,9.1,1.7,0.7,9.3,12.8,,1.4,1.3,2.7,.119,,-0.7,0.9,0.2,0.6,2021
291,Saben Lee,PG,21,DET,48,781,13.8,.536,.110,.424,2.8,11.1,6.9,33.2,2.0,1.5,18.1,17.0,,0.7,0.8,1.5,.091,,-2.1,0.2,-2.0,0.0,2021
292,Alex Len,C,27,TOT,64,979,16.4,.643,.090,.417,8.5,19.7,14.1,7.0,0.9,5.6,14.3,16.3,,1.5,1.3,2.7,.133,,-1.2,1.0,-0.1,0.5,2021
293,Kawhi Leonard,SF,29,LAC,52,1773,26.0,.622,.280,.325,3.6,17.4,10.7,24.9,2.3,1.1,9.2,28.6,,6.4,2.4,8.8,.238,,6.0,1.3,7.3,4.2,2021
295,Caris LeVert,SG,26,TOT,47,1486,17.8,.531,.317,.221,2.5,13.1,7.8,25.4,2.1,1.7,10.2,28.7,,0.9,1.5,2.4,.077,,0.9,-0.5,0.4,0.9,2021
296,Kira Lewis Jr.,PG,19,NOP,54,904,10.3,.477,.356,.151,1.4,7.1,4.3,18.7,2.0,1.0,8.6,18.3,,0.2,0.6,0.9,.045,,-3.2,-0.2,-3.4,-0.3,2021
297,Damian Lillard,PG,30,POR,67,2398,25.6,.623,.528,.363,1.4,11.5,6.3,34.6,1.3,0.6,11.6,31.4,,9.6,0.8,10.4,.209,,7.5,-1.3,6.3,5.0,2021
298,Nassir Little,PF,20,POR,48,640,11.6,.589,.479,.269,5.2,16.5,10.7,4.9,0.4,1.8,8.8,13.8,,0.9,0.2,1.1,.082,,-1.1,-1.6,-2.7,-0.1,2021
299,Kevon Looney,C,24,GSW,61,1161,11.9,.575,.086,.244,10.9,18.6,14.8,13.4,0.8,1.7,14.5,9.4,,2.0,1.4,3.4,.139,,-1.8,1.0,-0.9,0.3,2021
300,Brook Lopez,C,32,MIL,70,1902,15.4,.611,.439,.222,6.0,13.0,9.6,3.5,1.0,4.8,8.3,16.9,,3.1,2.2,5.3,.133,,0.0,0.0,0.0,0.9,2021
301,Robin Lopez,C,32,WAS,71,1354,16.7,.661,.042,.322,11.1,10.2,10.6,5.9,0.5,2.7,13.4,17.1,,2.8,0.9,3.7,.131,,0.2,-1.2,-1.0,0.4,2021
304,Kyle Lowry,PG,34,TOR,46,1601,16.5,.593,.555,.268,2.3,15.1,8.5,31.8,1.4,0.9,15.9,21.4,,2.9,1.3,4.1,.124,,2.0,-0.4,1.6,1.5,2021
305,Timothé Luwawu-Cabarrot,SF,25,BRK,58,1050,7.8,.493,.671,.121,3.1,10.1,6.8,8.6,1.5,0.5,10.3,17.4,,-0.3,0.7,0.3,.015,,-3.2,-1.2,-4.4,-0.6,2021
309,Théo Maledon,PG,19,OKC,65,1778,8.2,.489,.510,.220,1.4,11.0,6.2,18.8,1.5,0.5,17.3,19.4,,-1.9,1.1,-0.8,-0.021,,-4.0,-1.0,-5.0,-1.3,2021
311,Terance Mann,SG,24,LAC,67,1263,13.8,.603,.260,.269,5.1,16.1,10.8,11.3,1.1,0.9,9.3,15.1,,2.4,1.3,3.7,.141,,-0.5,0.3,-0.2,0.6,2021
314,Lauri Markkanen,PF,23,CHI,51,1317,15.2,.619,.568,.177,3.0,19.4,11.3,5.0,1.0,1.0,8.5,20.2,,1.7,1.3,3.0,.109,,1.0,-0.9,0.1,0.7,2021
316,Caleb Martin,SF,25,CHO,53,818,9.5,.465,.488,.250,4.0,14.8,9.3,11.5,2.2,1.5,10.4,16.7,,-0.4,0.9,0.5,.030,,-3.6,0.2,-3.4,-0.3,2021
317,Cody Martin,SF,25,CHO,52,849,10.6,.500,.309,.229,6.5,14.1,10.3,13.9,2.1,1.4,16.2,12.5,,0.2,0.9,1.1,.061,,-2.7,0.7,-2.0,0.0,2021
320,Kenyon Martin Jr.,SF,20,HOU,45,1068,14.6,.590,.302,.264,7.0,17.6,12.1,6.8,1.3,3.4,9.7,15.6,,1.3,0.9,2.2,.099,,-1.4,-0.4,-1.8,0.0,2021
322,Garrison Mathews,SG,24,WAS,64,1038,9.7,.635,.835,.401,1.6,7.2,4.4,3.1,1.3,0.6,3.5,11.5,,1.7,0.6,2.3,.108,,-1.7,-0.1,-1.8,0.1,2021
324,Wesley Matthews,SG,34,LAL,58,1130,7.2,.517,.782,.163,2.0,7.2,4.6,6.3,1.6,1.3,8.8,11.4,,0.2,1.5,1.7,.073,,-3.1,1.4,-1.7,0.1,2021
325,Tyrese Maxey,SG,20,PHI,61,935,14.5,.531,.240,.163,1.3,10.8,6.1,19.9,1.3,1.2,8.2,23.0,,0.8,1.1,1.9,.099,,-1.0,-0.5,-1.5,0.1,2021
328,CJ McCollum,SG,29,POR,47,1600,20.8,.577,.475,.150,2.0,10.6,6.2,23.0,1.3,1.2,6.5,27.1,,4.1,0.6,4.7,.141,,5.0,-1.1,3.9,2.4,2021
329,T.J. McConnell,PG,28,IND,69,1796,16.9,.583,.098,.098,3.3,12.1,7.7,34.3,3.4,1.0,20.9,15.3,,2.6,2.2,4.8,.128,,-0.2,1.7,1.4,1.5,2021
330,Jaden McDaniels,PF,20,MIN,63,1511,8.9,.552,.540,.123,3.6,13.4,8.3,6.4,1.1,3.4,10.8,12.0,,0.5,0.9,1.4,.046,,-3.3,-0.2,-3.5,-0.6,2021
331,Jalen McDaniels,SF,23,CHO,47,904,11.4,.554,.370,.225,5.3,15.1,10.1,8.6,1.5,2.1,12.6,17.0,,0.3,0.9,1.2,.062,,-2.8,-0.4,-3.2,-0.3,2021
332,Doug McDermott,PF,29,IND,66,1619,15.6,.635,.430,.147,4.0,10.7,7.4,7.8,0.6,0.3,7.0,20.0,,3.1,0.7,3.8,.112,,1.4,-2.0,-0.6,0.6,2021
334,JaVale McGee,C,33,TOT,46,678,17.0,.541,.085,.238,12.6,27.3,19.8,9.7,1.4,7.3,16.2,23.9,,-0.1,1.1,1.0,.068,,-3.3,0.8,-2.5,-0.1,2021
337,Jordan McLaughlin,PG,24,MIN,51,938,12.0,.502,.380,.124,2.3,10.4,6.2,28.0,2.6,0.6,16.7,13.7,,0.6,0.6,1.2,.062,,-2.0,0.2,-1.7,0.1,2021
338,Ben McLemore,SG,27,TOT,53,905,8.5,.523,.767,.145,1.7,10.5,6.0,6.4,1.2,0.9,9.8,20.4,,-0.5,0.7,0.2,.013,,-2.7,-1.2,-3.9,-0.4,2021
339,Nicolò Melli,PF,30,TOT,45,566,7.9,.441,.603,.177,5.6,17.9,11.8,9.8,1.2,0.5,7.3,12.5,,0.1,0.5,0.6,.048,,-3.5,0.0,-3.5,-0.2,2021
340,De'Anthony Melton,PG,22,MEM,52,1045,15.2,.568,.537,.130,3.0,13.4,8.2,17.5,2.7,2.7,13.7,19.5,,0.7,1.5,2.2,.103,,0.6,1.7,2.3,1.1,2021
343,Khris Middleton,SF,29,MIL,68,2269,18.2,.588,.340,.220,2.6,15.7,9.4,23.2,1.5,0.4,13.1,25.0,,4.1,2.2,6.4,.135,,1.7,-0.3,1.3,1.9,2021
345,Patty Mills,PG,32,SAS,68,1685,11.8,.570,.702,.128,1.1,6.3,3.7,13.5,1.2,0.2,9.3,18.4,,1.3,0.8,2.2,.062,,0.0,-1.2,-1.2,0.4,2021
346,Paul Millsap,PF,35,DEN,56,1162,16.4,.565,.357,.244,7.4,18.1,12.8,11.6,2.2,3.0,10.3,18.6,,1.7,1.6,3.2,.133,,0.3,0.7,1.0,0.9,2021
347,Shake Milton,SG,24,PHI,63,1461,14.6,.549,.304,.264,2.5,8.5,5.6,20.3,1.3,1.1,12.2,24.9,,1.1,1.6,2.8,.091,,-0.7,-1.0,-1.6,0.1,2021
348,Donovan Mitchell,PG,24,UTA,53,1771,21.3,.569,.423,.290,3.1,10.6,7.0,26.7,1.4,0.7,10.7,33.5,,3.9,2.2,6.2,.167,,4.6,-0.2,4.3,2.8,2021
350,Malik Monk,SG,22,CHO,42,878,13.6,.569,.531,.180,1.7,10.9,6.2,15.7,1.1,0.5,11.3,23.8,,0.5,0.5,1.0,.054,,0.2,-2.0,-1.8,0.0,2021
352,Ja Morant,PG,21,MEM,63,2053,16.7,.537,.252,.389,3.0,10.1,6.5,33.5,1.3,0.6,15.3,27.2,,1.6,1.6,3.2,.074,,1.3,-1.6,-0.4,0.8,2021
354,Marcus Morris,PF,31,LAC,57,1502,14.5,.614,.507,.152,2.7,14.5,8.8,5.6,1.1,0.9,8.4,20.1,,2.1,1.5,3.6,.115,,0.9,-0.8,0.0,0.8,2021
355,Markieff Morris,PF,31,LAL,61,1200,9.3,.509,.553,.132,4.5,20.3,12.5,8.6,0.9,1.4,11.9,16.4,,-0.2,1.8,1.6,.062,,-2.9,0.3,-2.6,-0.2,2021
356,Monte Morris,PG,25,DEN,47,1196,14.0,.574,.346,.189,1.0,8.0,4.6,17.1,1.4,1.1,7.5,16.5,,2.0,0.8,2.9,.115,,0.1,-0.5,-0.3,0.5,2021
357,Mychal Mulder,PG,26,GSW,60,766,10.8,.613,.808,.083,1.1,7.1,4.2,4.8,0.7,1.4,5.5,16.2,,0.6,0.6,1.2,.075,,-0.6,-1.2,-1.8,0.0,2021
358,Dejounte Murray,PG,24,SAS,67,2139,16.5,.509,.204,.138,2.8,21.1,11.8,25.9,2.3,0.3,10.2,23.4,,0.7,2.6,3.3,.074,,-0.2,1.0,0.8,1.5,2021
359,Jamal Murray,PG,23,DEN,48,1704,18.3,.592,.399,.193,2.5,10.4,6.5,20.3,1.9,0.7,11.2,24.8,,3.1,1.5,4.6,.129,,2.7,-0.7,2.0,1.7,2021
361,Svi Mykhailiuk,SF-SG,23,TOT,66,1324,10.4,.529,.621,.099,1.9,11.4,6.6,12.9,1.9,0.8,14.3,20.0,,-0.8,1.1,0.3,.010,,-1.9,-0.7,-2.6,-0.2,2021
364,Aaron Nesmith,SF,21,BOS,46,669,9.4,.573,.607,.157,4.6,16.6,10.6,4.6,1.1,1.3,10.8,13.7,,0.5,0.6,1.1,.076,,-2.8,-0.4,-3.2,-0.2,2021
365,Raul Neto,PG,28,WAS,64,1403,13.0,.575,.367,.190,2.1,9.6,5.9,14.0,2.4,0.4,9.9,15.8,,1.5,1.3,2.8,.097,,-1.4,0.9,-0.6,0.5,2021
366,Georges Niang,PF,27,UTA,72,1154,11.4,.602,.721,.057,2.7,13.0,8.1,7.3,1.1,0.6,10.9,17.4,,1.2,1.4,2.6,.108,,-0.4,0.1,-0.3,0.5,2021
367,Zeke Nnaji,PF,20,DEN,42,397,11.3,.615,.567,.144,4.0,14.5,9.3,3.3,1.0,1.0,6.0,12.9,,0.6,0.3,0.9,.104,,-0.6,-1.1,-1.7,0.0,2021
368,Nerlens Noel,C,26,NYK,64,1547,14.8,.638,.013,.314,10.1,18.4,14.3,4.1,2.3,8.7,20.4,9.2,,1.6,3.6,5.2,.162,,-2.4,3.8,1.4,1.3,2021
369,Jaylen Nowell,SG,21,MIN,42,759,12.3,.528,.448,.164,2.6,11.3,6.8,12.5,1.4,1.4,7.2,21.4,,0.3,0.4,0.7,.044,,-1.5,-1.4,-2.8,-0.2,2021
371,Kendrick Nunn,PG,25,MIA,56,1650,14.2,.596,.486,.091,1.5,10.8,6.2,14.5,1.6,0.9,10.5,20.9,,1.4,1.5,2.9,.084,,-0.1,-0.4,-0.5,0.6,2021
376,Royce O'Neale,SF,27,UTA,71,2241,9.9,.599,.706,.117,4.4,18.0,11.5,10.4,1.2,1.2,16.7,9.6,,2.3,3.3,5.6,.121,,-1.2,2.1,1.0,1.7,2021
377,Semi Ojeleye,PF,26,BOS,56,950,8.3,.553,.715,.145,3.6,13.7,8.6,5.1,0.9,0.0,8.2,11.6,,0.7,0.6,1.2,.063,,-1.7,-0.7,-2.4,-0.1,2021
379,Chuma Okeke,PF,22,ORL,45,1133,11.8,.511,.435,.123,3.7,13.2,8.3,13.2,2.1,1.8,10.0,14.5,,0.3,1.0,1.3,.056,,-1.9,0.5,-1.5,0.1,2021
380,Josh Okogie,SG,22,MIN,59,1197,9.1,.524,.425,.425,5.5,8.7,7.1,7.0,2.1,2.0,12.5,12.1,,0.5,0.8,1.3,.051,,-3.7,0.3,-3.3,-0.4,2021
381,Onyeka Okongwu,C,20,ATL,50,601,16.8,.655,.020,.383,11.5,18.0,14.9,4.4,1.9,4.8,14.3,14.7,,1.1,0.8,1.9,.155,,-2.2,0.8,-1.4,0.1,2021
382,Isaac Okoro,SG,20,CLE,67,2173,7.9,.514,.383,.281,3.4,7.3,5.3,8.6,1.4,1.0,12.0,14.3,,-0.1,1.0,0.9,.020,,-4.2,-0.9,-5.1,-1.7,2021
386,Kelly Olynyk,C-PF,29,TOT,70,1997,16.4,.610,.528,.251,4.8,22.5,13.6,16.0,1.9,2.1,14.0,19.7,,2.5,2.6,5.1,.121,,0.3,0.9,1.2,1.6,2021
387,Miye Oni,SG,23,UTA,54,519,6.4,.517,.889,.061,4.9,11.9,8.6,6.8,1.0,1.2,13.6,9.8,,0.2,0.7,0.9,.081,,-3.0,1.3,-1.7,0.0,2021
388,Cedi Osman,SF,25,CLE,59,1510,10.3,.488,.553,.162,2.8,12.4,7.5,17.7,1.7,0.5,11.3,20.4,,-0.5,1.0,0.5,.014,,-2.3,-0.9,-3.2,-0.5,2021
390,Kelly Oubre Jr.,SF,25,GSW,55,1687,13.3,.529,.394,.244,5.2,15.4,10.4,6.5,1.6,2.2,8.0,22.1,,0.0,2.2,2.2,.062,,-1.4,-0.5,-1.9,0.0,2021
396,Chris Paul,PG,35,PHO,70,2199,21.4,.599,.294,.206,1.3,14.5,8.0,40.9,2.2,0.8,14.0,22.6,,6.5,2.7,9.2,.201,,3.5,1.1,4.6,3.6,2021
397,Cameron Payne,PG,26,PHO,60,1079,17.4,.602,.420,.142,1.7,13.2,7.6,28.1,1.6,1.3,12.5,19.8,,2.4,1.2,3.6,.158,,2.1,1.0,3.1,1.4,2021
398,Elfrid Payton,PG,26,NYK,63,1484,11.7,.478,.158,.172,4.7,11.0,7.9,21.6,1.6,0.6,13.3,23.2,,-0.9,1.9,1.0,.032,,-2.9,-0.1,-3.0,-0.4,2021
403,Mason Plumlee,C,30,DET,56,1499,18.7,.638,.018,.444,10.6,28.1,19.3,21.0,1.4,2.9,18.7,16.3,,3.0,2.1,5.1,.164,,0.2,2.0,2.2,1.6,2021
404,Jakob Poeltl,C,25,SAS,69,1845,17.5,.612,.000,.288,12.4,19.3,15.8,10.1,1.2,5.7,14.6,13.4,,3.2,2.5,5.7,.148,,-0.5,1.2,0.8,1.3,2021
406,Aleksej Pokusevski,PF,19,OKC,45,1090,6.1,.430,.507,.103,2.8,17.6,10.1,13.1,0.9,3.4,18.8,20.5,,-2.9,1.0,-1.9,-0.084,,-5.1,-1.0,-6.1,-1.1,2021
407,Jordan Poole,SG,21,GSW,51,988,15.1,.581,.582,.251,1.6,8.2,5.0,15.4,1.2,0.8,8.8,25.0,,1.1,0.9,1.9,.094,,0.7,-1.2,-0.5,0.4,2021
410,Michael Porter Jr.,SF,22,DEN,61,1912,20.6,.663,.468,.164,5.4,20.9,13.2,5.6,1.0,2.8,8.1,21.7,,4.8,2.1,6.9,.173,,4.0,-0.9,3.1,2.5,2021
412,Bobby Portis,C,25,MIL,66,1372,19.9,.598,.263,.122,9.9,25.3,17.9,7.4,1.8,1.7,8.2,20.9,,2.8,2.0,4.8,.167,,1.8,-0.4,1.5,1.2,2021
413,Kristaps Porziņģis,C,25,DAL,43,1327,21.3,.582,.378,.202,6.9,24.6,15.8,8.4,0.7,4.1,6.4,26.5,,2.6,1.7,4.3,.154,,3.0,-0.8,2.2,1.4,2021
414,Dwight Powell,C,29,DAL,58,966,16.8,.688,.108,.639,9.2,17.4,13.3,8.9,1.8,2.9,13.9,13.2,,2.6,1.2,3.8,.188,,-0.7,1.3,0.6,0.6,2021
415,Norman Powell,SG-SF,27,TOT,69,2205,16.2,.618,.453,.295,2.0,8.8,5.3,9.2,1.8,0.8,10.3,22.6,,3.4,1.3,4.7,.103,,1.1,-0.7,0.4,1.3,2021
417,Payton Pritchard,SG,23,BOS,66,1268,12.4,.582,.593,.108,2.9,11.1,6.9,13.3,1.4,0.7,10.8,16.7,,1.6,0.9,2.5,.095,,-0.3,-0.4,-0.7,0.4,2021
418,Immanuel Quickley,PG,21,NYK,64,1243,15.8,.557,.522,.300,2.2,9.7,6.0,16.2,1.2,0.9,8.1,25.6,,1.8,1.4,3.2,.125,,1.4,-0.5,0.9,0.9,2021
421,Julius Randle,PF,26,NYK,71,2667,19.7,.567,.294,.325,3.5,25.7,14.7,27.2,1.2,0.6,13.8,29.3,,3.4,4.3,7.8,.140,,2.9,0.9,3.8,3.9,2021
423,J.J. Redick,SG,36,TOT,44,723,9.9,.564,.667,.195,0.6,9.0,4.8,9.7,0.7,0.4,11.0,19.2,,0.4,0.3,0.7,.045,,-1.4,-2.1,-3.5,-0.3,2021
425,Naz Reid,C,21,MIN,70,1347,18.2,.599,.299,.286,6.4,20.0,12.9,8.7,1.2,4.9,9.5,22.5,,1.9,1.3,3.2,.113,,-0.1,-0.2,-0.2,0.6,2021
428,Josh Richardson,SG,27,DAL,59,1790,11.9,.537,.432,.175,3.2,8.8,6.0,12.1,1.7,1.2,10.6,18.4,,1.0,1.4,2.4,.066,,-1.5,-0.2,-1.7,0.1,2021
432,Duncan Robinson,SF,26,MIA,72,2262,11.0,.628,.855,.105,0.4,12.1,6.3,8.3,0.9,0.9,9.7,16.6,,1.9,1.8,3.7,.079,,-0.2,-0.8,-1.0,0.6,2021
437,Isaiah Roby,PF,22,OKC,61,1425,11.9,.555,.254,.273,6.4,18.6,12.4,11.4,1.7,2.3,19.0,17.7,,-0.3,1.5,1.3,.043,,-3.7,0.4,-3.3,-0.5,2021
438,Rajon Rondo,PG,34,TOT,45,770,13.2,.544,.414,.079,2.7,12.9,7.9,35.3,2.4,0.5,26.2,17.2,,0.5,0.8,1.3,.081,,-0.5,0.3,-0.2,0.4,2021
439,Derrick Rose,PG,32,TOT,50,1279,18.3,.550,.211,.208,1.7,9.3,5.5,28.0,1.9,1.4,10.5,25.8,,1.6,1.6,3.1,.118,,1.6,0.3,1.9,1.3,2021
440,Terrence Ross,SG,29,ORL,46,1347,13.2,.530,.429,.224,1.1,11.4,6.1,13.2,1.7,1.4,9.9,24.1,,-0.1,1.0,0.9,.030,,-1.4,-0.8,-2.3,-0.1,2021
441,Terry Rozier,SG,26,CHO,69,2383,17.1,.575,.504,.178,2.1,11.8,6.9,20.0,1.8,1.1,9.5,24.4,,3.3,2.0,5.2,.105,,2.2,-0.5,1.6,2.2,2021
442,Ricky Rubio,PG,30,MIN,68,1772,13.5,.516,.430,.301,1.6,12.4,6.8,33.3,2.6,0.2,16.4,16.0,,1.9,1.3,3.1,.085,,-1.9,0.0,-1.9,0.0,2021
443,D'Angelo Russell,PG,24,MIN,42,1196,17.6,.555,.475,.229,1.4,8.9,5.0,33.6,1.8,1.3,13.5,29.1,,1.0,0.6,1.6,.063,,3.3,-1.7,1.6,1.1,2021
444,Domantas Sabonis,PF,24,IND,62,2231,20.6,.601,.179,.363,7.3,28.6,18.0,27.5,1.6,1.2,16.9,24.1,,4.0,3.0,6.9,.149,,2.3,1.6,3.8,3.3,2021
447,Dario Šarić,C,26,PHO,50,871,14.3,.567,.395,.289,6.1,18.4,12.4,10.4,1.7,0.4,12.9,22.6,,0.7,1.0,1.7,.093,,-1.4,-0.6,-2.0,0.0,2021
448,Tomáš Satoranský,SG,29,CHI,58,1307,13.8,.614,.359,.240,2.6,9.4,6.0,27.9,1.5,0.9,20.9,15.2,,1.9,1.1,3.1,.113,,-0.6,0.1,-0.5,0.5,2021
449,Dennis Schröder,SG,27,LAL,61,1956,13.8,.543,.279,.320,1.7,10.3,6.1,26.9,1.7,0.6,15.8,22.9,,1.0,2.7,3.8,.093,,-1.3,0.1,-1.2,0.4,2021
450,Mike Scott,PF,32,PHI,51,852,6.8,.492,.735,.057,1.4,13.8,7.8,6.1,1.4,1.5,8.1,11.9,,-0.1,1.1,1.0,.058,,-3.2,0.3,-2.8,-0.2,2021
452,Collin Sexton,SG,22,CLE,60,2115,18.0,.573,.239,.347,3.0,7.0,4.9,22.6,1.4,0.4,11.6,29.7,,2.6,0.9,3.5,.080,,1.8,-1.9,-0.2,1.0,2021
453,Landry Shamet,SG,23,BRK,61,1403,10.3,.578,.730,.171,0.9,7.6,4.4,9.3,1.1,0.6,8.9,16.7,,1.2,0.6,1.8,.063,,-1.0,-1.5,-2.4,-0.2,2021
455,Pascal Siakam,PF,26,TOR,56,2006,17.7,.547,.256,.313,5.0,17.6,11.1,20.5,1.5,1.8,10.6,26.3,,2.3,2.0,4.2,.101,,1.0,-0.3,0.8,1.4,2021
457,Ben Simmons,PG,24,PHI,58,1877,18.3,.584,.017,.492,5.6,18.7,12.2,31.3,2.4,1.7,19.6,20.2,,2.7,3.3,6.0,.153,,0.7,2.2,2.9,2.3,2021
458,Anfernee Simons,SG,21,POR,64,1104,12.3,.589,.703,.142,1.3,12.5,6.8,11.4,0.8,0.6,9.2,18.3,,1.5,0.3,1.8,.078,,0.6,-1.6,-1.0,0.3,2021
461,Marcus Smart,PG,26,BOS,48,1581,13.8,.539,.553,.318,2.5,9.3,5.9,23.6,2.2,1.4,14.2,18.4,,1.8,1.5,3.3,.100,,-0.4,0.2,-0.3,0.7,2021
463,Ish Smith,PG,32,WAS,44,924,11.6,.473,.165,.111,2.5,14.6,8.6,24.7,1.6,1.2,11.6,15.8,,0.2,0.9,1.1,.056,,-2.1,0.5,-1.5,0.1,2021
465,Tony Snell,SG,29,ATL,47,992,9.5,.708,.637,.064,2.0,10.2,6.2,7.9,0.6,1.0,10.7,8.6,,1.6,0.5,2.0,.099,,-0.4,-0.1,-0.5,0.4,2021
469,Isaiah Stewart,C,19,DET,68,1455,16.4,.597,.154,.225,12.0,22.7,17.3,6.3,1.3,5.2,13.0,15.5,,1.9,2.1,4.0,.132,,-1.6,0.5,-1.1,0.3,2021
471,Edmond Sumner,SG,25,IND,53,861,12.7,.626,.312,.294,2.3,9.5,5.9,7.9,1.8,0.9,13.8,18.3,,0.7,0.7,1.4,.077,,-2.3,-0.5,-2.8,-0.2,2021
472,Jae'Sean Tate,SF,25,HOU,70,2043,13.8,.576,.312,.235,6.6,13.2,9.8,13.2,2.0,1.6,12.4,16.4,,2.2,1.6,3.8,.088,,-1.6,0.3,-1.4,0.3,2021
473,Jayson Tatum,SF,22,BOS,64,2290,21.3,.576,.368,.258,2.4,20.7,11.5,20.3,1.6,1.3,10.4,30.8,,4.1,2.5,6.5,.137,,4.2,-0.3,3.9,3.4,2021
474,Jeff Teague,PG,32,TOT,55,950,12.3,.562,.289,.370,1.7,8.3,5.1,18.3,1.7,1.2,16.2,17.7,,0.8,0.8,1.6,.079,,-1.7,-0.5,-2.2,-0.1,2021
475,Garrett Temple,SG,34,CHI,56,1528,8.2,.525,.525,.131,2.1,9.4,5.8,10.5,1.4,1.7,12.6,13.1,,0.2,1.4,1.6,.050,,-3.3,0.3,-3.1,-0.4,2021
477,Daniel Theis,C,28,TOT,65,1601,15.0,.609,.326,.236,6.5,18.3,12.4,9.5,1.2,3.3,11.4,15.6,,2.4,1.8,4.3,.128,,-0.7,0.7,0.0,0.8,2021
481,Matt Thomas,SG,26,TOT,45,326,9.1,.522,.630,.110,2.3,12.2,7.3,8.6,0.6,0.0,9.5,19.5,,0.0,0.2,0.2,.031,,-2.6,-2.0,-4.6,-0.2,2021
482,Tristan Thompson,PF,29,BOS,54,1287,14.2,.540,.009,.368,14.5,23.5,19.0,7.2,0.9,2.4,14.1,14.8,,1.5,1.4,2.9,.107,,-1.5,-1.0,-2.5,-0.2,2021
484,Matisse Thybulle,SG,23,PHI,65,1298,10.1,.508,.588,.074,2.6,7.8,5.3,6.3,3.9,4.9,11.3,9.4,,0.1,2.7,2.8,.102,,-2.6,4.5,1.9,1.3,2021
486,Xavier Tillman Sr.,PF,22,MEM,59,1085,14.7,.605,.217,.177,7.2,18.0,12.5,9.4,1.9,2.7,12.3,14.3,,1.4,1.5,2.9,.127,,-1.3,1.1,-0.2,0.5,2021
488,Obi Toppin,PF,22,NYK,62,683,12.7,.574,.407,.124,4.2,17.6,11.0,6.4,1.2,2.1,9.4,15.9,,0.5,1.0,1.5,.109,,-1.4,0.7,-0.7,0.2,2021
489,Juan Toscano-Anderson,SG,27,GSW,53,1107,12.6,.676,.440,.148,2.8,19.5,11.3,18.1,1.7,2.1,21.5,11.0,,1.4,1.6,3.0,.130,,-1.4,2.2,0.8,0.8,2021
491,Karl-Anthony Towns,C,25,MIN,50,1689,23.1,.612,.360,.355,8.2,26.4,17.0,22.6,1.1,2.9,13.7,29.1,,3.8,1.6,5.4,.153,,4.3,0.2,4.5,2.8,2021
492,Gary Trent Jr.,SG,22,TOT,58,1802,12.1,.534,.546,.135,1.6,7.7,4.6,6.6,1.5,0.5,4.9,20.9,,1.0,0.7,1.7,.045,,-0.5,-1.7,-2.3,-0.1,2021
493,P.J. Tucker,PF,35,TOT,52,1356,5.5,.510,.672,.158,3.9,12.3,8.0,5.7,1.4,1.3,17.4,7.2,,0.1,0.9,1.0,.034,,-4.6,0.5,-4.1,-0.7,2021
495,Myles Turner,C,24,IND,47,1455,15.3,.599,.477,.329,4.7,18.0,11.4,4.4,1.3,8.8,11.9,16.4,,1.1,2.2,3.3,.110,,-1.6,2.0,0.4,0.9,2021
496,Jonas Valančiūnas,C,28,MEM,62,1755,24.4,.636,.077,.273,15.1,31.9,23.4,10.0,1.0,2.9,10.7,22.4,,5.1,2.6,7.8,.213,,3.2,-0.3,3.0,2.2,2021
497,Denzel Valentine,SG,27,CHI,62,1036,10.1,.479,.582,.041,2.6,18.3,10.5,14.0,1.4,0.6,9.0,19.5,,-0.4,1.1,0.7,.032,,-2.2,-0.4,-2.7,-0.2,2021
498,Jarred Vanderbilt,PF,21,MIN,64,1139,16.2,.612,.021,.432,10.8,24.7,17.5,9.3,2.7,3.5,15.9,12.3,,1.6,1.5,3.1,.132,,-1.4,1.4,-0.1,0.5,2021
499,Fred VanVleet,SG,26,TOR,52,1899,16.8,.534,.547,.220,1.8,11.3,6.4,26.7,2.2,2.0,9.1,23.9,,2.4,1.8,4.3,.108,,2.2,0.2,2.5,2.2,2021
501,Devin Vassell,SF,20,SAS,62,1056,10.6,.524,.495,.168,2.4,15.4,8.8,7.1,2.0,1.4,6.3,14.3,,0.4,1.1,1.5,.069,,-2.2,0.7,-1.5,0.1,2021
502,Gabe Vincent,PG,24,MIA,50,655,7.6,.498,.639,.099,1.8,7.9,4.9,15.1,1.6,0.3,12.3,19.1,,-0.4,0.5,0.2,.011,,-4.5,-0.9,-5.4,-0.6,2021
504,Nikola Vučević,C,30,TOT,70,2348,22.9,.560,.315,.112,6.5,30.9,18.5,21.3,1.3,1.8,7.9,29.3,,3.3,3.0,6.3,.129,,4.9,0.4,5.3,4.4,2021
505,Dean Wade,PF,24,CLE,63,1212,11.3,.573,.685,.125,3.4,16.8,9.9,8.9,1.4,1.5,8.4,12.9,,1.1,0.9,2.0,.080,,-1.1,-0.1,-1.3,0.2,2021
506,Moritz Wagner,C,23,TOT,45,722,12.5,.580,.397,.380,3.9,17.7,10.7,9.7,1.7,2.2,13.9,18.1,,0.5,0.8,1.2,.082,,-2.7,0.2,-2.6,-0.1,2021
507,Kemba Walker,PG,30,BOS,43,1369,17.7,.559,.522,.220,1.3,12.6,6.9,23.8,1.7,0.8,10.6,26.1,,2.1,1.1,3.3,.115,,2.8,-0.7,2.1,1.4,2021
508,Lonnie Walker IV,SG,22,SAS,60,1522,9.8,.523,.463,.115,1.0,10.1,5.4,9.6,0.9,0.8,9.2,20.1,,-0.5,0.9,0.4,.012,,-2.3,-1.4,-3.7,-0.7,2021
510,Brad Wanamaker,PG,31,TOT,61,1053,9.5,.489,.284,.338,1.8,8.8,5.3,22.5,1.9,1.0,17.1,16.9,,-0.2,1.0,0.9,.039,,-4.4,0.3,-4.0,-0.5,2021
512,P.J. Washington,PF,22,CHO,64,1954,13.4,.549,.423,.211,5.1,18.3,11.6,12.2,1.7,4.0,14.6,19.4,,0.3,2.4,2.7,.066,,-1.5,0.6,-0.9,0.6,2021
513,Yuta Watanabe,SF,26,TOR,50,723,12.2,.565,.500,.161,5.3,19.4,12.1,7.7,1.7,2.6,9.0,12.7,,0.7,0.8,1.5,.102,,-1.1,0.5,-0.7,0.2,2021
517,Russell Westbrook,PG,32,WAS,65,2369,19.5,.509,.221,.334,4.9,28.6,16.8,48.6,1.7,0.8,18.0,30.2,,0.5,3.2,3.7,.075,,2.6,1.1,3.7,3.4,2021
518,Coby White,PG,20,CHI,69,2156,12.0,.540,.503,.157,1.5,13.0,7.3,21.8,0.9,0.6,13.9,22.5,,0.7,1.7,2.4,.052,,-1.2,-1.2,-2.4,-0.2,2021
522,Andrew Wiggins,PF,25,GSW,71,2364,15.0,.568,.348,.225,3.7,11.8,7.8,10.9,1.3,2.6,9.8,23.3,,1.2,2.7,3.9,.080,,0.0,-0.4,-0.4,1.0,2021
523,Grant Williams,PF,22,BOS,63,1138,7.5,.546,.522,.206,4.7,12.8,8.7,7.4,1.4,2.0,17.2,12.3,,0.1,1.0,1.1,.046,,-4.0,0.3,-3.7,-0.5,2021
524,Kenrich Williams,PF,26,OKC,66,1426,14.0,.599,.285,.153,6.1,14.0,10.0,16.4,1.8,1.1,14.8,15.3,,1.6,1.2,2.8,.096,,-1.2,0.5,-0.7,0.4,2021
525,Lou Williams,PG,34,TOT,66,1423,14.0,.519,.268,.268,1.7,8.9,5.4,23.4,1.6,0.4,13.0,25.7,,0.5,1.2,1.7,.056,,-1.0,-1.5,-2.5,-0.2,2021
526,Patrick Williams,PF,19,CHI,71,1983,10.5,.562,.261,.237,3.7,14.4,9.1,6.7,1.6,2.0,14.4,14.9,,0.3,2.2,2.5,.060,,-2.8,0.4,-2.4,-0.2,2021
527,Robert Williams,C,23,BOS,52,985,25.7,.719,.008,.283,14.9,25.6,20.2,14.2,2.1,8.6,15.2,15.0,,3.4,1.9,5.3,.258,,2.9,3.1,6.0,2.0,2021
528,Zion Williamson,PF,20,NOP,61,2026,27.1,.649,.033,.510,8.9,14.7,11.8,19.7,1.3,1.8,11.6,29.8,,7.1,1.6,8.7,.205,,6.1,-0.3,5.8,4.0,2021
536,Delon Wright,SG-PG,28,TOT,63,1748,16.3,.562,.332,.243,4.1,13.1,8.6,23.0,2.8,1.5,12.6,16.3,,2.5,1.8,4.3,.117,,0.6,1.5,2.2,1.8,2021
537,Thaddeus Young,PF,32,CHI,68,1652,20.3,.578,.068,.171,11.4,16.9,14.2,27.1,2.2,2.1,16.1,22.3,,2.8,2.2,5.1,.147,,1.9,1.4,3.3,2.2,2021
538,Trae Young,PG,22,ATL,63,2125,23.0,.589,.357,.491,2.0,10.5,6.3,45.5,1.2,0.5,16.2,33.0,,5.9,1.3,7.2,.163,,5.3,-1.7,3.7,3.0,2021
539,Cody Zeller,C,28,CHO,48,1005,18.2,.599,.086,.367,12.6,22.9,17.7,13.2,1.3,1.7,11.9,18.3,,2.1,1.1,3.3,.156,,-0.2,-0.2,-0.5,0.4,2021
540,Ivica Zubac,C,23,LAC,72,1609,19.1,.693,.010,.434,13.6,22.4,18.1,7.9,0.7,3.4,14.7,15.1,,4.8,2.1,6.9,.206,,0.6,0.4,1.0,1.2,2021
