Rk,Player,Pos,Age,Tm,G,MP,PER,TS%,3PAr,FTr,ORB%,DRB%,TRB%,AST%,STL%,BLK%,TOV%,USG%,Unnamed: 19,OWS,DWS,WS,WS/48,Unnamed: 24,OBPM,DBPM,BPM,VORP,Year
2,Arron Afflalo,SG,22,DET,75,970,10.2,.494,.199,.361,4.4,12.5,8.4,8.1,1.8,0.7,10.9,15.2,,0.5,1.4,1.9,.092,,-2.6,1.0,-1.5,0.1,2008
5,LaMarcus Aldridge,PF,22,POR,76,2649,18.5,.523,.006,.257,9.8,15.8,12.8,8.8,1.1,2.8,8.9,25.3,,3.5,2.8,6.2,.113,,0.6,-0.4,0.2,1.5,2008
6,Malik Allen,PF,29,TOT,73,1096,9.8,.500,.006,.076,7.0,13.6,10.4,6.8,0.9,2.2,11.7,16.1,,0.1,0.9,1.0,.045,,-3.4,0.0,-3.5,-0.4,2008
7,Ray Allen*,SG,32,BOS,73,2624,16.4,.584,.458,.240,3.6,8.3,6.1,14.6,1.3,0.5,10.4,21.6,,5.6,4.1,9.7,.177,,2.9,0.2,3.0,3.3,2008
8,Tony Allen,SG,26,BOS,75,1373,10.7,.527,.147,.465,3.1,11.0,7.3,13.1,2.4,1.3,18.9,19.6,,-0.1,2.8,2.7,.093,,-3.4,1.7,-1.7,0.1,2008
11,Rafer Alston,PG,31,HOU,74,2526,13.2,.492,.440,.148,1.3,10.2,5.8,25.2,2.1,0.5,14.0,20.7,,1.0,4.0,5.0,.095,,-0.5,1.0,0.5,1.6,2008
15,Carmelo Anthony,SF,23,DEN,77,2806,21.1,.568,.111,.398,7.0,14.9,11.0,16.1,1.7,1.0,12.7,30.2,,5.2,3.0,8.2,.140,,2.5,-0.9,1.6,2.5,2008
19,Darrell Armstrong,PG,39,NJN,50,549,8.7,.499,.627,.273,3.6,10.6,7.1,20.5,2.7,0.3,25.0,13.7,,-0.2,0.5,0.3,.024,,-3.5,0.8,-2.7,-0.1,2008
20,Hilton Armstrong,C,23,NOH,65,732,7.7,.498,.000,.473,10.1,16.0,13.0,4.4,1.1,3.6,24.8,15.1,,-0.5,1.0,0.5,.032,,-6.3,0.5,-5.8,-0.7,2008
21,Carlos Arroyo,PG,28,ORL,62,1269,12.8,.547,.241,.293,0.9,9.0,5.1,26.6,1.1,0.1,16.4,17.0,,1.7,1.1,2.8,.107,,-0.5,-0.4,-0.9,0.3,2008
24,Kelenna Azubuike,SG,24,GSW,81,1732,13.5,.534,.332,.235,6.4,14.0,10.0,6.1,1.3,1.4,8.2,17.2,,2.3,1.1,3.4,.094,,0.0,-0.9,-0.8,0.5,2008
25,Renaldo Balkman,SF,23,NYK,65,952,11.5,.492,.065,.511,9.6,16.4,12.9,6.5,2.4,2.4,14.0,12.5,,0.4,0.9,1.3,.065,,-2.9,1.0,-1.8,0.0,2008
27,Leandro Barbosa,SG,25,PHO,82,2421,15.8,.575,.413,.209,2.0,8.2,5.4,13.5,1.5,0.5,9.5,22.8,,3.9,1.6,5.5,.109,,1.1,-0.9,0.2,1.4,2008
28,J.J. Barea,PG,23,DAL,44,460,11.7,.515,.318,.206,1.0,10.5,5.9,20.6,1.6,0.2,15.9,22.3,,0.0,0.5,0.5,.052,,-1.7,-0.2,-1.9,0.0,2008
29,Andrea Bargnani,PF,22,TOR,78,1861,10.6,.495,.360,.233,3.2,15.2,9.2,7.4,0.7,1.6,9.9,22.5,,-0.3,1.6,1.4,.036,,-2.5,-1.2,-3.7,-0.8,2008
30,Matt Barnes,PF,27,GSW,73,1414,12.9,.510,.410,.179,6.8,18.1,12.3,13.5,1.6,1.9,15.1,16.7,,1.0,1.3,2.3,.077,,-0.5,0.3,-0.2,0.6,2008
32,Earl Barron,C,26,MIA,46,889,9.4,.446,.040,.266,8.9,17.9,13.3,5.8,1.1,0.7,11.6,22.0,,-1.0,0.6,-0.4,-0.019,,-5.0,-2.2,-7.2,-1.2,2008
34,Brandon Bass,C,22,DAL,79,1557,15.9,.564,.008,.400,9.2,16.3,12.9,6.1,0.8,2.3,12.4,19.8,,2.4,1.9,4.3,.132,,-0.2,-0.2,-0.4,0.6,2008
36,Shane Battier,SF,29,HOU,80,2907,11.7,.561,.596,.163,5.2,10.5,7.9,8.0,1.4,2.3,10.5,11.7,,3.6,4.6,8.2,.135,,0.0,1.9,2.0,2.9,2008
38,Charlie Bell,SG,28,MIL,68,1628,10.9,.490,.447,.179,2.1,10.3,6.0,19.9,1.7,0.1,12.7,16.6,,1.0,0.3,1.3,.038,,-1.4,-1.1,-2.5,-0.2,2008
39,Raja Bell,SG,31,PHO,75,2646,10.5,.561,.583,.121,2.2,9.0,5.9,8.6,1.0,0.7,7.6,14.5,,3.0,1.5,4.5,.082,,-0.3,-0.5,-0.8,0.8,2008
40,Mike Bibby,PG,29,TOT,48,1573,14.5,.515,.411,.166,1.2,10.6,6.0,30.9,1.8,0.2,15.5,22.0,,1.1,0.9,2.1,.063,,0.4,-1.6,-1.3,0.3,2008
41,Andris Biedriņš,C,21,GSW,76,2078,19.2,.637,.000,.344,12.7,26.2,19.1,5.2,1.3,3.3,12.0,14.4,,5.4,2.6,8.0,.185,,1.1,0.1,1.1,1.6,2008
42,Chauncey Billups,PG,31,DET,78,2522,23.6,.619,.390,.498,2.0,8.1,5.0,34.7,2.2,0.5,13.0,23.0,,10.2,3.4,13.5,.257,,6.5,1.2,7.7,6.2,2008
43,Steve Blake,PG,27,POR,81,2424,12.0,.518,.466,.100,1.5,7.9,4.7,27.1,1.2,0.1,14.5,15.3,,2.5,1.3,3.8,.075,,0.1,-0.6,-0.5,0.9,2008
44,Andray Blatche,PF,21,WAS,82,1675,15.5,.512,.024,.287,11.2,18.8,14.9,9.2,1.7,5.7,15.6,19.7,,0.8,2.1,3.0,.085,,-2.4,0.7,-1.7,0.1,2008
45,Mark Blount,C,32,MIA,69,1542,11.4,.505,.085,.268,5.3,15.3,10.2,4.8,1.1,1.8,10.8,19.8,,-0.3,1.0,0.7,.021,,-2.9,-1.2,-4.0,-0.8,2008
46,Keith Bogans,SG,27,ORL,82,2198,10.9,.559,.696,.187,2.3,11.3,7.0,7.1,1.4,0.3,7.7,14.4,,2.6,2.3,4.9,.106,,0.1,0.5,0.6,1.4,2008
47,Andrew Bogut,C,23,MIL,78,2720,17.5,.532,.008,.354,10.2,23.4,16.5,12.4,1.2,3.9,14.1,20.2,,2.6,2.3,4.8,.085,,0.0,0.0,0.0,1.4,2008
48,Matt Bonner,PF,27,SAS,68,853,12.4,.525,.471,.151,7.4,19.0,13.3,6.2,0.9,1.5,11.2,19.6,,0.5,1.5,2.0,.110,,-1.8,0.3,-1.5,0.1,2008
49,Josh Boone,PF,23,NJN,70,1773,14.8,.543,.000,.500,12.5,20.8,16.6,5.3,1.1,2.7,11.4,15.4,,1.9,1.8,3.7,.100,,-0.9,-0.9,-1.8,0.1,2008
51,Carlos Boozer,PF,26,UTA,81,2827,21.9,.581,.001,.303,8.6,27.7,18.2,14.2,1.8,1.2,12.5,26.6,,5.9,4.3,10.2,.173,,2.5,0.3,2.8,3.5,2008
52,Chris Bosh*,C,23,TOR,67,2425,23.8,.588,.024,.544,8.4,20.1,14.2,12.1,1.4,2.2,10.7,27.7,,7.0,3.1,10.1,.200,,4.0,0.4,4.4,3.9,2008
53,Bruce Bowen,SF,36,SAS,81,2448,7.0,.527,.502,.161,1.6,9.6,5.6,5.5,1.2,0.7,9.1,9.9,,0.9,3.4,4.4,.085,,-2.9,1.5,-1.4,0.4,2008
54,Ryan Bowen,SF,32,NOH,53,660,9.9,.505,.010,.290,9.5,8.2,8.9,5.2,2.6,1.3,11.7,9.0,,0.6,0.8,1.5,.107,,-2.5,1.8,-0.8,0.2,2008
57,Corey Brewer,SF,21,MIN,79,1803,8.3,.429,.074,.226,5.1,13.9,9.4,9.1,2.2,1.1,14.3,15.6,,-1.4,1.2,-0.2,-0.005,,-4.2,0.1,-4.1,-1.0,2008
58,Ronnie Brewer,SG,22,UTA,76,2088,18.4,.612,.079,.405,5.7,7.0,6.4,9.7,3.2,0.7,8.5,17.5,,5.4,2.4,7.8,.178,,2.2,1.6,3.8,3.1,2008
59,Primož Brezec,C,28,TOT,50,475,5.4,.502,.000,.426,7.3,12.6,10.0,3.5,0.3,1.2,17.7,13.3,,-0.1,0.3,0.2,.017,,-6.1,-1.2,-7.3,-0.6,2008
60,Aaron Brooks,PG,23,HOU,51,608,13.1,.535,.484,.218,2.5,7.9,5.2,23.5,1.1,0.6,15.1,21.8,,0.6,0.8,1.4,.112,,-0.5,0.2,-0.2,0.3,2008
62,Devin Brown,SG,29,CLE,78,1762,11.3,.494,.275,.267,4.1,13.2,8.5,16.1,1.6,0.3,14.3,17.8,,0.6,1.7,2.4,.064,,-2.1,-0.1,-2.1,-0.1,2008
66,Kobe Bryant*,SG,29,LAL,82,3192,24.2,.576,.246,.439,3.4,14.1,9.0,23.9,2.4,0.9,11.3,31.4,,9.5,4.3,13.8,.208,,5.2,0.6,5.8,6.3,2008
68,Caron Butler,SF,27,WAS,58,2314,20.7,.558,.196,.278,4.6,15.4,9.8,21.9,3.0,0.7,12.4,24.0,,4.8,2.4,7.2,.150,,3.0,1.1,4.1,3.5,2008
69,Rasual Butler,SF,28,NOH,51,875,8.8,.460,.512,.119,2.1,11.5,6.7,5.9,0.9,1.9,3.5,15.1,,0.3,0.8,1.2,.063,,-1.8,-0.1,-1.9,0.0,2008
71,José Calderón,PG,26,TOR,82,2484,20.5,.607,.260,.170,1.6,9.7,5.6,42.3,1.9,0.2,14.2,16.8,,8.1,2.2,10.2,.197,,4.1,0.4,4.5,4.1,2008
72,Marcus Camby,C,33,DEN,79,2758,17.2,.498,.031,.318,9.2,31.1,20.3,12.9,1.5,7.3,14.0,13.0,,2.6,5.9,8.5,.148,,0.1,3.3,3.4,3.8,2008
74,Rodney Carney,SF,23,PHI,70,1039,12.1,.478,.306,.207,5.7,11.4,8.5,5.0,2.0,1.8,7.4,20.0,,0.4,1.2,1.6,.075,,-1.4,-0.3,-1.7,0.1,2008
75,Matt Carroll,SG,27,CHA,80,2016,10.7,.554,.409,.234,1.9,11.1,6.4,5.8,1.2,0.7,8.2,16.1,,1.9,1.0,3.0,.071,,-1.2,-0.8,-2.0,0.0,2008
76,Anthony Carter,PG,32,DEN,70,1960,12.8,.531,.271,.179,1.5,9.4,5.5,27.4,2.6,1.0,19.5,13.8,,1.6,2.2,3.8,.092,,-1.2,1.2,-0.1,1.0,2008
77,Vince Carter,SG,31,NJN,76,2959,18.8,.550,.212,.333,4.4,13.4,8.9,25.2,1.6,0.9,10.9,25.6,,5.5,2.2,7.7,.126,,2.6,-0.3,2.4,3.3,2008
78,Sam Cassell,PG,38,TOT,55,1274,15.4,.517,.143,.271,1.6,10.8,6.2,31.5,1.5,0.4,14.0,25.1,,0.7,1.1,1.8,.067,,-0.3,-0.7,-0.9,0.3,2008
79,Tyson Chandler,C,25,NOH,79,2783,17.5,.632,.002,.488,13.2,26.1,19.5,4.4,0.9,2.4,15.6,14.5,,5.9,4.1,10.0,.172,,0.7,-0.2,0.4,1.7,2008
81,Josh Childress,SF,24,ATL,76,2274,17.8,.647,.105,.480,9.0,10.2,9.6,8.5,1.6,1.4,12.4,15.8,,6.0,1.5,7.6,.160,,2.3,-0.3,2.0,2.3,2008
82,Jarron Collins,C,29,UTA,70,702,6.1,.515,.012,.902,7.0,13.1,10.1,6.8,0.7,0.7,16.1,8.7,,0.5,0.5,1.0,.070,,-3.3,-0.1,-3.4,-0.3,2008
83,Jason Collins,C,29,TOT,74,1172,3.4,.481,.009,.655,6.2,11.1,8.7,3.1,1.0,1.6,24.8,7.4,,-0.5,0.6,0.1,.005,,-6.7,0.0,-6.7,-1.4,2008
84,Mardy Collins,SG,23,NYK,46,634,5.9,.378,.183,.217,3.3,10.4,6.7,21.4,2.0,1.0,22.6,17.5,,-1.4,0.3,-1.0,-0.079,,-5.5,-0.9,-6.4,-0.7,2008
85,Nick Collison,PF,27,SEA,78,2223,15.0,.537,.003,.261,12.5,23.3,17.9,7.9,1.1,1.9,14.2,16.2,,2.2,2.3,4.5,.098,,-1.2,-0.2,-1.4,0.3,2008
86,Mike Conley,PG,20,MEM,53,1381,12.6,.502,.206,.278,1.7,9.7,5.6,25.3,1.6,0.1,15.2,18.8,,0.6,0.5,1.1,.038,,-1.6,-1.3,-3.0,-0.3,2008
87,Brian Cook,PF,27,TOT,51,629,8.6,.489,.491,.090,5.3,14.2,10.0,6.8,1.1,1.4,13.8,20.5,,-0.4,0.7,0.4,.029,,-3.1,-0.7,-3.8,-0.3,2008
88,Daequan Cook,SG,20,MIA,59,1441,7.9,.480,.463,.111,1.6,13.3,7.4,9.1,0.8,0.5,10.5,19.8,,-1.0,0.6,-0.4,-0.013,,-3.4,-1.9,-5.2,-1.2,2008
89,Jamal Crawford,SG,27,NYK,80,3190,16.0,.528,.355,.274,1.3,6.3,3.7,22.0,1.3,0.4,11.0,24.6,,4.6,0.4,5.0,.076,,2.1,-1.8,0.3,1.9,2008
90,Javaris Crittenton,SG,20,TOT,50,679,11.0,.499,.159,.446,4.5,13.7,9.1,11.7,1.4,0.2,16.5,21.8,,-0.3,0.4,0.1,.004,,-2.7,-1.4,-4.1,-0.4,2008
91,Austin Croshere,PF,32,GSW,44,457,13.2,.573,.445,.234,7.4,17.3,12.2,9.0,0.9,1.0,12.7,16.0,,0.8,0.3,1.1,.112,,-0.2,-0.8,-1.1,0.1,2008
92,Eddy Curry,C,25,NYK,59,1530,15.0,.578,.000,.551,8.0,12.6,10.2,3.8,0.5,1.5,15.7,23.5,,1.3,0.4,1.7,.053,,-0.8,-2.0,-2.8,-0.3,2008
93,Samuel Dalembert,C,26,PHI,82,2724,15.6,.556,.002,.398,13.1,24.0,18.5,2.5,0.8,5.6,16.6,15.4,,2.6,4.3,6.9,.121,,-1.5,0.5,-1.0,0.7,2008
94,Erick Dampier,C,32,DAL,72,1755,15.3,.645,.000,.527,14.1,21.2,17.8,5.4,0.7,4.4,19.0,11.2,,3.3,2.8,6.0,.165,,-0.2,1.2,1.1,1.4,2008
95,Antonio Daniels,PG,32,WAS,71,2161,13.7,.549,.166,.490,1.2,10.0,5.5,24.0,1.7,0.1,14.3,13.5,,3.5,1.0,4.5,.099,,-0.4,-0.3,-0.8,0.7,2008
96,Marquis Daniels,SG,27,IND,74,1546,11.6,.487,.182,.248,4.6,10.5,7.5,14.1,2.5,0.9,15.3,20.6,,-0.7,1.6,0.9,.028,,-2.7,0.3,-2.4,-0.1,2008
98,Baron Davis,PG,28,GSW,82,3196,19.8,.523,.344,.278,3.1,10.1,6.4,29.7,2.9,1.0,11.9,25.6,,5.9,2.8,8.7,.131,,3.2,0.3,3.6,4.5,2008
99,Glen Davis,C,22,BOS,69,940,11.3,.545,.000,.679,12.8,13.5,13.2,4.6,1.7,1.7,18.5,17.4,,0.6,1.9,2.5,.128,,-3.6,0.7,-3.0,-0.2,2008
101,Ricky Davis,SF,28,MIA,82,2963,12.0,.534,.343,.203,2.2,12.2,7.1,16.4,1.6,0.4,15.3,20.0,,0.3,1.6,1.9,.030,,-1.0,-1.0,-2.0,0.0,2008
102,Carlos Delfino,SG,25,TOR,82,1928,13.6,.527,.497,.247,4.0,18.1,11.0,11.3,1.9,0.5,9.7,19.0,,1.7,2.3,4.0,.100,,0.0,0.3,0.4,1.2,2008
103,Luol Deng,SF,22,CHI,63,2128,17.0,.528,.025,.296,7.0,14.2,10.4,13.2,1.4,1.1,10.6,23.6,,2.4,1.9,4.4,.098,,1.1,-1.0,0.1,1.1,2008
104,Boris Diaw,PF,25,PHO,82,2308,12.0,.516,.063,.200,5.2,12.7,9.3,19.0,1.3,1.1,18.1,16.6,,1.1,1.9,3.0,.063,,-1.0,0.2,-0.8,0.7,2008
105,Yakhouba Diawara,SG,25,DEN,54,542,8.1,.518,.493,.231,4.7,7.6,6.2,9.3,0.7,0.4,9.8,12.8,,0.5,0.3,0.7,.065,,-2.6,-1.1,-3.6,-0.2,2008
107,Dan Dickau,PG,29,LAC,67,1040,12.5,.530,.365,.277,1.4,9.4,5.4,27.9,1.6,0.2,14.2,17.2,,0.9,0.6,1.5,.071,,-1.4,-0.4,-1.7,0.1,2008
109,Travis Diener,PG,25,IND,66,1356,12.2,.494,.542,.165,2.0,7.3,4.6,27.7,1.3,0.2,10.7,16.5,,1.7,0.8,2.5,.088,,-0.2,-1.1,-1.4,0.2,2008
111,DeSagana Diop,C,26,TOT,79,1295,12.5,.536,.000,.389,14.6,20.3,17.5,4.6,1.1,5.1,21.6,9.6,,1.0,2.0,3.0,.113,,-1.7,1.1,-0.6,0.5,2008
112,Juan Dixon,PG,29,TOT,53,668,11.3,.488,.279,.101,2.7,10.7,6.7,23.3,1.7,0.2,16.7,22.8,,-0.3,0.7,0.4,.026,,-1.8,-0.5,-2.3,-0.1,2008
114,Keyon Dooling,PG,27,ORL,72,1334,14.1,.572,.154,.456,0.6,7.8,4.4,16.0,1.4,0.3,10.7,19.6,,2.4,1.2,3.7,.132,,-0.9,0.3,-0.6,0.5,2008
115,Quincy Douby,PG,23,SAC,74,876,9.7,.495,.364,.155,2.3,8.7,5.6,9.8,1.7,1.1,14.2,21.3,,-0.5,0.5,0.0,.000,,-2.2,-1.2,-3.4,-0.3,2008
116,Jared Dudley,PF,22,CHA,73,1384,13.6,.528,.118,.339,10.0,13.8,11.9,9.3,2.1,0.5,11.1,14.9,,1.8,1.1,2.9,.100,,-0.7,0.0,-0.7,0.4,2008
117,Chris Duhon,PG,25,CHI,66,1490,11.1,.508,.451,.233,1.4,7.6,4.4,26.5,1.7,0.1,15.8,13.4,,1.3,1.0,2.3,.075,,-1.5,-0.2,-1.7,0.1,2008
118,Tim Duncan*,C,31,SAS,78,2651,24.4,.546,.003,.393,10.7,28.3,19.6,15.7,1.1,4.3,11.4,28.2,,4.9,6.2,11.1,.201,,3.0,2.2,5.2,4.8,2008
119,Mike Dunleavy,SG,27,IND,82,2953,17.3,.605,.348,.361,2.1,13.7,7.8,16.1,1.4,0.8,12.8,21.8,,5.9,2.6,8.5,.138,,1.9,-0.2,1.7,2.8,2008
121,Kevin Durant,SG,19,SEA,80,2768,15.8,.519,.150,.328,2.8,10.9,6.9,12.0,1.4,1.9,12.9,28.1,,0.4,1.9,2.3,.040,,0.5,-0.7,-0.1,1.3,2008
122,Monta Ellis,SG,22,GSW,81,3071,19.0,.580,.042,.340,4.5,9.8,7.0,15.8,2.0,0.6,10.9,21.7,,7.1,1.8,9.0,.140,,1.8,-0.3,1.6,2.8,2008
123,Francisco Elson,C,31,TOT,63,813,6.9,.416,.004,.157,7.1,21.0,14.2,4.6,1.0,1.8,15.7,17.0,,-1.3,1.2,0.0,-0.001,,-6.3,0.0,-6.3,-0.9,2008
124,Melvin Ely,C,29,NOH,52,621,9.0,.491,.000,.322,5.1,22.6,13.6,5.4,0.6,2.3,17.0,18.5,,-0.5,0.8,0.3,.022,,-5.1,-0.2,-5.2,-0.5,2008
125,Maurice Evans,SG,29,TOT,75,1720,13.9,.571,.383,.152,6.4,8.1,7.3,7.5,1.4,0.4,6.4,16.5,,3.2,1.6,4.9,.135,,1.2,-0.2,1.0,1.3,2008
126,Reggie Evans,PF,27,PHI,81,1879,11.0,.463,.003,.743,14.0,24.7,19.3,5.0,2.4,0.3,19.0,13.6,,-0.3,3.0,2.7,.068,,-3.0,0.0,-3.0,-0.5,2008
127,Jordan Farmar,PG,21,LAL,82,1690,15.4,.563,.487,.124,2.7,9.1,6.0,20.5,2.3,0.2,14.0,20.2,,2.1,1.8,3.9,.111,,1.3,0.0,1.3,1.4,2008
129,Raymond Felton,PG,23,CHA,79,2972,13.8,.500,.201,.326,1.4,7.7,4.6,32.4,1.7,0.3,15.7,20.8,,2.0,1.4,3.4,.054,,-0.6,-1.5,-2.1,-0.1,2008
131,Michael Finley,SG,34,SAS,82,2204,11.4,.519,.469,.105,1.5,12.0,6.8,8.6,0.7,0.3,6.6,18.5,,1.3,2.9,4.2,.091,,-0.5,-0.1,-0.6,0.8,2008
132,Derek Fisher,PG,33,LAL,82,2249,13.8,.556,.355,.242,1.2,6.9,4.2,15.9,1.9,0.1,9.5,18.6,,3.7,2.0,5.7,.121,,-0.3,0.0,-0.4,0.9,2008
133,T.J. Ford,PG,24,TOR,51,1199,20.3,.533,.097,.239,2.3,7.7,4.9,44.4,2.4,0.0,15.0,26.8,,2.1,1.1,3.3,.130,,2.8,-0.3,2.5,1.4,2008
134,Jeff Foster,C,31,IND,77,1884,15.7,.568,.008,.389,14.9,23.8,19.3,10.1,1.5,1.3,12.4,11.5,,4.0,2.4,6.5,.165,,0.3,0.2,0.5,1.2,2008
136,Adonal Foyle,C,32,ORL,82,774,9.9,.464,.000,.222,11.0,19.6,15.5,3.4,1.1,4.2,16.0,11.8,,0.0,1.3,1.3,.080,,-3.1,1.2,-1.9,0.0,2008
139,Channing Frye,C,24,POR,78,1342,14.8,.529,.022,.241,9.4,21.6,15.5,7.4,1.2,1.6,9.9,19.6,,1.6,1.6,3.2,.114,,-1.9,0.1,-1.8,0.1,2008
140,Dan Gadzuric,C,29,MIL,51,534,10.7,.443,.006,.409,14.2,17.7,15.9,3.2,2.0,3.5,15.8,18.2,,-0.4,0.4,0.1,.006,,-4.8,-1.3,-6.1,-0.6,2008
142,Francisco García,SF,26,SAC,79,2096,15.1,.576,.384,.277,3.0,11.7,7.4,10.2,2.3,1.8,13.2,20.7,,2.4,1.8,4.2,.097,,0.7,0.1,0.8,1.5,2008
144,Kevin Garnett*,PF,31,BOS,71,2328,25.3,.588,.011,.339,7.3,25.1,16.8,19.9,2.3,3.1,10.8,25.5,,6.6,6.2,12.9,.265,,4.7,3.5,8.2,6.0,2008
146,Pau Gasol,C,27,TOT,66,2351,21.6,.594,.018,.407,7.4,18.7,13.1,15.2,0.6,3.0,10.6,22.1,,6.4,2.1,8.4,.172,,3.3,0.1,3.4,3.2,2008
147,Rudy Gay,SF,21,MEM,81,3000,17.4,.546,.286,.233,5.2,13.5,9.3,9.3,1.9,1.9,11.3,25.0,,2.9,2.1,5.0,.080,,1.5,-0.6,0.8,2.1,2008
149,Devean George,SF,30,DAL,53,821,7.0,.437,.329,.164,4.1,14.9,9.6,6.3,1.2,1.2,9.8,14.0,,-0.3,1.0,0.7,.039,,-3.4,0.6,-2.8,-0.2,2008
150,Daniel Gibson,PG,21,CLE,58,1765,11.7,.592,.576,.226,1.9,6.9,4.3,13.1,1.4,0.6,12.9,15.1,,2.7,1.4,4.1,.111,,-0.4,0.0,-0.4,0.7,2008
152,Manu Ginóbili*,SG,30,SAS,74,2299,24.3,.612,.395,.449,3.3,14.7,9.1,26.4,2.6,1.1,14.5,28.7,,6.6,4.5,11.1,.232,,5.6,2.7,8.3,6.0,2008
153,Gordan Giriček,SG,30,TOT,56,831,9.8,.518,.328,.086,2.4,10.8,6.7,11.0,1.5,0.4,14.2,19.7,,-0.1,0.6,0.5,.029,,-2.4,-0.8,-3.2,-0.3,2008
154,Ryan Gomes,PF,25,MIN,82,2434,15.7,.539,.209,.267,6.1,16.8,11.3,9.6,1.4,0.3,9.1,19.5,,3.6,1.2,4.8,.096,,1.0,-1.1,-0.1,1.1,2008
155,Drew Gooden,PF,26,TOT,69,2122,13.8,.495,.008,.291,9.1,23.0,15.8,6.5,1.2,2.0,12.8,20.3,,0.5,2.8,3.3,.074,,-2.1,-0.7,-2.8,-0.4,2008
156,Ben Gordon,SG,24,CHI,72,2291,16.4,.558,.324,.274,1.9,9.2,5.4,16.9,1.2,0.3,11.1,26.0,,3.6,1.4,5.1,.106,,2.1,-1.2,0.9,1.7,2008
160,Danny Granger,SF,24,IND,80,2876,16.7,.571,.351,.314,3.4,15.2,9.2,9.6,1.6,2.2,11.1,23.2,,4.1,3.2,7.3,.122,,1.3,0.1,1.4,2.5,2008
161,Aaron Gray,C,23,CHI,61,613,13.9,.529,.005,.485,12.5,18.7,15.5,11.4,1.8,2.0,18.7,22.0,,0.1,0.8,0.8,.066,,-3.6,0.0,-3.5,-0.2,2008
163,Jeff Green,SF,21,SEA,80,2253,9.8,.491,.101,.318,4.9,13.4,9.2,8.2,1.0,1.6,15.6,19.4,,-1.3,1.5,0.2,.003,,-3.4,-0.6,-4.1,-1.2,2008
165,Willie Green,SG,26,PHI,74,1970,12.8,.492,.206,.170,1.9,9.1,5.5,13.2,1.5,0.9,10.4,23.9,,0.4,1.6,2.1,.050,,-0.9,-0.8,-1.6,0.2,2008
168,Richard Hamilton,SG,29,DET,72,2424,18.2,.552,.137,.215,3.7,7.9,5.8,22.3,1.7,0.3,10.5,24.5,,4.8,2.9,7.7,.152,,2.3,0.1,2.3,2.6,2008
170,Matt Harpring,SF,31,UTA,76,1374,14.1,.551,.021,.432,8.6,12.7,10.7,9.0,1.7,0.8,14.4,21.5,,1.4,1.4,2.8,.096,,-1.0,-0.9,-1.9,0.0,2008
171,Al Harrington,C,27,GSW,81,2190,15.6,.547,.442,.206,5.0,16.9,10.7,8.9,1.6,0.5,8.2,21.1,,3.7,1.7,5.4,.118,,1.0,-0.8,0.2,1.2,2008
173,Devin Harris,PG,24,TOT,64,2022,17.5,.573,.241,.434,1.6,8.2,5.0,31.1,2.4,0.4,16.3,22.6,,3.6,1.9,5.6,.132,,1.2,-0.2,1.0,1.5,2008
175,David Harrison,C,25,IND,55,702,8.6,.539,.000,.565,6.5,11.9,9.1,3.0,1.4,6.3,21.5,16.7,,-0.5,0.9,0.4,.030,,-7.3,1.4,-5.9,-0.7,2008
176,Jason Hart,PG,29,UTA,57,606,8.0,.413,.172,.250,1.0,10.0,5.5,19.3,2.5,0.4,12.3,16.8,,-0.2,0.7,0.4,.033,,-4.1,0.8,-3.3,-0.2,2008
177,Udonis Haslem,PF,27,MIA,49,1805,12.7,.517,.000,.280,7.0,22.7,14.7,6.5,1.1,0.8,10.5,16.7,,1.0,1.5,2.5,.067,,-1.8,-0.9,-2.7,-0.3,2008
178,Trenton Hassell,SG,28,TOT,63,773,4.2,.441,.067,.074,3.0,9.3,6.2,7.9,0.9,0.3,13.6,9.7,,-0.2,0.5,0.2,.015,,-5.0,-0.2,-5.1,-0.6,2008
179,Spencer Hawes,C,19,SAC,71,931,11.6,.486,.066,.182,8.8,20.1,14.6,7.7,0.8,3.3,14.0,19.2,,-0.2,0.8,0.6,.033,,-3.2,-0.9,-4.1,-0.5,2008
180,Chuck Hayes,PF,24,HOU,79,1575,11.2,.512,.014,.109,9.6,20.8,15.3,8.4,2.9,2.0,21.1,8.5,,0.8,3.7,4.4,.136,,-3.2,4.1,0.8,1.1,2008
181,Jarvis Hayes,SF,26,DET,82,1287,13.0,.520,.385,.119,3.2,13.3,8.3,8.1,2.0,0.4,8.1,21.1,,1.0,1.9,2.9,.108,,-1.0,0.4,-0.6,0.5,2008
182,Brendan Haywood,C,28,WAS,80,2228,18.3,.582,.000,.491,14.0,16.4,15.2,5.2,0.7,5.0,12.9,17.3,,4.9,1.9,6.8,.146,,0.6,-0.8,-0.2,1.0,2008
183,Luther Head,SG,25,HOU,73,1379,13.6,.543,.472,.170,1.5,9.4,5.5,16.4,1.7,0.5,12.0,19.3,,1.5,2.0,3.5,.121,,-0.1,0.9,0.8,1.0,2008
184,Walter Herrmann,PF,28,TOT,45,373,13.2,.494,.444,.174,6.9,16.1,11.5,8.0,1.0,0.2,7.2,20.8,,0.3,0.4,0.7,.086,,0.7,-1.0,-0.3,0.2,2008
186,Grant Hill*,SF,35,PHO,70,2222,15.7,.576,.146,.275,4.1,13.1,9.0,13.1,1.5,1.6,10.7,18.0,,3.8,2.1,5.9,.127,,0.9,0.5,1.4,1.9,2008
187,Kirk Hinrich,PG,27,CHI,75,2380,13.1,.501,.301,.178,1.3,10.6,5.8,30.9,1.9,0.6,15.4,18.9,,1.5,2.1,3.6,.072,,-0.9,0.2,-0.8,0.7,2008
188,Ryan Hollins,PF,23,CHA,60,532,11.4,.565,.000,.872,11.4,11.7,11.6,4.0,1.0,4.3,16.1,13.3,,0.6,0.4,1.1,.096,,-3.9,0.1,-3.8,-0.2,2008
189,Al Horford,C,21,ATL,81,2540,14.7,.539,.007,.317,11.4,24.5,18.0,7.9,1.2,2.2,15.3,16.0,,2.4,3.0,5.5,.103,,-1.2,-0.3,-1.6,0.3,2008
190,Robert Horry,PF,37,SAS,45,583,9.6,.426,.588,.235,7.2,14.8,11.0,11.9,1.9,2.5,14.3,12.6,,-0.1,1.1,1.1,.088,,-2.2,2.7,0.4,0.4,2008
191,Eddie House,PG,29,BOS,78,1480,13.0,.534,.561,.068,1.6,11.2,6.7,16.9,2.1,0.6,12.2,19.6,,1.1,2.8,3.9,.127,,0.4,1.4,1.8,1.4,2008
192,Dwight Howard,C,22,ORL,82,3088,22.9,.619,.004,.921,10.9,31.6,21.7,6.1,1.2,4.2,16.1,24.2,,6.4,6.4,12.9,.200,,1.6,1.2,2.8,3.7,2008
193,Josh Howard,SF,27,DAL,76,2757,18.3,.534,.168,.308,5.2,16.7,11.2,10.6,1.1,0.9,7.5,25.9,,4.8,3.2,8.0,.140,,1.8,-0.6,1.2,2.2,2008
194,Juwan Howard,PF,34,DAL,50,353,4.1,.406,.000,.219,7.1,19.0,13.3,6.9,0.8,0.4,19.5,11.5,,-0.3,0.4,0.1,.016,,-6.2,0.0,-6.2,-0.4,2008
196,Larry Hughes,PG-SG,29,TOT,68,2020,11.9,.468,.242,.235,2.1,11.1,6.5,15.1,2.6,0.7,11.6,22.2,,-0.5,2.3,1.8,.042,,-2.3,0.0,-2.3,-0.1,2008
197,Kris Humphries,PF,22,TOR,70,925,15.7,.512,.006,.372,11.4,21.8,16.6,4.9,1.4,2.5,10.8,22.1,,0.6,1.3,1.8,.096,,-1.6,-0.7,-2.3,-0.1,2008
200,Andre Iguodala,SF,24,PHI,82,3242,19.0,.543,.240,.396,3.1,13.4,8.2,20.3,2.8,1.2,12.5,23.8,,5.3,4.4,9.6,.143,,2.5,1.5,4.0,4.9,2008
201,Zydrunas Ilgauskas,C,32,CLE,73,2222,18.7,.522,.001,.276,13.1,22.2,17.5,8.5,0.8,4.3,12.0,22.9,,2.9,3.2,6.1,.131,,-0.1,-0.3,-0.4,0.9,2008
202,D.J. Mbenga,C,27,TOT,42,326,9.4,.465,.000,.143,9.4,14.7,12.1,4.3,1.1,5.8,11.8,13.5,,0.0,0.4,0.4,.066,,-5.7,0.4,-5.3,-0.3,2008
203,Allen Iverson*,SG,32,DEN,82,3424,20.9,.567,.177,.512,1.5,6.1,3.8,27.4,2.2,0.2,11.4,26.7,,8.9,2.8,11.6,.163,,3.4,-0.7,2.7,4.0,2008
204,Royal Ivey,PG,26,MIL,75,1437,8.8,.487,.283,.310,3.0,6.8,4.8,16.9,1.6,0.4,14.9,15.8,,0.4,0.2,0.5,.018,,-3.3,-1.1,-4.4,-0.9,2008
205,Jarrett Jack,SG,24,POR,82,2229,13.0,.558,.306,.400,1.6,10.7,6.2,22.7,1.5,0.0,19.6,19.3,,1.6,1.5,3.2,.069,,-0.8,-0.4,-1.2,0.5,2008
206,Bobby Jackson,SG-PG,34,TOT,72,1389,13.5,.510,.447,.160,2.7,12.4,7.5,15.9,1.7,0.3,9.8,20.0,,1.3,1.7,3.0,.105,,0.0,0.6,0.6,0.9,2008
208,Stephen Jackson,SF,29,GSW,73,2855,14.9,.536,.416,.307,2.4,9.8,6.0,15.2,1.6,0.7,12.6,23.1,,3.2,1.4,4.6,.077,,1.1,-1.2,-0.2,1.3,2008
209,Casey Jacobsen,SG,26,MEM,53,547,4.5,.437,.626,.148,2.4,11.0,6.7,5.2,0.5,0.1,11.6,11.3,,-0.3,0.0,-0.3,-0.023,,-4.0,-1.6,-5.6,-0.5,2008
211,LeBron James,SF,23,CLE,75,3027,29.1,.568,.219,.470,4.9,17.8,11.1,37.3,2.4,2.1,11.4,33.5,,10.7,4.6,15.2,.242,,8.2,2.6,10.9,9.8,2008
212,Mike James,PG,32,TOT,54,720,8.6,.437,.334,.166,2.2,8.7,5.5,13.4,1.6,0.2,10.4,22.1,,-0.5,0.9,0.3,.023,,-3.4,-0.4,-3.8,-0.3,2008
213,Antawn Jamison,PF,31,WAS,79,3061,20.3,.525,.250,.309,8.0,23.3,15.4,7.2,1.9,0.9,6.6,25.9,,6.0,3.2,9.2,.144,,3.1,-1.3,1.7,2.9,2008
214,Marko Jarić,SG,29,MIN,75,2189,12.1,.518,.241,.309,2.0,10.1,5.9,21.0,2.3,1.2,17.6,15.0,,1.1,1.3,2.4,.053,,-1.5,0.6,-0.9,0.6,2008
215,Al Jefferson,C,23,MIN,82,2919,22.7,.535,.003,.273,11.9,24.7,18.1,7.5,1.3,3.2,9.4,27.5,,4.8,2.9,7.7,.127,,2.8,-1.2,1.6,2.6,2008
216,Richard Jefferson,SF,27,NJN,82,3200,17.4,.571,.160,.511,3.4,9.0,6.2,15.0,1.2,0.5,10.9,26.1,,6.1,1.5,7.6,.114,,1.6,-1.3,0.3,1.8,2008
217,Jared Jeffries,SF,26,NYK,73,1325,7.9,.433,.093,.344,9.8,11.1,10.4,7.5,1.4,1.3,17.1,12.7,,-0.5,0.6,0.1,.002,,-3.4,-0.7,-4.1,-0.7,2008
218,Yi Jianlian,PF,20,MIL,66,1647,11.3,.485,.040,.279,7.3,17.7,12.3,5.3,1.1,2.7,13.4,18.4,,-0.1,0.9,0.7,.022,,-2.9,-1.1,-3.9,-0.8,2008
219,Alexander Johnson,PF,24,MIA,43,549,8.9,.554,.000,.664,6.9,13.7,10.3,4.0,1.3,1.5,20.6,17.6,,-0.1,0.4,0.2,.019,,-5.2,-1.0,-6.2,-0.6,2008
220,Amir Johnson,PF,20,DET,62,764,17.5,.584,.000,.333,13.5,23.2,18.4,5.9,1.7,8.5,17.1,14.1,,1.1,1.9,3.0,.190,,-2.4,3.7,1.3,0.6,2008
221,Anthony Johnson,PG,33,TOT,69,1531,11.2,.517,.262,.121,1.7,8.7,5.2,26.3,1.8,0.4,18.3,13.5,,1.1,0.9,2.0,.061,,-1.5,-0.2,-1.6,0.1,2008
223,Joe Johnson,SG,26,ATL,82,3343,17.3,.535,.297,.253,2.9,9.9,6.4,25.5,1.3,0.4,11.8,25.6,,5.3,1.7,7.0,.100,,2.7,-1.5,1.2,2.7,2008
225,Bobby Jones,SF,24,TOT,47,531,9.9,.548,.379,.364,6.2,13.3,9.8,7.9,1.4,0.4,14.7,15.9,,0.4,0.4,0.8,.070,,-3.3,-0.4,-3.7,-0.2,2008
227,Damon Jones,SG,31,CLE,67,1336,11.3,.582,.760,.077,0.4,5.9,3.1,15.1,0.8,0.1,8.8,14.0,,2.4,0.7,3.0,.108,,0.6,-1.1,-0.4,0.5,2008
228,Dwayne Jones,PF,24,CLE,56,472,11.1,.538,.021,1.234,16.2,17.7,16.9,3.1,1.1,4.2,19.0,8.6,,0.5,0.7,1.2,.121,,-3.7,0.1,-3.6,-0.2,2008
229,Eddie Jones,SG,36,DAL,47,922,7.6,.473,.644,.078,2.3,13.8,8.3,10.8,1.5,0.6,13.5,10.9,,0.1,1.0,1.1,.058,,-2.3,1.3,-1.0,0.2,2008
230,Fred Jones,SG,28,NYK,70,1757,10.9,.546,.444,.292,1.9,9.4,5.5,14.7,1.4,0.8,13.8,14.4,,1.7,0.6,2.2,.061,,-1.2,-0.2,-1.3,0.3,2008
231,James Jones,SF,27,POR,58,1276,13.6,.625,.627,.300,4.0,10.8,7.4,4.3,1.0,0.9,7.0,14.8,,2.9,0.8,3.7,.139,,1.4,-0.2,1.3,1.1,2008
233,Chris Kaman,C,25,LAC,56,2083,17.5,.538,.006,.379,9.5,30.0,19.7,9.3,0.8,5.6,16.7,21.7,,0.4,3.2,3.6,.083,,-0.9,1.2,0.3,1.2,2008
234,Jason Kapono,SF,26,TOR,81,1530,10.8,.561,.237,.086,2.4,6.9,4.6,6.7,1.2,0.1,10.1,17.7,,1.0,0.9,1.9,.060,,-1.9,-0.7,-2.7,-0.3,2008
237,Jason Kidd*,PG,34,TOT,80,2906,16.7,.499,.393,.208,3.8,20.0,12.0,44.0,2.5,0.7,23.5,17.9,,2.0,3.8,5.9,.097,,1.6,1.3,3.0,3.6,2008
239,Andrei Kirilenko,SF,26,UTA,72,2217,17.2,.603,.213,.472,6.7,11.9,9.3,18.2,2.0,4.0,17.6,16.1,,4.3,2.8,7.1,.154,,3.1,2.0,5.2,4.0,2008
240,Linas Kleiza,SF,23,DEN,79,1889,14.4,.585,.420,.323,5.4,13.5,9.5,7.5,1.1,0.7,10.6,18.9,,3.1,1.6,4.7,.119,,0.2,-1.1,-0.9,0.5,2008
241,Brevin Knight,PG,32,LAC,74,1674,11.4,.453,.018,.208,1.0,8.8,4.9,31.1,3.1,0.5,16.0,12.2,,0.5,1.6,2.1,.060,,-3.3,1.6,-1.7,0.1,2008
242,Kyle Korver,SG-PF,26,TOT,75,1732,12.8,.585,.515,.226,1.5,10.5,6.0,8.8,1.3,1.4,10.6,18.3,,2.7,1.5,4.2,.116,,0.4,-0.1,0.3,1.0,2008
243,Nenad Krstić,C,24,NJN,45,812,8.5,.451,.007,.230,5.0,23.6,14.3,5.8,0.6,1.6,11.0,20.9,,-0.9,0.7,-0.1,-0.007,,-5.4,-1.3,-6.7,-1.0,2008
245,Carl Landry,PF,24,HOU,42,711,21.4,.641,.005,.498,15.5,17.3,16.4,5.2,1.3,0.7,8.9,18.8,,2.5,1.2,3.7,.251,,1.6,-0.1,1.5,0.6,2008
248,Acie Law,PG,23,ATL,56,865,7.7,.455,.143,.203,1.6,6.0,3.8,20.4,1.8,0.0,17.8,16.5,,-0.5,0.4,-0.1,-0.007,,-4.2,-1.0,-5.2,-0.7,2008
249,David Lee,PF,24,NYK,81,2356,18.0,.606,.003,.383,11.3,24.1,17.5,6.7,1.2,1.0,11.8,15.6,,5.6,1.8,7.4,.151,,1.1,-0.7,0.4,1.4,2008
250,Rashard Lewis,PF,28,ORL,81,3076,16.7,.591,.487,.229,3.8,12.2,8.2,10.5,1.7,0.9,10.1,20.7,,6.1,3.7,9.8,.153,,2.7,0.4,3.1,4.0,2008
251,Kyle Lowry,PG,21,MEM,82,2089,14.3,.531,.236,.588,2.2,11.3,6.7,21.8,2.2,0.8,14.6,18.6,,2.1,1.3,3.4,.078,,-1.2,0.3,-0.9,0.6,2008
252,Tyronn Lue,PG,30,TOT,50,736,11.9,.543,.340,.126,1.4,7.0,4.3,16.8,0.8,0.1,9.2,18.2,,1.0,0.3,1.2,.080,,-0.2,-1.2,-1.4,0.1,2008
254,Corey Maggette,SF,28,LAC,70,2502,19.3,.595,.203,.681,3.6,14.7,9.1,14.3,1.5,0.2,13.0,27.6,,5.1,1.8,6.9,.133,,2.6,-0.7,1.9,2.4,2008
258,Shawn Marion,PF,29,TOT,63,2315,19.2,.570,.252,.191,7.1,23.9,16.0,9.4,2.7,2.5,9.2,18.5,,3.5,3.9,7.4,.153,,1.7,1.6,3.3,3.1,2008
262,Kenyon Martin,PF,30,DEN,71,2159,14.7,.553,.016,.303,5.4,17.5,11.6,6.3,2.0,2.8,10.3,17.4,,2.0,3.0,5.0,.111,,-1.6,0.8,-0.8,0.6,2008
263,Kevin Martin,SG,24,SAC,61,2216,21.0,.618,.291,.632,2.6,11.8,7.3,10.1,1.4,0.2,10.1,26.2,,7.4,1.1,8.4,.183,,3.8,-1.4,2.4,2.4,2008
264,Desmond Mason,SF,30,MIL,59,1702,12.3,.519,.000,.363,5.0,13.1,8.8,11.3,1.2,1.4,13.0,16.8,,1.0,0.5,1.5,.041,,-1.2,-0.9,-2.1,0.0,2008
265,Roger Mason,PG,27,WAS,80,1708,13.8,.573,.545,.118,1.1,8.0,4.5,13.2,1.3,0.9,9.9,18.9,,2.8,0.6,3.4,.096,,1.2,-1.2,0.0,0.9,2008
266,Jason Maxiell,C,24,DET,82,1768,16.7,.576,.002,.605,11.9,17.4,14.6,4.2,0.7,4.2,11.2,17.0,,3.4,2.9,6.3,.171,,-0.3,0.2,-0.1,0.8,2008
267,Rashad McCants,SG,23,MIN,75,2020,14.6,.550,.370,.164,2.8,9.2,5.9,14.1,1.7,0.7,14.5,26.4,,0.9,0.8,1.7,.040,,0.7,-1.5,-0.8,0.6,2008
269,Antonio McDyess,PF,33,DET,78,2285,14.1,.511,.003,.260,10.6,24.3,17.4,6.2,1.5,1.8,10.1,15.3,,2.4,4.3,6.7,.141,,-1.1,0.7,-0.5,0.9,2008
270,Tracy McGrady*,SG,28,HOU,66,2440,18.4,.487,.226,.274,2.0,13.5,7.8,29.6,1.5,0.9,9.8,30.4,,2.0,3.8,5.8,.115,,2.4,0.5,2.9,3.1,2008
271,Dominic McGuire,SG,22,WAS,70,695,6.6,.397,.058,.311,8.7,14.9,11.7,8.3,1.5,3.1,25.5,10.4,,-0.6,0.6,0.0,-0.003,,-4.4,0.1,-4.3,-0.4,2008
272,Jeff McInnis,PG,33,CHA,54,1410,6.5,.461,.076,.120,1.3,6.6,3.9,23.4,0.9,0.2,22.5,11.0,,-0.2,0.3,0.1,.002,,-4.3,-1.1,-5.4,-1.2,2008
275,C.J. Miles,SG,20,UTA,60,689,14.2,.574,.326,.220,2.9,10.9,6.9,11.5,2.4,0.9,9.4,18.6,,1.1,0.8,1.9,.134,,-0.1,0.7,0.6,0.5,2008
276,Darko Miličić,C,22,MEM,70,1663,11.0,.456,.002,.242,8.5,20.2,14.3,5.4,1.0,5.0,15.4,17.5,,-1.4,1.6,0.2,.006,,-4.0,0.2,-3.8,-0.8,2008
277,Andre Miller,PG,31,PHI,82,3016,18.4,.537,.029,.288,3.7,9.1,6.4,32.0,1.8,0.2,13.7,22.6,,5.7,2.6,8.3,.131,,2.1,-0.3,1.8,2.9,2008
278,Brad Miller,C,31,SAC,72,2513,16.8,.558,.124,.424,8.0,23.7,16.0,16.6,1.4,2.3,16.0,18.3,,3.8,2.7,6.5,.125,,0.9,0.8,1.7,2.3,2008
279,Mike Miller,SG,27,MEM,70,2474,16.1,.625,.436,.257,2.3,19.0,10.6,16.0,0.7,0.5,16.6,19.8,,3.9,1.1,5.0,.098,,2.2,-1.1,1.1,2.0,2008
280,Paul Millsap,PF,22,UTA,82,1702,16.1,.548,.008,.456,12.1,20.8,16.5,7.0,2.2,3.5,12.6,18.1,,2.5,2.7,5.2,.148,,-0.9,0.8,-0.2,0.8,2008
281,Yao Ming*,C,27,HOU,55,2044,22.5,.587,.002,.477,9.6,22.9,16.4,11.5,0.6,4.0,15.1,27.1,,4.2,4.1,8.3,.196,,1.8,1.6,3.4,2.8,2008
282,Cuttino Mobley,SG,32,LAC,77,2702,11.5,.514,.221,.229,2.1,9.7,5.9,13.1,1.5,0.9,11.4,18.5,,0.4,1.7,2.1,.037,,-1.7,-0.6,-2.3,-0.2,2008
283,Nazr Mohammed,C,30,TOT,82,1650,15.8,.533,.002,.309,13.5,21.1,17.3,7.6,1.4,2.8,14.4,19.5,,1.3,2.0,3.4,.098,,-1.8,-0.5,-2.3,-0.1,2008
284,Jamario Moon,SF,27,TOR,78,2166,15.0,.540,.212,.148,5.0,21.6,13.2,6.2,2.0,4.0,7.7,14.4,,2.1,3.6,5.7,.126,,0.0,1.9,1.9,2.2,2008
285,Mikki Moore,PF,32,SAC,82,2385,11.5,.613,.004,.372,8.1,16.2,12.2,5.4,0.7,1.5,16.2,12.7,,3.2,1.4,4.6,.092,,-1.8,-0.6,-2.4,-0.3,2008
288,Troy Murphy,PF,27,IND,75,2106,16.0,.573,.341,.348,5.5,22.9,14.0,12.3,1.1,1.1,10.7,18.4,,3.7,2.5,6.2,.141,,0.9,0.2,1.2,1.7,2008
289,Ronald Murray,PG,28,TOT,42,874,13.2,.483,.172,.267,3.0,7.9,5.4,27.5,2.2,0.3,17.0,25.3,,-0.5,0.9,0.4,.024,,-1.5,-1.2,-2.7,-0.1,2008
291,Boštjan Nachbar,PF,27,NJN,75,1660,12.4,.531,.430,.322,3.9,14.3,9.1,9.3,1.4,1.0,10.9,21.5,,1.0,1.2,2.2,.064,,-0.8,-1.0,-1.8,0.1,2008
292,Eduardo Nájera,PF,31,DEN,78,1664,12.1,.570,.399,.242,7.5,14.3,11.0,7.8,2.0,1.7,12.7,11.9,,2.1,2.0,4.1,.118,,-0.8,1.0,0.2,0.9,2008
293,Steve Nash*,PG,33,PHO,81,2780,21.1,.641,.396,.255,1.2,9.6,5.7,47.3,0.9,0.1,21.6,22.0,,9.0,1.4,10.5,.181,,5.8,-1.8,3.9,4.2,2008
294,Juan Carlos Navarro,SG,27,MEM,82,2117,11.9,.540,.564,.191,1.8,9.4,5.6,13.3,1.1,0.0,13.9,20.2,,1.0,0.4,1.4,.031,,-0.3,-2.0,-2.3,-0.2,2008
295,Jameer Nelson,PG,25,ORL,69,1961,15.5,.564,.255,.250,1.7,12.1,7.1,31.1,1.7,0.1,17.4,19.0,,3.4,2.2,5.6,.136,,0.7,0.5,1.2,1.6,2008
296,Rasho Nesterović,C,31,TOR,71,1486,16.1,.565,.006,.105,10.3,17.0,13.6,8.9,0.7,2.8,10.9,17.4,,2.3,1.6,3.9,.125,,0.0,-0.1,0.0,0.7,2008
297,Ira Newble,SG-SF,33,TOT,49,698,9.7,.507,.282,.149,7.5,13.1,10.2,4.0,2.1,0.9,15.5,14.2,,0.1,0.8,0.9,.061,,-2.9,-0.1,-3.0,-0.2,2008
299,Joakim Noah,C,22,CHI,74,1534,15.5,.539,.003,.529,12.4,18.4,15.3,8.6,2.3,3.3,16.4,15.6,,1.5,2.3,3.8,.120,,-1.2,1.0,-0.2,0.7,2008
300,Andrés Nocioni,SF,28,CHI,82,2021,13.6,.549,.395,.277,2.6,17.0,9.5,8.3,0.6,1.7,11.9,24.5,,1.5,1.8,3.3,.077,,-0.2,-0.7,-0.8,0.6,2008
302,Dirk Nowitzki,PF,29,DAL,77,2769,24.6,.585,.167,.414,4.1,22.8,13.8,17.8,1.0,1.9,9.3,28.8,,8.9,4.0,12.9,.223,,5.6,1.0,6.6,6.0,2008
304,Jermaine O'Neal,C,29,IND,42,1206,14.4,.489,.010,.318,7.3,18.5,12.8,12.9,0.8,5.4,15.4,24.8,,-0.7,1.6,0.9,.035,,-2.7,0.9,-1.8,0.1,2008
305,Shaquille O'Neal*,C,35,TOT,61,1748,17.1,.589,.000,.606,11.4,24.8,18.4,9.1,0.9,3.7,20.4,23.5,,0.6,2.3,2.8,.078,,-1.2,0.2,-1.1,0.4,2008
306,Fabricio Oberto,C,32,SAS,82,1644,13.8,.615,.003,.206,11.1,19.6,15.4,9.1,1.2,0.9,13.6,10.9,,3.2,2.9,6.1,.178,,-1.2,1.7,0.4,1.0,2008
307,Lamar Odom,PF,28,LAL,77,2921,16.9,.582,.142,.413,7.8,22.7,15.6,13.8,1.3,1.8,14.2,16.5,,5.3,4.3,9.7,.159,,1.3,1.0,2.3,3.2,2008
308,Emeka Okafor,C,25,CHA,82,2718,17.4,.553,.000,.435,10.7,26.4,18.5,4.5,1.2,3.9,13.8,20.0,,2.2,3.6,5.8,.103,,-0.7,-0.4,-1.1,0.6,2008
309,Mehmet Okur,C,28,UTA,72,2390,15.2,.556,.350,.273,6.8,21.5,14.2,9.0,1.2,1.0,9.9,19.6,,4.0,2.7,6.7,.134,,1.3,-0.5,0.8,1.7,2008
312,Travis Outlaw,PF,23,POR,82,2186,15.7,.499,.105,.305,5.2,15.0,10.1,8.9,1.5,2.2,8.9,26.0,,0.9,2.3,3.2,.071,,-0.2,-0.1,-0.3,1.0,2008
314,Zaza Pachulia,C,23,ATL,62,944,11.0,.515,.012,.624,11.0,19.5,15.3,6.0,1.3,1.0,18.1,18.3,,0.2,0.9,1.1,.054,,-3.9,-1.3,-5.1,-0.7,2008
315,Jannero Pargo,SG,28,NOH,80,1497,11.9,.468,.285,.124,2.0,8.3,5.1,20.4,1.8,0.3,11.9,24.2,,-0.3,1.4,1.1,.037,,-1.8,-0.9,-2.7,-0.3,2008
316,Anthony Parker,SG,32,TOR,82,2634,14.4,.580,.367,.151,2.2,12.9,7.5,10.8,1.6,0.5,9.0,17.4,,3.8,2.5,6.2,.113,,0.6,0.2,0.9,1.9,2008
318,Tony Parker,PG,25,SAS,69,2312,20.0,.542,.063,.333,1.6,9.6,5.6,34.1,1.3,0.3,12.1,28.2,,3.9,3.2,7.0,.146,,2.5,-0.1,2.4,2.6,2008
320,Chris Paul,PG,22,NOH,80,3006,28.3,.576,.193,.302,2.4,10.3,6.2,52.2,3.9,0.1,12.1,25.7,,13.2,4.6,17.8,.284,,7.2,3.2,10.4,9.3,2008
321,Sasha Pavlović,SG,24,CLE,51,1188,7.2,.434,.283,.191,3.3,9.2,6.1,11.2,1.3,0.4,11.2,18.8,,-0.8,0.9,0.2,.006,,-4.2,-0.7,-4.9,-0.9,2008
323,Kendrick Perkins,C,23,BOS,78,1912,13.3,.632,.003,.526,9.6,19.3,14.8,6.8,0.9,4.9,22.6,13.5,,1.9,4.3,6.2,.156,,-1.9,2.4,0.5,1.2,2008
325,Morris Peterson,SG,30,NOH,76,1796,11.2,.549,.556,.165,2.3,11.3,6.7,5.5,1.4,0.3,6.9,15.4,,2.1,1.7,3.8,.101,,-0.5,0.1,-0.3,0.8,2008
326,Johan Petro,C,22,SEA,72,1310,10.0,.453,.002,.198,8.2,22.6,15.4,3.8,1.3,2.3,13.3,18.2,,-1.1,1.5,0.4,.014,,-4.8,-0.3,-5.1,-1.0,2008
328,Paul Pierce*,SF,30,BOS,80,2874,19.6,.599,.332,.442,2.3,14.0,8.5,21.8,1.9,1.0,14.4,24.8,,6.7,5.7,12.4,.207,,3.3,1.4,4.8,5.0,2008
329,Mickaël Piétrus,SF,25,GSW,66,1316,12.7,.549,.473,.253,5.2,14.8,9.8,5.1,2.4,2.4,10.0,15.3,,1.4,1.4,2.8,.104,,-1.1,0.9,-0.2,0.6,2008
331,James Posey,PF,31,BOS,74,1821,12.0,.587,.674,.278,2.1,18.0,10.5,9.5,2.1,0.9,12.3,13.5,,2.2,4.0,6.2,.164,,0.0,2.5,2.5,2.1,2008
332,Leon Powe,C,24,BOS,56,809,20.9,.629,.004,.717,14.9,18.3,16.7,3.3,1.0,1.6,10.8,22.8,,2.7,1.6,4.3,.256,,1.0,-0.7,0.2,0.5,2008
333,Josh Powell,C,25,LAC,64,1228,10.7,.500,.010,.276,10.7,20.4,15.6,6.4,0.6,1.4,15.5,15.7,,0.1,1.0,1.1,.042,,-3.1,-1.7,-4.9,-0.9,2008
335,Ronnie Price,PG,24,UTA,61,588,12.3,.516,.368,.186,1.7,7.8,4.8,19.4,2.8,0.4,12.0,19.1,,0.5,0.6,1.1,.094,,-1.8,1.1,-0.7,0.2,2008
336,Tayshaun Prince,SF,27,DET,82,2694,15.6,.516,.155,.256,4.8,12.9,8.8,16.5,0.9,1.0,8.0,19.9,,4.3,3.2,7.5,.133,,1.7,-0.1,1.6,2.5,2008
338,Joel Przybilla,C,28,POR,77,1819,12.3,.611,.004,.488,12.7,29.3,21.0,2.3,0.4,4.0,23.8,10.4,,1.6,2.7,4.3,.113,,-2.6,0.9,-1.7,0.1,2008
339,Chris Quinn,PG,24,MIA,60,1340,13.8,.559,.426,.263,1.0,9.7,5.3,22.5,1.8,0.2,11.7,16.6,,1.9,0.7,2.6,.092,,-0.2,-0.3,-0.5,0.5,2008
340,Vladimir Radmanović,SF,27,LAL,65,1483,12.6,.583,.535,.149,4.4,11.4,8.0,12.1,1.6,0.6,13.6,16.0,,2.0,1.5,3.5,.113,,0.4,-0.2,0.2,0.8,2008
342,Zach Randolph,C,26,NYK,69,2244,18.0,.513,.076,.273,9.1,27.6,18.0,11.8,1.4,0.6,13.6,27.4,,0.9,2.0,3.0,.063,,0.5,-1.1,-0.6,0.8,2008
344,Michael Redd,SG,28,MIL,72,2702,18.8,.559,.289,.394,3.5,10.2,6.7,16.4,1.3,0.4,11.0,27.3,,5.6,0.2,5.8,.104,,3.5,-2.1,1.5,2.4,2008
346,Chris Richard,C,23,MIN,52,556,7.9,.496,.000,.310,10.5,17.9,14.1,4.6,0.9,1.7,19.5,10.0,,0.1,0.3,0.4,.037,,-4.6,-1.1,-5.7,-0.5,2008
347,Jason Richardson,SF,27,CHA,82,3149,18.4,.554,.408,.225,2.9,13.3,8.0,15.2,1.9,1.4,9.3,25.9,,4.8,2.6,7.4,.113,,3.3,-0.3,3.0,4.0,2008
349,Quentin Richardson,SF,27,NYK,65,1841,8.5,.444,.386,.159,3.4,16.5,9.7,9.9,1.3,0.6,10.4,16.1,,-0.6,0.9,0.3,.008,,-2.3,-0.5,-2.8,-0.4,2008
350,Luke Ridnour,PG,26,SEA,61,1223,11.3,.482,.193,.247,1.2,7.2,4.2,29.5,1.5,0.8,16.4,17.3,,0.3,0.6,0.9,.035,,-2.4,-0.7,-3.1,-0.4,2008
351,Nate Robinson,PG,23,NYK,72,1883,15.3,.526,.373,.251,3.0,10.7,6.7,19.7,1.7,0.0,10.6,23.1,,2.5,0.7,3.2,.082,,0.8,-0.8,0.0,1.0,2008
352,Sergio Rodríguez,PG,21,POR,72,628,9.0,.423,.296,.194,2.4,8.4,5.4,31.2,2.1,0.0,19.9,20.0,,-0.7,0.5,-0.2,-0.017,,-3.1,-0.5,-3.7,-0.3,2008
353,Rajon Rondo,PG,21,BOS,77,2306,15.6,.515,.027,.245,4.3,11.9,8.3,28.2,3.0,0.5,15.7,18.9,,2.3,4.9,7.2,.150,,-0.4,2.6,2.1,2.4,2008
354,Malik Rose,PF,33,NYK,49,494,7.3,.422,.039,.283,6.9,17.1,11.9,9.3,1.7,1.1,16.5,22.0,,-0.9,0.4,-0.5,-0.052,,-6.3,-1.2,-7.5,-0.7,2008
355,Quinton Ross,SG,26,LAC,76,1505,7.6,.430,.063,.179,4.1,9.1,6.6,9.4,1.5,1.6,7.4,12.0,,-0.3,1.0,0.7,.022,,-3.6,0.5,-3.2,-0.4,2008
356,Brandon Roy,SG,23,POR,74,2792,19.4,.531,.184,.319,3.4,11.2,7.3,28.2,1.5,0.4,9.3,24.9,,5.9,2.1,8.0,.138,,3.2,0.1,3.3,3.6,2008
357,Michael Ruffin,C,31,MIL,46,632,12.1,.507,.000,1.016,16.1,18.6,17.3,5.3,2.6,2.4,17.5,7.7,,0.7,0.6,1.2,.095,,-2.0,0.3,-1.8,0.0,2008
358,Kareem Rush,SG,27,IND,71,1504,10.0,.500,.460,.074,1.3,11.0,6.1,9.3,1.4,1.0,9.5,18.7,,-0.2,1.2,1.0,.033,,-1.6,-0.7,-2.3,-0.1,2008
359,John Salmons,SG,28,SAC,81,2517,13.9,.556,.150,.325,3.6,12.6,8.2,13.4,1.9,1.0,15.7,19.2,,2.0,1.7,3.7,.071,,-0.3,-0.3,-0.6,0.9,2008
361,Brian Scalabrine,PF,29,BOS,48,512,5.1,.428,.489,.213,5.4,12.5,9.2,11.2,0.9,1.3,20.2,11.7,,-0.3,0.9,0.6,.057,,-3.8,1.0,-2.8,-0.1,2008
362,Luis Scola,PF,27,HOU,82,2024,16.1,.548,.004,.351,9.9,19.3,14.6,8.9,1.6,0.7,12.0,19.8,,2.8,3.7,6.5,.154,,-1.0,1.0,0.0,1.0,2008
363,Thabo Sefolosha,SG,23,CHI,69,1436,11.4,.497,.209,.247,3.8,16.7,10.0,14.3,2.2,1.6,16.6,17.3,,-0.3,1.8,1.5,.050,,-2.3,1.2,-1.0,0.4,2008
366,Bobby Simmons,SF,27,MIL,70,1521,10.3,.504,.345,.141,5.0,12.8,8.7,8.4,1.7,0.3,12.9,17.9,,0.2,0.5,0.7,.022,,-1.9,-1.2,-3.2,-0.4,2008
369,Brian Skinner,C,31,PHO,66,844,11.4,.485,.015,.318,9.2,21.7,15.9,2.4,1.2,6.0,14.7,14.0,,-0.2,1.4,1.2,.069,,-4.1,1.1,-3.0,-0.2,2008
370,Craig Smith,PF,24,MIN,77,1547,16.7,.590,.017,.379,8.9,17.8,13.2,6.6,1.2,0.9,12.6,20.6,,2.7,0.9,3.5,.109,,-0.3,-1.0,-1.3,0.3,2008
371,J.R. Smith,SG,22,DEN,74,1421,18.1,.603,.579,.264,3.3,8.1,5.8,14.7,2.1,0.6,13.0,25.8,,2.5,1.3,3.7,.126,,3.4,-0.8,2.6,1.6,2008
372,Jason Smith,PF,21,PHI,76,1107,10.7,.491,.045,.265,8.2,16.6,12.3,2.8,1.1,3.6,12.2,16.1,,0.2,1.4,1.5,.067,,-3.6,0.1,-3.5,-0.4,2008
373,Joe Smith,PF,32,TOT,77,1726,16.1,.524,.005,.312,10.3,16.1,13.1,6.7,1.0,2.1,8.7,21.0,,2.4,1.8,4.1,.115,,-0.5,-0.6,-1.1,0.4,2008
374,Josh Smith,PF,22,ATL,81,2873,19.0,.520,.087,.414,6.6,20.4,13.5,16.6,2.3,5.9,15.5,25.0,,1.2,4.6,5.8,.097,,0.5,2.5,3.0,3.7,2008
377,Darius Songaila,C,29,WAS,80,1554,11.8,.496,.004,.156,6.0,14.7,10.2,14.2,1.8,0.9,14.7,17.3,,0.6,1.2,1.7,.053,,-2.3,-0.3,-2.6,-0.2,2008
378,Jerry Stackhouse,SG,33,DAL,58,1412,13.3,.523,.350,.281,2.8,7.9,5.4,16.7,1.1,0.5,12.7,22.4,,1.2,1.1,2.3,.077,,0.3,-1.1,-0.8,0.4,2008
379,DeShawn Stevenson,SG,26,WAS,82,2564,12.6,.529,.529,.253,1.6,9.3,5.4,15.5,1.4,0.5,10.5,17.4,,3.2,0.9,4.1,.077,,0.9,-1.0,-0.2,1.2,2008
380,Peja Stojaković,SF,30,NOH,77,2711,15.7,.581,.511,.136,2.7,11.8,7.1,5.6,1.1,0.3,5.3,19.7,,5.8,2.4,8.1,.144,,2.5,-0.9,1.7,2.5,2008
382,Damon Stoudamire,PG,34,TOT,60,1037,8.9,.450,.442,.101,2.2,10.8,6.5,24.6,1.5,0.1,18.5,19.1,,-0.9,0.8,-0.1,-0.004,,-2.7,-1.0,-3.7,-0.4,2008
384,Amar'e Stoudemire,C,25,PHO,79,2677,27.6,.656,.026,.571,8.2,21.1,15.2,7.5,1.2,4.0,10.3,28.2,,10.9,3.8,14.6,.262,,4.2,0.6,4.8,4.6,2008
386,Rodney Stuckey,PG,21,DET,57,1081,13.8,.484,.042,.408,3.5,10.8,7.1,23.9,2.5,0.4,14.8,23.1,,0.4,1.6,2.0,.090,,-2.1,1.1,-1.1,0.3,2008
388,Stromile Swift,PF,28,TOT,56,844,14.8,.548,.008,.411,8.5,18.3,13.4,5.1,0.9,4.8,14.0,19.3,,0.6,0.8,1.4,.078,,-2.6,-0.2,-2.8,-0.2,2008
389,Wally Szczerbiak,SF,30,TOT,75,1736,13.9,.539,.302,.242,2.2,11.8,6.9,10.1,0.7,0.5,8.7,22.1,,2.0,0.9,2.9,.079,,0.7,-1.1,-0.5,0.7,2008
390,Sebastian Telfair,PG,22,MIN,60,1933,10.4,.462,.205,.189,0.9,7.4,4.0,27.7,1.6,0.5,15.6,16.6,,0.2,0.5,0.7,.018,,-2.2,-1.0,-3.1,-0.6,2008
391,Jason Terry,SG,30,DAL,82,2579,17.8,.574,.360,.221,1.4,7.7,4.7,17.5,1.8,0.5,7.7,21.7,,6.1,2.5,8.6,.160,,2.6,0.4,3.1,3.3,2008
394,Kurt Thomas,C-PF,35,TOT,70,1584,14.2,.514,.003,.202,9.2,26.4,17.8,6.5,1.8,2.6,9.6,13.5,,1.3,2.7,4.1,.123,,-1.7,1.9,0.1,0.9,2008
395,Tim Thomas,PF,30,LAC,63,1940,12.2,.505,.384,.217,3.7,15.6,9.6,15.7,1.1,1.1,11.3,20.7,,0.3,1.4,1.7,.042,,-0.9,-0.5,-1.4,0.3,2008
396,Tyrus Thomas,PF,21,CHI,74,1330,14.6,.486,.014,.395,8.4,21.1,14.5,11.0,1.9,4.2,13.0,19.7,,0.4,2.1,2.4,.088,,-2.2,1.6,-0.6,0.5,2008
397,Al Thornton,PF,24,LAC,79,2158,12.7,.504,.149,.331,5.2,14.0,9.6,8.4,1.1,1.5,11.4,24.1,,-0.5,1.6,1.1,.025,,-1.9,-1.5,-3.4,-0.8,2008
400,Ronny Turiaf,C,25,LAL,78,1458,15.0,.539,.003,.469,7.5,15.4,11.6,12.7,1.0,5.3,13.1,16.7,,2.0,2.1,4.2,.137,,-1.2,1.9,0.7,1.0,2008
401,Hedo Türkoğlu,SF,28,ORL,82,3026,17.8,.576,.340,.321,3.3,14.2,9.0,22.9,1.3,0.6,15.0,24.8,,5.6,3.5,9.0,.143,,2.6,0.1,2.7,3.6,2008
402,Ime Udoka,PF,30,SAS,73,1316,11.5,.528,.440,.155,3.3,17.0,10.2,7.7,2.3,1.0,12.6,16.7,,0.2,2.6,2.8,.102,,-2.0,2.2,0.2,0.7,2008
403,Beno Udrih,PG,25,SAC,65,2080,13.3,.540,.194,.208,2.0,10.2,6.2,22.2,1.4,0.4,16.1,19.8,,1.5,0.9,2.4,.056,,-0.2,-1.2,-1.4,0.3,2008
404,Anderson Varejão,C,25,CLE,48,1320,12.0,.485,.007,.278,11.2,23.6,17.2,6.3,1.5,1.6,15.1,13.4,,0.5,1.9,2.4,.086,,-2.7,0.1,-2.6,-0.2,2008
405,Jacque Vaughn,PG,32,SAS,74,1139,9.2,.481,.035,.283,1.4,6.2,3.8,21.9,1.1,0.1,14.5,15.6,,0.3,1.4,1.6,.069,,-3.9,0.4,-3.5,-0.4,2008
406,Charlie Villanueva,PF,23,MIL,76,1829,14.9,.502,.227,.193,8.9,21.5,15.0,7.5,0.9,1.5,10.8,24.4,,0.9,0.9,1.7,.045,,-0.4,-2.4,-2.8,-0.3,2008
408,Jake Voskuhl,C,30,MIL,44,386,8.7,.528,.000,.363,8.8,21.3,14.8,5.1,1.2,4.3,23.8,14.2,,-0.1,0.3,0.2,.025,,-6.3,0.4,-5.9,-0.4,2008
409,Sasha Vujačić,SG,23,LAL,72,1279,15.1,.605,.560,.189,1.7,11.3,6.7,8.7,1.4,0.3,9.1,19.8,,2.4,1.2,3.6,.136,,1.8,-0.7,1.2,1.0,2008
410,Dwyane Wade,SG,26,MIA,51,1954,21.5,.549,.082,.498,2.7,10.5,6.6,37.5,2.4,1.5,16.4,33.1,,1.8,1.5,3.3,.082,,3.1,-0.2,2.9,2.3,2008
412,Antoine Walker,PF,31,MIN,46,892,11.4,.455,.501,.176,7.1,15.0,10.9,8.0,1.9,0.7,10.2,22.8,,-0.5,0.5,0.1,.004,,-0.8,-1.4,-2.2,-0.1,2008
413,Ben Wallace*,C-PF,33,TOT,72,2205,12.0,.408,.011,.480,11.6,19.6,15.5,6.9,2.1,4.2,13.6,10.0,,0.1,3.5,3.6,.078,,-1.7,1.9,0.2,1.2,2008
414,Gerald Wallace,PF,25,CHA,62,2376,17.5,.547,.243,.471,2.8,15.3,9.0,15.9,2.9,1.9,14.1,24.6,,1.8,2.8,4.6,.094,,0.8,1.3,2.1,2.5,2008
415,Rasheed Wallace,C,33,DET,77,2346,17.2,.523,.362,.172,4.3,21.8,13.0,9.7,2.1,4.3,8.4,20.5,,2.5,5.1,7.6,.155,,1.5,2.6,4.1,3.6,2008
416,Luke Walton,SF,27,LAL,74,1729,12.3,.509,.176,.228,5.7,12.7,9.3,18.1,1.7,0.8,16.0,16.0,,1.2,2.0,3.2,.088,,-0.8,0.5,-0.3,0.7,2008
417,Hakim Warrick,PF,25,MEM,75,1754,16.2,.555,.074,.398,7.8,15.0,11.4,5.2,1.0,1.2,10.0,21.6,,2.5,0.8,3.3,.090,,-0.3,-1.6,-1.9,0.0,2008
421,Earl Watson,PG,28,SEA,78,2269,14.6,.517,.177,.194,2.1,8.7,5.4,36.6,1.5,0.3,17.8,18.8,,1.7,1.1,2.9,.061,,0.1,-1.0,-0.9,0.6,2008
423,Martell Webster,SF,21,POR,75,2132,12.0,.548,.483,.253,3.0,13.3,8.2,7.0,1.1,1.0,10.2,18.0,,1.8,1.7,3.5,.079,,0.1,-0.2,-0.2,1.0,2008
424,Bonzi Wells,SG,31,TOT,73,1562,14.4,.495,.088,.399,6.2,17.8,12.0,10.2,2.6,1.5,13.3,22.7,,-0.1,3.0,3.0,.092,,-2.0,1.7,-0.3,0.7,2008
425,David West,PF,27,NOH,76,2870,19.9,.535,.019,.270,7.2,20.6,13.7,10.6,1.2,2.7,10.2,26.3,,4.3,4.0,8.4,.140,,1.3,0.2,1.5,2.6,2008
426,Delonte West,PG,24,TOT,61,1533,12.1,.492,.284,.192,2.2,11.9,7.0,23.5,2.0,1.4,18.5,18.3,,-0.2,1.5,1.3,.041,,-1.5,0.8,-0.8,0.5,2008
427,Mario West,SG,23,ATL,64,269,8.6,.488,.082,.531,11.3,9.5,10.4,7.2,2.4,1.1,13.0,11.7,,0.2,0.2,0.5,.082,,-4.4,0.6,-3.8,-0.1,2008
428,Chris Wilcox,PF,25,SEA,62,1739,16.3,.554,.005,.389,7.9,19.2,13.6,7.1,1.3,1.5,12.1,21.2,,1.7,1.6,3.4,.093,,-0.7,-0.3,-1.0,0.4,2008
429,Damien Wilkins,SF,28,SEA,76,1843,11.3,.474,.230,.214,4.3,10.2,7.2,12.7,1.7,0.7,10.8,19.4,,-0.1,1.2,1.0,.027,,-2.0,-0.3,-2.3,-0.2,2008
432,Deron Williams,PG,23,UTA,82,3059,20.8,.595,.188,.368,1.4,8.3,4.9,43.6,1.5,0.6,17.7,23.1,,8.9,2.3,11.3,.177,,4.9,-1.1,3.8,4.5,2008
433,Jason Williams,PG,32,MIA,67,1886,12.7,.502,.500,.145,0.8,7.6,4.1,27.3,2.3,0.2,13.5,17.0,,1.0,1.1,2.1,.052,,-0.5,-0.4,-0.9,0.6,2008
435,Lou Williams,PG,21,PHI,80,1862,16.7,.523,.203,.386,2.6,8.1,5.3,22.6,2.3,0.6,12.4,24.3,,2.5,1.8,4.4,.112,,1.3,0.1,1.4,1.6,2008
436,Marcus Williams,PG,22,NJN,53,854,11.0,.499,.485,.160,1.9,11.8,6.9,27.8,1.5,0.3,19.3,20.8,,-0.4,0.5,0.2,.009,,-0.8,-1.6,-2.4,-0.1,2008
438,Marvin Williams,SF,21,ATL,80,2765,14.5,.540,.011,.446,5.0,14.2,9.6,8.3,1.5,0.9,10.4,20.1,,3.6,2.1,5.7,.099,,-0.9,-0.5,-1.4,0.4,2008
439,Mo Williams,PG,25,MIL,66,2410,17.0,.566,.251,.211,1.7,9.8,5.6,30.0,1.7,0.3,15.3,22.1,,4.1,0.5,4.5,.091,,1.7,-1.4,0.3,1.4,2008
440,Sean Williams,C,21,NJN,73,1278,13.9,.563,.000,.436,10.4,18.8,14.6,3.7,1.1,6.5,16.1,15.5,,0.8,1.7,2.5,.093,,-3.3,1.1,-2.2,-0.1,2008
441,Shawne Williams,SF,21,IND,65,967,12.8,.522,.368,.285,6.0,14.0,9.9,9.8,1.3,2.0,12.2,21.3,,0.4,1.0,1.4,.069,,-1.4,-0.4,-1.8,0.0,2008
442,Shelden Williams,PF,24,TOT,64,776,11.9,.494,.009,.495,10.4,20.5,15.5,3.8,1.5,2.1,11.9,17.0,,0.4,0.8,1.2,.072,,-2.7,-0.7,-3.5,-0.3,2008
444,Metta World Peace,SF,28,SAC,57,2172,18.8,.535,.230,.307,5.6,12.1,8.9,16.2,3.1,1.4,11.9,25.5,,2.4,2.2,4.7,.103,,2.1,0.7,2.8,2.6,2008
445,Antoine Wright,SG,23,TOT,56,1232,8.4,.488,.334,.204,3.8,10.0,6.9,10.5,1.2,1.3,12.2,15.2,,0.0,0.8,0.8,.029,,-2.9,0.0,-3.0,-0.3,2008
447,Dorell Wright,SF,22,MIA,44,1104,14.4,.537,.038,.235,5.1,19.0,11.9,9.4,1.4,3.0,8.2,15.1,,1.2,1.1,2.2,.096,,-0.7,0.7,0.1,0.6,2008
448,Julian Wright,SF,20,NOH,57,640,15.4,.581,.142,.308,5.9,15.7,10.7,9.5,2.4,1.5,15.1,16.4,,0.7,0.9,1.7,.126,,0.3,1.5,1.8,0.6,2008
450,Nick Young,SG,22,WAS,75,1158,11.6,.527,.209,.259,2.3,9.6,5.8,9.6,1.6,0.5,15.0,24.9,,-0.1,0.6,0.4,.017,,-2.6,-2.1,-4.7,-0.8,2008
451,Thaddeus Young,PF,19,PHI,74,1554,16.5,.570,.039,.210,9.1,14.8,11.9,6.2,2.5,0.4,10.7,17.4,,2.6,2.0,4.5,.140,,0.2,0.3,0.5,1.0,2008
