Rk,Player,Pos,Age,Tm,G,MP,PER,TS%,3PAr,FTr,ORB%,DRB%,TRB%,AST%,STL%,BLK%,TOV%,USG%,Unnamed: 19,OWS,DWS,WS,WS/48,Unnamed: 24,OBPM,DBPM,BPM,VORP,Year
1,Steven Adams,C,26,OKC,63,1680,20.5,.604,.006,.421,14.0,24.0,19.2,13.2,1.5,3.4,14.2,17.3,,3.8,2.7,6.5,.185,,1.9,1.1,2.9,2.1,2020
2,Bam Adebayo,PF,22,MIA,72,2417,20.3,.598,.018,.484,8.5,24.9,17.0,24.2,1.7,3.8,17.6,21.2,,4.6,3.9,8.5,.168,,1.4,2.0,3.4,3.3,2020
3,LaMarcus Aldridge,C,34,SAS,53,1754,19.7,.571,.198,.241,6.3,17.8,12.0,11.4,1.0,4.4,7.8,23.4,,3.0,1.4,4.5,.122,,1.8,-0.5,1.4,1.5,2020
5,Nickeil Alexander-Walker,SG,21,NOP,47,591,8.9,.473,.500,.139,1.6,13.5,7.5,21.1,1.3,1.1,16.1,23.3,,-0.7,0.4,-0.2,-0.020,,-3.2,-1.4,-4.6,-0.4,2020
7,Jarrett Allen,C,21,BRK,70,1852,20.7,.664,.013,.581,12.3,24.9,18.7,8.9,1.0,4.2,11.7,14.9,,5.2,2.9,8.2,.212,,1.4,1.0,2.3,2.0,2020
11,Kyle Anderson,SF,26,MEM,67,1330,12.5,.534,.257,.236,4.7,17.6,11.3,15.9,1.9,2.4,15.3,13.5,,0.9,1.7,2.5,.091,,-1.5,2.0,0.5,0.9,2020
13,Giannis Antetokounmpo,PF,25,MIL,63,1917,31.9,.613,.237,.508,7.7,34.8,22.1,34.2,1.5,3.0,13.2,37.5,,6.1,5.0,11.1,.279,,7.4,4.1,11.5,6.6,2020
16,Carmelo Anthony,PF,35,POR,58,1902,12.4,.525,.289,.206,3.9,16.1,10.1,6.4,1.2,1.2,10.5,21.2,,0.4,0.9,1.3,.033,,-1.8,-1.8,-3.6,-0.8,2020
17,OG Anunoby,SF,22,TOR,69,2066,13.2,.600,.403,.180,4.2,14.2,9.3,7.5,2.2,2.1,11.5,14.3,,2.1,3.7,5.7,.134,,-0.8,2.0,1.2,1.7,2020
18,Ryan Arcidiacono,PG,25,CHI,58,930,9.0,.551,.627,.173,2.3,11.2,6.5,14.3,1.4,0.3,13.5,12.5,,0.7,0.7,1.4,.071,,-2.7,-0.1,-2.8,-0.2,2020
19,Trevor Ariza,SF,34,TOT,53,1493,11.0,.593,.639,.228,2.5,15.7,9.0,8.0,2.2,0.9,13.6,11.8,,1.3,1.2,2.5,.081,,-1.4,0.9,-0.5,0.6,2020
20,D.J. Augustin,PG,32,ORL,57,1420,14.0,.554,.436,.393,1.6,7.8,4.6,26.8,1.2,0.1,13.7,19.1,,2.0,0.9,2.9,.098,,-0.3,-1.3,-1.6,0.2,2020
24,Lonzo Ball,PG,22,NOP,63,2025,13.1,.517,.575,.111,3.7,16.4,10.0,29.1,2.0,1.6,21.1,18.5,,0.4,2.0,2.4,.058,,0.1,0.6,0.6,1.3,2020
25,Mo Bamba,C,21,ORL,62,878,17.5,.542,.374,.161,11.9,25.6,18.5,7.2,1.3,8.8,12.1,17.1,,0.8,1.7,2.5,.135,,-1.2,1.6,0.4,0.5,2020
27,Harrison Barnes,PF,27,SAC,72,2482,13.3,.574,.338,.337,3.4,12.9,8.1,9.2,0.8,0.5,8.8,17.4,,3.4,1.1,4.6,.088,,0.0,-1.3,-1.3,0.5,2020
28,RJ Barrett,SG,19,NYK,56,1704,10.7,.479,.271,.349,3.0,14.8,8.7,12.8,1.6,0.9,12.9,24.0,,-1.6,1.1,-0.5,-0.015,,-2.9,-1.5,-4.3,-1.0,2020
29,Will Barton,SF,29,DEN,58,1916,15.6,.549,.390,.180,4.5,16.9,10.7,16.0,1.6,1.4,9.9,20.1,,2.4,1.8,4.2,.106,,1.2,-0.2,1.1,1.5,2020
30,Keita Bates-Diop,PF-SF,24,TOT,44,744,12.4,.539,.440,.321,3.5,15.1,9.1,5.8,1.2,2.7,6.0,15.8,,0.6,0.6,1.2,.078,,-1.0,-0.4,-1.4,0.1,2020
32,Aron Baynes,C,33,PHO,42,934,15.2,.581,.441,.197,8.3,20.0,14.1,10.9,0.5,2.1,10.8,21.1,,1.3,0.8,2.1,.107,,-0.2,-0.8,-1.0,0.2,2020
33,Kent Bazemore,SF,30,TOT,68,1688,9.3,.499,.457,.275,1.7,17.1,9.4,7.4,2.1,2.1,13.2,17.5,,-0.9,1.5,0.6,.017,,-3.4,0.3,-3.0,-0.5,2020
34,Darius Bazley,PF,19,OKC,61,1130,9.6,.497,.445,.196,3.0,20.5,12.0,5.1,1.0,3.1,11.6,15.1,,-0.5,1.5,1.0,.041,,-2.1,0.5,-1.6,0.1,2020
35,Bradley Beal,SG,26,WAS,57,2053,23.2,.579,.369,.351,2.7,10.5,6.4,29.5,1.6,1.0,11.4,34.4,,4.5,0.6,5.1,.118,,5.3,-2.4,2.9,2.5,2020
36,Malik Beasley,SG,23,TOT,55,1209,12.7,.546,.517,.124,1.6,11.9,6.7,9.4,1.6,0.6,9.2,21.8,,0.4,0.8,1.2,.049,,-0.7,-1.4,-2.1,0.0,2020
37,Marco Belinelli,SG,33,SAS,57,883,10.8,.532,.567,.185,0.9,11.2,6.0,10.7,0.6,0.1,5.3,17.5,,0.7,0.2,0.8,.046,,-0.7,-2.0,-2.7,-0.2,2020
39,DeAndre' Bembry,SG,25,ATL,43,915,9.6,.500,.285,.211,3.9,14.1,8.9,12.3,2.8,1.7,19.4,14.0,,-0.5,0.8,0.2,.012,,-3.5,1.1,-2.5,-0.1,2020
41,Dāvis Bertāns,PF,27,WAS,54,1583,15.5,.628,.774,.200,2.3,15.1,8.5,8.4,1.1,1.8,8.2,19.0,,3.0,0.5,3.5,.107,,2.7,-1.8,0.9,1.1,2020
42,Patrick Beverley,PG,31,LAC,51,1342,12.5,.560,.604,.138,4.5,15.8,10.3,18.2,1.9,1.6,15.4,13.3,,1.6,2.0,3.6,.128,,-0.3,2.5,2.2,1.4,2020
43,Khem Birch,C,27,ORL,48,922,11.7,.566,.007,.706,10.3,15.6,12.9,7.3,1.1,2.3,14.2,10.2,,1.2,0.9,2.2,.112,,-2.5,0.2,-2.4,-0.1,2020
44,Goga Bitadze,C,20,IND,54,471,12.1,.523,.280,.220,5.9,18.7,12.3,6.7,1.0,6.9,14.5,17.9,,-0.1,0.8,0.7,.067,,-4.1,1.8,-2.3,0.0,2020
45,Bismack Biyombo,C,27,CHO,53,1029,16.1,.570,.000,.543,12.3,20.7,16.3,7.8,0.5,4.4,12.2,16.8,,1.5,0.9,2.4,.113,,-1.8,-0.7,-2.5,-0.1,2020
46,Nemanja Bjelica,PF,31,SAC,72,2011,15.7,.602,.490,.129,6.1,19.9,12.8,14.7,1.5,1.9,12.5,17.0,,3.4,1.9,5.3,.127,,1.2,0.5,1.8,1.9,2020
47,Eric Bledsoe,PG,30,MIL,61,1646,17.6,.571,.306,.304,2.8,13.5,8.5,28.7,1.6,1.4,15.7,23.7,,2.4,3.0,5.4,.157,,0.8,1.0,1.8,1.6,2020
48,Bogdan Bogdanović,SG,27,SAC,61,1766,15.2,.565,.576,.151,1.6,11.8,6.6,18.0,1.8,0.8,11.1,22.6,,1.8,1.3,3.1,.084,,1.2,-0.5,0.6,1.2,2020
49,Bojan Bogdanović,SF,30,UTA,63,2083,15.6,.603,.489,.296,2.1,11.2,6.8,10.0,0.8,0.3,13.1,25.5,,2.6,1.6,4.2,.096,,1.6,-1.5,0.1,1.1,2020
54,Isaac Bonga,SF,20,WAS,66,1250,10.2,.608,.303,.363,6.0,13.8,9.7,7.9,1.7,1.5,17.6,11.0,,1.2,0.6,1.8,.068,,-2.7,-0.1,-2.8,-0.3,2020
55,Devin Booker,SG,23,PHO,70,2512,20.6,.618,.310,.397,1.3,12.0,6.6,30.0,0.9,0.6,14.9,30.0,,6.0,1.5,7.5,.143,,3.4,-1.3,2.2,2.6,2020
56,Chris Boucher,C,27,TOR,62,819,20.7,.587,.395,.388,14.1,21.4,17.9,4.8,1.3,7.3,7.4,19.7,,2.1,1.8,3.8,.224,,1.0,1.0,2.0,0.8,2020
58,Ky Bowman,PG,22,GSW,45,1015,9.1,.494,.333,.128,2.5,10.7,6.5,19.4,2.1,0.9,17.1,17.2,,-0.6,0.6,-0.1,-0.003,,-4.0,-0.3,-4.3,-0.6,2020
59,Avery Bradley,SG,29,LAL,49,1186,8.9,.537,.452,.063,1.7,8.9,5.3,7.2,1.7,0.4,10.7,15.7,,0.2,1.4,1.5,.062,,-3.0,0.5,-2.5,-0.2,2020
60,Tony Bradley,C,22,UTA,58,663,21.7,.681,.016,.243,19.1,25.0,22.2,5.4,1.0,4.1,12.5,15.8,,2.2,1.1,3.3,.236,,1.0,0.3,1.3,0.6,2020
64,Mikal Bridges,SF,23,PHO,73,2042,12.9,.620,.401,.252,3.5,12.4,7.9,8.6,2.4,2.0,12.0,12.7,,2.5,2.3,4.8,.113,,-0.6,1.5,0.8,1.5,2020
65,Miles Bridges,SF,21,CHO,65,1995,12.1,.520,.398,.174,4.6,15.6,9.9,9.4,1.0,2.2,10.5,20.0,,0.3,1.3,1.6,.039,,-1.5,-1.0,-2.5,-0.3,2020
68,Malcolm Brogdon,PG,27,IND,54,1666,17.7,.541,.309,.250,3.1,14.1,8.6,33.8,1.0,0.5,13.7,25.2,,2.3,1.7,4.0,.114,,2.3,-0.5,1.8,1.6,2020
69,Dillon Brooks,SG,24,MEM,73,2112,11.3,.510,.385,.190,3.5,8.6,6.1,10.5,1.4,1.1,9.7,25.2,,-0.4,1.6,1.2,.027,,-2.7,-1.4,-4.1,-1.1,2020
70,Bruce Brown,PG,23,DET,58,1634,11.9,.518,.215,.266,4.2,15.0,9.5,20.4,1.9,1.5,16.7,16.0,,0.7,1.4,2.1,.062,,-2.0,0.8,-1.2,0.3,2020
72,Jaylen Brown,SG,23,BOS,57,1934,16.9,.583,.381,.274,3.5,16.5,10.1,9.7,1.6,1.0,11.2,24.7,,2.3,2.6,4.9,.123,,1.0,-0.2,0.8,1.4,2020
74,Sterling Brown,SF,24,MIL,52,767,9.5,.486,.531,.156,4.3,18.5,11.8,8.6,1.7,0.8,13.3,17.0,,-0.4,1.5,1.1,.070,,-3.0,1.0,-2.0,0.0,2020
75,Troy Brown Jr.,SF,20,WAS,69,1782,13.7,.524,.288,.223,4.5,19.6,11.7,14.1,2.2,0.3,10.4,17.8,,1.3,1.2,2.4,.065,,-0.8,-0.4,-1.2,0.3,2020
76,Jalen Brunson,PG,23,DAL,57,1022,14.9,.553,.309,.193,2.3,11.3,6.9,27.0,1.0,0.3,13.6,20.4,,1.6,0.6,2.1,.101,,0.1,-1.0,-0.9,0.3,2020
77,Thomas Bryant,C,22,WAS,46,1147,21.1,.649,.218,.278,9.0,23.1,15.8,11.1,1.0,3.7,10.2,18.9,,3.1,0.8,3.9,.164,,2.9,-0.7,2.2,1.2,2020
80,Alec Burks,SF-SG,28,TOT,66,1754,16.7,.561,.392,.345,2.9,14.9,8.7,17.2,1.7,0.9,9.3,23.8,,2.5,1.2,3.7,.101,,1.2,-0.7,0.5,1.1,2020
82,Jimmy Butler,SF,30,MIA,58,1959,23.6,.585,.157,.693,6.3,15.4,11.0,28.1,2.6,1.6,11.4,25.1,,6.3,2.7,9.0,.221,,4.0,1.5,5.4,3.7,2020
85,Kentavious Caldwell-Pope,SG,26,LAL,69,1762,11.0,.584,.471,.201,2.4,6.4,4.4,8.5,1.5,0.7,10.1,14.7,,1.9,1.9,3.7,.102,,-1.2,0.4,-0.8,0.5,2020
89,Jevon Carter,PG,24,PHO,58,945,11.3,.563,.601,.111,3.5,10.5,6.9,11.9,2.4,1.6,11.2,12.9,,0.8,1.0,1.8,.093,,-0.7,1.3,0.6,0.6,2020
90,Vince Carter,PF,43,ATL,60,876,7.5,.470,.664,.095,2.2,13.2,7.6,7.7,1.2,2.4,9.4,16.6,,-0.6,0.4,-0.2,-0.011,,-3.1,-1.2,-4.3,-0.5,2020
91,Wendell Carter Jr.,C,20,CHI,43,1256,15.5,.590,.085,.443,11.6,24.6,17.8,6.0,1.3,2.7,14.9,16.4,,1.7,1.6,3.3,.127,,-2.1,-0.3,-2.4,-0.1,2020
92,Michael Carter-Williams,SG,28,ORL,45,833,15.3,.535,.288,.365,5.8,13.5,9.5,19.1,2.9,2.4,14.7,18.3,,0.7,1.2,1.9,.111,,-1.5,1.6,0.1,0.5,2020
93,Alex Caruso,PG,25,LAL,64,1175,10.8,.525,.412,.323,1.6,9.8,5.7,13.6,2.8,1.4,13.8,13.8,,0.5,1.8,2.3,.095,,-2.6,2.4,-0.2,0.5,2020
94,Willie Cauley-Stein,C,26,TOT,54,1097,17.0,.589,.003,.219,8.0,23.3,15.5,9.9,2.1,5.0,10.8,14.4,,1.5,1.5,2.9,.128,,-1.2,1.7,0.5,0.7,2020
100,Marquese Chriss,PF,22,GSW,59,1196,19.5,.604,.101,.405,10.0,23.6,16.5,15.3,1.6,4.7,14.7,19.0,,2.1,1.3,3.4,.136,,0.0,0.6,0.6,0.8,2020
101,Gary Clark,SF-PF,25,TOT,42,567,10.7,.568,.835,.075,6.8,14.0,10.3,4.1,0.5,3.4,6.8,11.0,,0.7,0.5,1.2,.100,,-0.9,-0.9,-1.9,0.0,2020
102,Brandon Clarke,PF,23,MEM,58,1300,20.9,.663,.134,.234,7.6,20.1,14.0,9.5,1.1,3.2,9.4,18.7,,3.4,1.6,5.0,.183,,2.4,0.7,3.1,1.7,2020
103,Jordan Clarkson,SG,27,TOT,71,1705,17.3,.574,.476,.190,3.3,8.7,6.1,13.2,1.3,0.8,9.4,26.3,,2.4,1.0,3.4,.096,,2.4,-1.3,1.1,1.3,2020
110,Mike Conley,PG,32,UTA,47,1363,14.1,.537,.451,.245,2.8,9.2,6.1,23.1,1.3,0.3,12.8,23.1,,1.4,1.1,2.5,.089,,0.7,-0.4,0.3,0.8,2020
111,Pat Connaughton,SG,27,MIL,67,1243,11.5,.565,.551,.133,5.1,16.8,11.3,10.9,0.9,2.2,14.0,12.3,,1.1,2.3,3.4,.130,,-0.9,1.5,0.6,0.8,2020
112,Quinn Cook,PG,26,LAL,44,508,10.0,.509,.397,.065,2.4,8.5,5.5,13.8,1.1,0.4,13.0,21.0,,-0.2,0.5,0.3,.030,,-2.3,-1.4,-3.8,-0.2,2020
114,Robert Covington,PF-C,29,TOT,70,2137,13.3,.559,.664,.172,3.0,20.2,11.4,5.9,2.5,3.7,11.7,17.0,,0.7,3.0,3.7,.083,,-1.2,1.3,0.0,1.1,2020
116,Torrey Craig,SF,29,DEN,58,1072,10.8,.553,.513,.134,6.6,13.2,9.9,5.9,1.1,3.1,8.1,12.6,,1.1,0.9,2.0,.091,,-2.0,-0.3,-2.3,-0.1,2020
118,Jae Crowder,SF-PF,29,TOT,65,1875,12.5,.553,.700,.222,3.0,18.5,11.0,11.5,1.8,1.2,10.0,15.5,,1.6,2.2,3.8,.098,,-0.5,0.4,-0.1,0.9,2020
119,Jarrett Culver,SG,20,MIN,63,1506,9.6,.467,.388,.206,4.7,10.3,7.4,10.8,1.8,2.1,11.5,19.2,,-1.2,1.1,-0.1,-0.004,,-3.3,-0.7,-4.0,-0.8,2020
120,Seth Curry,SG,29,DAL,64,1576,15.5,.643,.559,.169,1.8,7.8,4.8,11.6,1.2,0.5,9.1,18.4,,3.5,0.8,4.3,.130,,1.7,-0.9,0.8,1.2,2020
122,Troy Daniels,SG,28,TOT,47,532,8.4,.518,.710,.086,2.5,8.2,5.4,4.3,1.0,0.5,5.9,16.3,,0.1,0.5,0.6,.056,,-1.7,-1.2,-2.9,-0.1,2020
123,Anthony Davis,PF,26,LAL,62,2131,27.4,.610,.199,.479,7.4,22.1,14.8,15.1,2.0,6.0,10.4,29.3,,6.7,4.4,11.1,.250,,5.4,2.6,8.0,5.4,2020
125,Terence Davis,SG,22,TOR,72,1209,13.8,.588,.555,.135,4.5,16.0,10.3,14.2,1.5,1.1,14.1,19.0,,1.2,1.9,3.1,.122,,0.1,0.7,0.8,0.8,2020
126,Dewayne Dedmon,C,30,TOT,44,774,9.4,.473,.420,.141,8.5,27.6,17.8,4.0,1.5,4.8,17.4,18.1,,-1.0,1.0,0.1,.005,,-5.8,0.0,-5.8,-0.7,2020
127,Matthew Dellavedova,PG,29,CLE,57,821,8.1,.463,.520,.211,2.4,7.8,5.1,29.0,1.2,0.2,23.6,13.0,,0.1,0.1,0.2,.011,,-3.6,-1.6,-5.2,-0.7,2020
128,DeMar DeRozan,SF,30,SAS,68,2316,21.6,.603,.033,.430,2.0,15.4,8.7,26.1,1.4,0.8,11.6,26.3,,5.9,1.3,7.3,.151,,2.3,-0.4,1.9,2.3,2020
129,Cheick Diallo,C,23,PHO,47,479,16.5,.688,.021,.275,6.9,23.7,15.2,6.9,1.1,2.2,16.7,17.0,,0.8,0.5,1.3,.132,,-1.1,-0.2,-1.3,0.1,2020
130,Hamidou Diallo,SF,21,OKC,46,896,9.3,.491,.193,.213,5.6,14.7,10.3,5.9,2.0,0.9,13.6,18.4,,-0.7,1.1,0.4,.022,,-4.2,0.3,-3.9,-0.4,2020
131,Gorgui Dieng,C,30,TOT,63,1096,17.1,.568,.418,.277,8.5,25.8,17.0,9.7,2.2,4.5,12.8,17.6,,1.3,1.7,2.9,.129,,-0.2,1.8,1.5,1.0,2020
132,Spencer Dinwiddie,PG,26,BRK,64,1994,17.8,.541,.392,.437,1.7,9.6,5.7,35.0,0.9,0.9,12.5,29.2,,3.2,1.6,4.8,.116,,2.7,-0.9,1.8,1.9,2020
133,Donte DiVincenzo,SG,23,MIL,66,1520,14.1,.557,.484,.169,4.6,15.5,10.3,13.6,2.6,1.2,14.1,17.3,,1.0,3.2,4.3,.135,,-1.1,2.4,1.3,1.3,2020
134,Luka Dončić,PG,20,DAL,61,2047,27.6,.585,.431,.448,4.1,25.0,14.7,45.7,1.5,0.6,14.8,36.8,,6.5,2.3,8.8,.207,,7.4,1.0,8.4,5.4,2020
136,Damyean Dotson,SG,25,NYK,48,836,10.9,.527,.562,.114,1.2,10.6,5.8,10.0,1.3,0.5,6.5,16.5,,0.6,0.4,0.9,.053,,-0.9,-0.5,-1.4,0.1,2020
139,Goran Dragić,PG,33,MIA,59,1663,16.3,.573,.467,.340,2.0,10.2,6.3,29.2,1.2,0.6,14.8,25.9,,2.2,1.3,3.5,.102,,1.4,-1.6,-0.1,0.8,2020
140,Andre Drummond,C,26,TOT,57,1879,22.0,.553,.045,.375,14.9,37.5,26.0,13.6,2.8,4.2,18.2,25.9,,0.6,3.6,4.2,.108,,-0.1,1.1,0.9,1.4,2020
141,Jared Dudley,PF,34,LAL,45,364,7.8,.558,.700,.033,1.8,13.7,7.8,9.5,2.0,0.7,11.6,8.0,,0.3,0.5,0.8,.102,,-2.7,2.0,-0.7,0.1,2020
142,Kris Dunn,PG,25,CHI,51,1269,12.1,.510,.327,.158,1.9,14.9,8.1,19.4,3.8,1.3,15.7,14.6,,0.3,2.0,2.3,.085,,-3.8,3.1,-0.6,0.4,2020
146,Joel Embiid,C,25,PHI,51,1506,25.8,.590,.215,.543,10.3,33.2,21.7,16.9,1.4,3.7,13.8,32.9,,3.3,2.7,6.0,.192,,3.7,1.0,4.7,2.5,2020
147,James Ennis III,SF-SG,29,TOT,69,1265,11.5,.565,.471,.273,6.1,15.3,10.6,7.0,1.3,1.5,12.6,15.7,,1.0,1.4,2.4,.090,,-2.2,-0.4,-2.6,-0.2,2020
152,Derrick Favors,C,28,NOP,51,1243,18.5,.620,.021,.209,13.9,28.9,21.4,9.2,1.1,3.1,12.9,14.0,,2.6,1.6,4.2,.162,,0.7,0.3,1.0,0.9,2020
154,Terrance Ferguson,SF,21,OKC,56,1257,3.7,.481,.764,.091,2.1,4.4,3.3,5.3,1.0,1.2,11.9,9.1,,-0.3,0.9,0.6,.021,,-4.8,0.3,-4.5,-0.8,2020
155,Bruno Fernando,C,21,ATL,56,713,11.9,.542,.186,.256,10.0,20.0,15.0,9.9,1.2,2.0,15.9,15.3,,0.4,0.4,0.8,.055,,-3.2,-0.9,-4.1,-0.4,2020
156,Yogi Ferrell,PG,26,SAC,50,530,12.2,.528,.420,.223,1.2,9.4,5.2,18.8,1.6,0.7,11.9,19.2,,0.3,0.3,0.7,.060,,-1.5,-0.3,-1.8,0.0,2020
157,Dorian Finney-Smith,PF,26,DAL,71,2120,12.3,.595,.580,.207,7.3,12.7,10.0,7.2,1.0,1.6,10.8,12.9,,3.3,1.5,4.9,.110,,0.1,-0.3,-0.2,0.9,2020
158,Bryn Forbes,SG,26,SAS,63,1579,11.1,.570,.656,.155,0.8,7.8,4.3,9.5,1.0,0.0,8.4,18.5,,1.3,0.3,1.5,.047,,-0.6,-2.1,-2.7,-0.3,2020
159,Evan Fournier,SF,27,ORL,66,2076,16.4,.595,.467,.237,0.9,8.2,4.4,16.6,1.7,0.7,10.9,23.9,,2.9,1.7,4.6,.106,,1.4,-0.4,1.0,1.6,2020
160,De'Aaron Fox,PG,22,SAC,51,1634,20.6,.558,.227,.420,2.4,11.4,6.8,35.3,2.2,1.5,14.1,29.8,,2.6,1.4,4.0,.118,,2.3,-0.5,1.8,1.6,2020
164,Enes Freedom,C,27,BOS,58,983,22.4,.599,.020,.284,18.0,28.9,23.5,8.8,1.1,3.9,12.5,19.4,,2.6,1.8,4.4,.214,,1.8,-0.3,1.5,0.9,2020
165,Markelle Fultz,PG,21,ORL,72,1996,14.3,.517,.175,.206,2.1,11.0,6.4,29.0,2.2,0.5,14.9,21.4,,0.6,2.0,2.7,.065,,-1.8,0.0,-1.8,0.1,2020
167,Daniel Gafford,C,21,CHI,43,609,16.2,.686,.000,.448,9.0,10.3,9.6,5.2,1.0,8.7,15.3,13.3,,1.1,0.8,1.9,.146,,-2.8,1.5,-1.3,0.1,2020
168,Danilo Gallinari,PF,31,OKC,62,1834,19.5,.612,.537,.365,2.1,16.8,9.7,10.3,1.1,0.2,7.4,24.6,,4.5,1.9,6.3,.166,,4.1,-0.9,3.3,2.4,2020
169,Langston Galloway,SG,28,DET,66,1702,12.3,.584,.611,.157,2.2,7.8,5.0,8.8,1.4,0.5,6.5,15.9,,2.4,0.7,3.1,.087,,0.0,-0.9,-0.8,0.5,2020
170,Darius Garland,SG,20,CLE,59,1824,8.5,.498,.423,.103,1.6,5.2,3.4,18.5,1.1,0.2,17.1,20.7,,-1.3,0.0,-1.3,-0.034,,-2.7,-2.8,-5.5,-1.7,2020
171,Marc Gasol,C,35,TOR,44,1161,11.8,.551,.530,.176,2.9,21.7,12.5,17.3,1.4,3.2,16.4,13.2,,0.8,2.2,3.0,.124,,-1.2,2.8,1.6,1.1,2020
172,Rudy Gay,PF,33,SAS,67,1461,15.4,.553,.369,.228,4.5,22.2,13.4,11.3,1.1,2.0,11.8,22.0,,0.9,1.1,2.1,.068,,0.0,-0.9,-0.8,0.4,2020
173,Paul George,SF,29,LAC,48,1419,21.1,.589,.487,.277,1.8,17.7,10.0,21.1,2.3,1.2,12.5,29.6,,2.5,2.3,4.8,.161,,3.8,1.1,4.9,2.5,2020
174,Taj Gibson,C,34,NYK,62,1025,16.1,.610,.049,.196,11.2,16.7,13.9,7.6,1.3,2.8,13.1,14.8,,1.8,0.8,2.6,.120,,-0.8,-0.3,-1.1,0.2,2020
175,Harry Giles,C,21,SAC,46,667,16.4,.580,.008,.195,7.1,25.1,15.9,14.2,1.6,2.6,13.9,20.6,,0.8,0.8,1.6,.112,,-2.2,0.9,-1.3,0.1,2020
176,Shai Gilgeous-Alexander,SG,21,OKC,70,2428,17.7,.568,.247,.352,2.2,16.1,9.4,15.2,1.6,1.7,10.3,23.7,,3.1,3.0,6.1,.121,,1.3,0.4,1.7,2.2,2020
177,Rudy Gobert,C,27,UTA,68,2333,21.7,.699,.000,.724,11.2,31.3,21.6,6.5,1.1,4.8,15.0,16.2,,6.5,4.2,10.7,.221,,1.7,1.9,3.6,3.3,2020
179,Aaron Gordon,PF,24,ORL,62,2017,15.1,.516,.309,.292,5.5,20.3,12.7,17.4,1.2,1.7,10.4,20.7,,1.4,2.3,3.7,.087,,-0.1,0.1,0.0,1.0,2020
181,Devonte' Graham,PG,24,CHO,63,2211,15.8,.537,.607,.242,2.0,8.7,5.2,35.3,1.4,0.6,14.5,24.8,,2.4,0.9,3.4,.073,,2.5,-2.1,0.5,1.4,2020
182,Treveon Graham,SF,26,TOT,55,929,6.6,.456,.496,.231,5.7,11.7,8.6,6.6,1.2,0.5,9.8,13.1,,-0.2,0.4,0.2,.009,,-4.5,-1.1,-5.6,-0.8,2020
183,Jerami Grant,PF,25,DEN,71,1892,14.4,.591,.397,.309,3.4,11.2,7.3,6.6,1.3,2.8,8.0,18.0,,2.8,1.6,4.4,.111,,0.1,-0.6,-0.5,0.7,2020
186,Danny Green,SG,32,LAL,68,1687,10.8,.552,.690,.101,3.3,11.2,7.3,7.1,2.4,1.7,11.3,13.9,,0.8,2.5,3.4,.096,,-1.1,1.5,0.5,1.1,2020
187,Draymond Green,PF,29,GSW,43,1222,12.5,.489,.408,.263,2.0,22.3,11.8,31.2,2.3,2.4,21.8,15.7,,-0.2,1.3,1.1,.044,,-2.1,1.9,-0.2,0.5,2020
188,JaMychal Green,PF,29,LAC,63,1307,11.1,.576,.676,.136,6.3,24.1,15.4,5.0,1.0,1.6,12.6,13.7,,1.1,2.0,3.1,.115,,-1.2,0.7,-0.5,0.5,2020
189,Javonte Green,SG,26,BOS,48,468,13.1,.564,.262,.333,5.6,15.6,10.6,7.7,2.5,1.6,13.7,15.3,,0.4,0.8,1.1,.113,,-2.1,1.4,-0.7,0.2,2020
190,Jeff Green,PF-C,33,TOT,48,960,13.7,.590,.532,.265,2.7,12.0,7.5,7.9,1.3,1.7,9.9,19.0,,1.2,0.9,2.1,.104,,0.0,-0.1,-0.1,0.5,2020
192,Marko Guduric,SG,24,MEM,44,484,8.8,.514,.529,.166,3.1,12.6,7.9,12.3,1.2,1.4,17.6,17.6,,-0.3,0.4,0.1,.014,,-2.7,-0.7,-3.4,-0.2,2020
194,Rui Hachimura,PF,21,WAS,48,1444,13.5,.535,.160,.257,5.7,17.0,11.1,8.8,1.2,0.5,8.0,19.0,,1.3,0.5,1.8,.060,,-1.2,-2.0,-3.2,-0.4,2020
198,Tim Hardaway Jr.,SG,27,DAL,71,2091,14.5,.581,.580,.206,1.3,10.2,5.8,9.7,0.9,0.2,6.7,21.1,,3.4,1.1,4.4,.102,,1.2,-1.4,-0.1,1.0,2020
199,James Harden,SG,30,HOU,68,2483,29.1,.626,.557,.528,2.9,16.0,9.4,35.9,2.3,2.1,14.2,36.3,,9.9,3.2,13.1,.254,,8.1,1.6,9.6,7.3,2020
200,Maurice Harkless,PF-SF,26,TOT,62,1427,9.8,.572,.346,.233,4.1,13.3,8.8,6.4,1.9,2.1,14.5,10.7,,0.8,1.9,2.7,.090,,-2.6,1.9,-0.7,0.5,2020
202,Montrezl Harrell,C,26,LAC,63,1749,23.2,.607,.022,.432,9.9,16.3,13.2,10.3,1.1,3.6,10.1,25.7,,4.4,2.5,7.0,.191,,2.5,0.5,2.9,2.2,2020
203,Gary Harris,SG,25,DEN,56,1780,9.7,.519,.405,.177,1.6,8.6,5.1,8.9,2.1,0.7,9.7,15.1,,0.5,1.4,1.9,.052,,-2.8,0.3,-2.5,-0.2,2020
204,Joe Harris,SF,28,BRK,69,2123,13.3,.606,.518,.114,3.2,11.2,7.3,10.4,0.9,0.7,11.2,18.3,,2.5,1.8,4.3,.097,,0.4,-0.6,-0.2,1.0,2020
205,Tobias Harris,PF,27,PHI,72,2469,17.2,.556,.304,.184,3.1,19.1,11.1,14.6,1.0,1.4,7.6,23.9,,3.5,2.7,6.2,.121,,1.3,-0.5,0.8,1.8,2020
206,Shaquille Harrison,SG,26,CHI,43,484,17.8,.559,.255,.303,4.8,15.3,9.8,15.3,3.4,3.7,9.2,18.1,,0.7,0.8,1.5,.153,,0.4,2.4,2.8,0.6,2020
207,Josh Hart,SF,24,NOP,65,1755,11.9,.563,.665,.216,3.7,22.1,12.8,8.2,1.7,1.1,11.4,15.3,,1.3,1.8,3.1,.085,,-1.1,0.4,-0.7,0.6,2020
210,Jaxson Hayes,C,19,NOP,64,1080,17.6,.689,.015,.734,9.5,16.0,12.7,7.2,1.1,4.3,13.4,15.0,,2.8,1.1,3.9,.171,,-0.9,0.6,-0.3,0.5,2020
211,Gordon Hayward,SF,29,BOS,52,1740,18.1,.595,.317,.207,3.4,17.8,10.7,18.7,1.1,1.2,11.2,21.1,,3.5,2.2,5.7,.158,,2.6,0.1,2.7,2.0,2020
214,Juancho Hernangómez,PF,24,TOT,48,833,10.4,.518,.522,.287,5.6,20.5,12.8,6.6,1.1,1.0,10.3,15.7,,0.2,0.7,0.9,.052,,-2.2,-1.1,-3.4,-0.3,2020
216,Tyler Herro,SG,20,MIA,55,1508,12.5,.550,.472,.158,1.2,14.9,8.3,12.7,1.1,0.6,11.4,22.3,,0.2,1.3,1.6,.050,,-0.4,-1.2,-1.6,0.1,2020
218,Mario Hezonja,PF,24,POR,53,871,9.5,.525,.358,.271,3.6,18.3,11.0,7.5,2.0,0.9,14.7,13.9,,0.1,0.6,0.8,.043,,-3.1,0.2,-2.9,-0.2,2020
219,Buddy Hield,SG,27,SAC,72,2216,16.0,.566,.592,.117,2.8,14.1,8.3,15.5,1.4,0.7,12.1,27.2,,1.4,1.5,3.0,.064,,2.5,-1.4,1.1,1.7,2020
220,George Hill,PG,33,MIL,59,1271,16.9,.659,.468,.269,4.1,9.3,6.9,19.0,1.7,0.3,11.9,15.5,,3.5,2.1,5.5,.210,,1.6,1.3,2.9,1.6,2020
221,Solomon Hill,PF,28,TOT,59,1088,9.8,.535,.615,.194,2.9,13.0,8.1,12.4,1.9,1.0,14.5,13.6,,0.4,1.1,1.4,.064,,-2.0,0.3,-1.7,0.1,2020
223,Aaron Holiday,PG,23,IND,66,1617,11.6,.521,.393,.155,1.5,9.0,5.3,19.1,1.7,0.9,12.8,18.7,,0.4,1.7,2.1,.063,,-1.6,0.0,-1.6,0.2,2020
224,Jrue Holiday,SG,29,NOP,61,2117,17.0,.537,.344,.181,3.8,10.9,7.3,29.1,2.2,1.9,14.5,24.5,,2.0,1.9,3.9,.088,,1.6,0.2,1.8,2.0,2020
225,Justin Holiday,SF,30,IND,73,1826,12.1,.585,.681,.138,1.9,12.2,7.1,6.7,2.3,2.2,7.9,13.4,,1.6,2.6,4.2,.112,,-0.5,1.8,1.3,1.5,2020
226,Rondae Hollis-Jefferson,PF,25,TOR,60,1122,15.1,.533,.070,.435,10.6,15.9,13.3,13.6,2.0,2.0,13.1,17.2,,1.4,2.0,3.4,.146,,-1.2,1.5,0.3,0.6,2020
227,Richaun Holmes,C,26,SAC,44,1242,19.7,.681,.000,.343,11.2,21.5,16.2,5.1,1.6,4.3,11.6,15.6,,3.4,1.5,4.9,.190,,0.3,0.7,1.0,0.9,2020
229,Al Horford,C,33,PHI,67,2025,15.7,.536,.399,.113,5.6,19.3,12.4,19.2,1.2,2.6,9.7,17.5,,2.8,2.6,5.4,.128,,1.3,1.0,2.2,2.2,2020
231,Danuel House Jr.,SF,26,HOU,63,1913,11.3,.572,.659,.167,3.1,11.6,7.3,6.1,1.6,1.5,8.5,13.7,,1.9,1.8,3.6,.091,,-0.8,0.0,-0.7,0.6,2020
232,Dwight Howard,C,34,LAL,69,1306,18.7,.696,.018,.773,14.6,27.8,21.2,4.8,1.1,5.4,18.5,14.7,,2.8,2.6,5.4,.197,,-1.0,1.2,0.2,0.7,2020
234,Kevin Huerter,SG,21,ATL,56,1760,11.5,.536,.548,.105,2.1,12.0,7.0,17.5,1.4,1.3,12.0,17.1,,1.0,0.6,1.6,.043,,-0.7,-0.9,-1.6,0.2,2020
235,De'Andre Hunter,SF,22,ATL,63,2018,8.6,.521,.445,.211,2.3,13.1,7.6,8.0,1.0,0.7,12.1,17.5,,-0.4,0.5,0.1,.002,,-2.9,-1.8,-4.7,-1.4,2020
237,Serge Ibaka,C,30,TOR,55,1485,17.3,.583,.272,.185,8.3,23.5,16.1,8.6,0.9,3.0,13.1,24.0,,1.2,2.7,3.9,.126,,0.1,0.0,0.1,0.8,2020
239,Ersan İlyasova,PF,32,MIL,63,986,14.9,.589,.438,.278,6.6,22.7,15.1,6.6,1.1,1.5,8.8,16.1,,1.6,2.0,3.6,.174,,-0.3,0.8,0.4,0.6,2020
240,Joe Ingles,PF,32,UTA,72,2137,12.6,.595,.638,.170,1.4,12.5,7.2,24.4,1.5,0.4,19.3,15.1,,2.7,2.1,4.8,.108,,0.1,0.7,0.7,1.5,2020
241,Brandon Ingram,PF,22,NOP,62,2104,18.8,.587,.350,.336,2.6,16.6,9.6,19.3,1.3,1.5,13.1,28.1,,3.3,1.8,5.1,.115,,2.5,-0.4,2.1,2.2,2020
244,Wes Iwundu,SF,25,ORL,52,953,10.3,.544,.352,.416,2.6,12.5,7.4,8.8,1.3,1.2,8.6,13.7,,0.8,0.8,1.7,.084,,-2.7,0.0,-2.6,-0.2,2020
245,Frank Jackson,PG,21,NOP,59,797,9.1,.510,.435,.227,2.9,8.1,5.5,10.8,1.0,0.4,11.9,21.2,,-0.2,0.3,0.2,.010,,-3.3,-2.2,-5.5,-0.7,2020
246,Jaren Jackson Jr.,C,20,MEM,57,1622,16.3,.593,.489,.247,3.6,13.2,8.5,7.2,1.2,5.0,10.6,24.0,,1.6,1.8,3.5,.103,,0.3,0.1,0.4,1.0,2020
248,Justin Jackson,PF,24,DAL,65,1045,9.5,.496,.478,.147,2.7,12.6,7.7,6.8,0.7,0.8,3.7,15.4,,0.6,0.6,1.2,.054,,-2.1,-1.3,-3.4,-0.4,2020
251,LeBron James,PG,35,LAL,67,2316,25.5,.577,.326,.292,3.2,21.5,12.4,49.1,1.6,1.4,15.1,31.5,,6.2,3.6,9.8,.204,,6.6,1.8,8.4,6.1,2020
257,Cameron Johnson,PF,23,PHO,57,1255,12.9,.586,.672,.141,4.3,12.4,8.3,7.7,1.4,1.4,6.9,15.7,,1.7,1.0,2.7,.102,,0.8,-0.4,0.3,0.7,2020
262,Nikola Jokić,C,24,DEN,73,2336,24.9,.605,.238,.281,8.0,26.1,17.1,35.2,1.8,1.7,15.8,26.6,,6.7,3.1,9.8,.202,,5.5,2.0,7.4,5.5,2020
263,Damian Jones,C,24,ATL,55,887,15.6,.712,.051,.472,8.9,16.2,12.5,5.6,1.4,3.8,11.5,11.4,,2.2,0.6,2.8,.152,,-1.6,0.1,-1.5,0.1,2020
264,Derrick Jones Jr.,SF,22,MIA,59,1375,14.9,.620,.378,.352,5.6,13.1,9.5,6.7,2.1,2.7,6.9,13.9,,2.6,1.8,4.4,.153,,-0.3,1.1,0.7,1.0,2020
265,Tyus Jones,PG,23,MEM,65,1232,15.7,.532,.289,.135,0.8,7.9,4.4,32.0,2.2,0.4,10.8,17.2,,1.9,1.1,3.0,.117,,0.4,0.2,0.6,0.8,2020
266,DeAndre Jordan,C,31,BRK,56,1234,19.9,.682,.000,.425,12.1,34.5,23.5,12.6,0.7,3.5,17.8,14.1,,3.0,2.2,5.2,.200,,1.2,1.8,3.0,1.5,2020
267,Cory Joseph,PG,28,SAC,72,1759,10.1,.517,.386,.170,2.7,9.4,6.0,19.1,1.5,1.1,15.3,12.9,,1.2,1.1,2.3,.062,,-2.1,0.1,-2.0,0.0,2020
274,Maxi Kleber,PF,28,DAL,74,1890,13.6,.605,.621,.181,6.3,15.1,10.8,6.3,0.6,3.8,9.5,13.9,,3.2,1.7,4.8,.123,,0.4,0.0,0.4,1.1,2020
276,Kevin Knox,SF,20,NYK,65,1166,8.3,.470,.496,.252,2.5,14.7,8.4,7.4,1.0,2.3,9.2,17.8,,-0.5,0.7,0.2,.007,,-3.1,-1.1,-4.2,-0.7,2020
278,Furkan Korkmaz,SG,22,PHI,72,1559,12.0,.579,.632,.181,1.3,10.6,6.0,7.3,1.3,0.9,8.8,18.4,,1.4,1.4,2.8,.085,,-0.4,-1.0,-1.3,0.3,2020
280,Kyle Korver,SF,38,MIL,58,960,11.3,.620,.809,.140,1.6,10.4,6.3,9.2,1.2,1.1,13.4,15.4,,0.9,1.5,2.5,.124,,-0.6,0.7,0.1,0.5,2020
281,Rodions Kurucs,PF,21,BRK,47,684,8.9,.555,.508,.215,3.9,16.6,10.4,10.4,1.7,0.6,19.2,14.7,,-0.1,0.8,0.8,.055,,-3.6,0.9,-2.8,-0.1,2020
282,Kyle Kuzma,PF,24,LAL,61,1526,12.2,.531,.407,.232,3.8,15.7,9.8,7.6,0.9,1.5,11.0,22.9,,0.1,1.9,2.0,.063,,-1.6,-1.0,-2.6,-0.2,2020
284,Jeremy Lamb,SG,27,IND,46,1291,14.0,.547,.330,.230,2.1,14.8,8.5,10.5,2.1,1.5,8.7,19.6,,0.9,1.8,2.7,.099,,-1.1,0.8,-0.4,0.5,2020
286,Zach LaVine,SF,24,CHI,60,2085,19.4,.568,.404,.279,2.1,13.8,7.7,21.7,2.0,1.3,13.3,31.7,,1.8,2.2,4.0,.091,,3.3,-0.8,2.5,2.4,2020
292,Damion Lee,SG,27,GSW,49,1423,12.7,.548,.468,.247,2.4,16.3,9.1,14.4,1.7,0.4,10.6,19.0,,0.9,0.8,1.7,.058,,-1.5,-0.8,-2.3,-0.1,2020
293,Alex Len,C,26,TOT,55,970,17.7,.600,.185,.329,11.1,25.2,18.0,7.9,1.1,4.3,13.1,18.1,,1.5,1.0,2.5,.122,,-0.5,-0.3,-0.7,0.3,2020
294,Kawhi Leonard,SF,28,LAC,57,1848,26.9,.589,.287,.355,3.1,19.1,11.3,26.4,2.6,1.6,10.2,33.0,,5.4,3.3,8.7,.226,,6.5,2.4,8.9,5.1,2020
295,Meyers Leonard,C,27,MIA,51,1034,10.6,.627,.547,.120,3.4,24.0,14.1,7.6,0.7,1.4,13.7,12.2,,0.9,1.2,2.1,.096,,-1.3,0.4,-0.9,0.3,2020
296,Caris LeVert,SG,25,BRK,45,1330,16.1,.514,.301,.269,3.9,10.7,7.4,25.0,1.9,0.6,12.6,29.5,,0.1,1.4,1.5,.055,,0.6,-0.9,-0.3,0.5,2020
297,Damian Lillard,PG,29,POR,66,2474,26.9,.627,.500,.384,1.4,10.5,6.0,34.4,1.3,0.8,11.0,30.3,,10.9,0.7,11.6,.225,,8.3,-0.9,7.5,5.9,2020
298,Nassir Little,PF,19,POR,48,573,9.6,.505,.391,.291,5.7,13.9,9.9,5.0,1.1,2.1,8.1,13.7,,0.3,0.3,0.6,.047,,-2.9,-0.6,-3.5,-0.2,2020
300,Brook Lopez,C,31,MIL,68,1817,15.0,.551,.484,.227,3.4,13.0,8.5,7.4,1.2,7.9,8.7,18.3,,1.4,4.1,5.5,.145,,-0.4,2.5,2.0,1.9,2020
301,Robin Lopez,C,31,MIL,66,958,10.2,.554,.351,.177,6.2,10.2,8.3,6.3,0.5,4.1,16.4,16.6,,-0.1,1.6,1.5,.077,,-3.0,0.4,-2.6,-0.2,2020
302,Kevin Love,PF,31,CLE,56,1780,17.9,.599,.536,.301,3.3,31.1,17.1,15.4,0.9,0.9,14.5,23.1,,2.5,1.3,3.8,.101,,2.6,-0.5,2.0,1.8,2020
303,Kyle Lowry,PG,33,TOR,58,2098,17.7,.590,.580,.427,1.6,12.8,7.3,30.6,1.9,1.2,15.7,23.1,,4.2,3.3,7.5,.171,,2.2,1.0,3.2,2.8,2020
304,Timothé Luwawu-Cabarrot,SF,24,BRK,47,853,11.0,.599,.595,.301,3.6,11.6,7.7,4.9,1.0,0.7,10.8,16.8,,0.9,0.7,1.7,.095,,-1.8,-0.5,-2.2,-0.1,2020
305,Trey Lyles,PF,24,SAS,63,1271,12.6,.557,.490,.131,6.0,24.6,15.3,7.2,1.1,1.9,9.7,13.6,,1.2,1.0,2.2,.083,,-0.5,-0.7,-1.2,0.3,2020
310,Thon Maker,C,22,DET,60,776,13.7,.582,.332,.570,7.8,16.7,12.2,8.0,1.6,4.2,15.7,16.1,,0.7,0.8,1.5,.096,,-2.1,0.7,-1.4,0.1,2020
312,Boban Marjanović,C,31,DAL,44,422,25.7,.612,.081,.270,16.6,32.1,24.5,8.3,0.9,2.0,11.3,26.9,,1.2,0.6,1.8,.200,,2.8,-1.6,1.2,0.3,2020
313,Lauri Markkanen,PF,22,CHI,50,1492,14.3,.560,.536,.259,4.2,19.7,11.6,7.6,1.4,1.5,11.0,21.1,,1.0,1.6,2.6,.084,,0.2,-0.8,-0.6,0.5,2020
315,Cody Martin,SF,24,CHO,48,903,10.5,.505,.372,.314,4.4,15.1,9.6,15.7,2.2,0.9,15.7,13.6,,0.2,0.8,1.0,.052,,-3.1,1.0,-2.1,0.0,2020
320,Wesley Matthews,SG,33,MIL,67,1635,8.1,.547,.704,.161,1.4,8.2,5.0,7.1,1.1,0.5,8.7,12.5,,0.8,2.4,3.2,.093,,-2.6,0.7,-1.8,0.1,2020
323,CJ McCollum,SG,28,POR,70,2556,17.0,.541,.378,.136,1.9,10.2,6.1,19.1,1.0,1.4,8.1,25.9,,3.5,0.6,4.1,.077,,2.3,-1.8,0.5,1.6,2020
324,T.J. McConnell,PG,27,IND,71,1326,16.5,.540,.041,.102,3.2,12.4,7.8,37.6,2.0,0.7,18.9,17.5,,1.7,1.7,3.3,.121,,0.1,0.4,0.5,0.8,2020
326,Doug McDermott,PF,28,IND,69,1372,14.4,.620,.537,.106,2.1,11.7,7.0,8.4,0.4,0.3,6.8,19.6,,2.3,1.1,3.3,.117,,1.4,-1.3,0.0,0.7,2020
327,JaVale McGee,C,32,LAL,68,1130,19.4,.652,.020,.268,12.2,25.4,18.9,4.6,1.5,7.5,13.9,14.8,,2.2,2.4,4.7,.198,,-0.6,2.1,1.5,1.0,2020
328,Rodney McGruder,SG,28,LAC,56,871,6.7,.477,.492,.188,3.6,14.2,9.0,5.3,1.4,0.8,10.9,10.6,,-0.1,1.1,1.0,.055,,-3.7,0.8,-3.0,-0.2,2020
331,Ben McLemore,SF,26,HOU,71,1619,11.8,.622,.829,.123,1.3,8.9,5.1,5.2,1.3,0.8,8.0,16.0,,2.2,1.1,3.3,.099,,0.1,-0.6,-0.5,0.6,2020
333,Nicolò Melli,C,29,NOP,60,1042,11.4,.556,.638,.226,3.9,14.5,9.2,10.5,1.5,1.8,11.5,15.7,,0.9,0.9,1.8,.082,,-1.5,0.2,-1.3,0.2,2020
334,De'Anthony Melton,PG,21,MEM,60,1167,13.5,.501,.349,.302,4.0,15.7,9.9,20.1,3.1,1.5,15.6,19.2,,0.1,1.7,1.7,.072,,-2.2,2.0,-0.2,0.5,2020
336,Khris Middleton,SF,28,MIL,62,1853,21.1,.619,.374,.240,2.5,17.0,10.2,22.2,1.3,0.3,11.6,26.4,,4.6,3.3,7.9,.205,,3.4,0.7,4.1,2.9,2020
340,Patty Mills,PG,31,SAS,66,1485,14.8,.592,.674,.187,1.6,6.2,3.9,11.4,1.7,0.4,7.7,20.4,,2.3,0.5,2.8,.091,,1.2,-1.2,0.0,0.8,2020
341,Paul Millsap,PF,34,DEN,51,1240,16.9,.591,.283,.322,8.9,17.6,13.2,9.6,1.8,2.2,12.3,20.0,,2.1,1.4,3.5,.136,,0.3,-0.2,0.1,0.7,2020
343,Donovan Mitchell,SG,23,UTA,69,2364,18.8,.558,.352,.240,2.6,11.3,7.1,21.6,1.4,0.5,11.0,30.8,,3.2,2.2,5.4,.110,,2.4,-0.6,1.9,2.3,2020
346,Malik Monk,SG,21,CHO,55,1169,12.6,.530,.418,.205,2.4,12.6,7.3,16.6,1.1,1.3,12.6,22.9,,0.1,0.6,0.7,.028,,-1.1,-1.3,-2.3,-0.1,2020
348,E'Twaun Moore,SG,30,NOP,56,1020,11.3,.510,.382,.103,3.2,10.4,6.8,11.0,1.5,0.9,8.1,19.9,,0.3,0.7,0.9,.043,,-1.9,-0.8,-2.7,-0.2,2020
349,Ja Morant,PG,20,MEM,67,2074,17.4,.556,.191,.329,2.6,10.4,6.6,35.2,1.3,0.8,17.0,25.9,,2.3,1.5,3.8,.088,,1.4,-1.2,0.3,1.2,2020
351,Marcus Morris,SF-PF,30,TOT,62,1936,14.3,.570,.430,.272,3.2,14.0,8.5,6.8,1.2,1.4,9.7,21.9,,2.1,1.5,3.6,.088,,0.6,-0.7,-0.1,0.9,2020
352,Markieff Morris,PF,30,TOT,58,1187,12.5,.565,.498,.186,3.8,17.1,10.3,10.1,1.3,1.2,13.3,20.9,,0.5,1.0,1.4,.058,,-1.1,-0.9,-2.0,0.0,2020
353,Monte Morris,PG,24,DEN,73,1636,14.9,.545,.304,.157,1.6,7.7,4.7,22.1,1.7,1.0,8.1,17.5,,2.7,1.1,3.8,.112,,0.4,-0.5,-0.2,0.7,2020
355,Emmanuel Mudiay,PG,23,UTA,54,850,13.0,.543,.266,.254,2.4,13.5,8.2,20.9,1.4,1.0,17.3,22.6,,0.1,0.9,1.0,.057,,-1.8,-0.1,-1.9,0.0,2020
357,Dejounte Murray,PG,23,SAS,66,1687,16.2,.524,.174,.179,4.4,20.1,12.2,23.1,3.1,0.9,15.4,20.8,,0.7,2.0,2.6,.074,,-0.9,1.3,0.4,1.0,2020
358,Jamal Murray,PG,22,DEN,59,1904,17.7,.559,.362,.207,2.7,11.2,6.9,22.9,1.7,0.8,11.5,25.2,,2.8,1.5,4.3,.107,,2.0,-0.8,1.2,1.5,2020
360,Mike Muscala,C,28,OKC,47,572,12.5,.569,.757,.116,3.2,17.3,10.4,10.1,0.8,1.8,7.9,16.6,,0.7,0.6,1.3,.107,,0.1,-0.2,-0.1,0.3,2020
361,Svi Mykhailiuk,SF,22,DET,56,1265,11.2,.578,.704,.173,1.5,7.9,4.7,12.3,1.6,0.3,12.3,17.1,,1.0,0.6,1.6,.060,,-0.7,-1.2,-1.9,0.0,2020
362,Abdel Nader,SF,26,OKC,55,867,11.3,.591,.487,.251,1.8,10.6,6.4,6.4,1.3,2.0,12.8,17.0,,0.5,0.9,1.3,.074,,-1.2,0.2,-1.0,0.2,2020
363,Larry Nance Jr.,PF,27,CLE,56,1472,17.3,.608,.369,.172,7.9,23.1,15.4,12.3,1.9,1.3,11.5,15.2,,2.8,1.1,3.9,.128,,1.4,0.4,1.7,1.4,2020
364,Shabazz Napier,PG,28,TOT,56,1344,13.8,.552,.526,.336,2.0,10.9,6.3,27.8,2.4,0.7,19.7,20.0,,0.8,0.9,1.7,.059,,-0.7,-0.4,-1.1,0.3,2020
365,Raul Neto,PG,27,PHI,54,668,12.7,.567,.396,.212,1.8,8.3,5.0,20.3,1.7,0.8,16.2,18.7,,0.5,0.6,1.2,.083,,-1.2,-0.6,-1.8,0.0,2020
367,Georges Niang,PF,26,UTA,66,923,11.7,.589,.699,.075,1.9,12.9,7.6,7.0,0.9,0.4,8.3,17.2,,1.0,0.8,1.8,.092,,0.4,-0.5,-0.1,0.4,2020
369,Nerlens Noel,C,25,OKC,61,1127,20.4,.711,.011,.394,9.2,19.9,14.7,7.6,2.5,6.9,17.3,14.9,,2.6,2.3,4.9,.209,,-0.3,3.4,3.1,1.5,2020
372,Frank Ntilikina,PG,21,NYK,57,1187,9.8,.497,.411,.177,2.0,9.1,5.4,20.2,2.2,1.3,16.5,15.4,,0.1,0.8,0.9,.037,,-3.6,0.4,-3.2,-0.4,2020
373,Kendrick Nunn,PG,24,MIA,67,1962,12.9,.534,.428,.109,1.2,8.7,5.1,18.5,1.4,0.8,10.6,24.1,,0.4,1.6,2.0,.049,,-1.0,-1.3,-2.3,-0.1,2020
376,Royce O'Neale,SF,26,UTA,71,2049,9.5,.578,.668,.151,1.5,18.8,10.4,11.6,1.4,1.3,13.5,9.6,,1.8,2.5,4.3,.101,,-1.3,2.2,0.9,1.5,2020
378,Semi Ojeleye,PF,25,BOS,69,1011,7.7,.562,.648,.163,2.8,12.5,7.7,4.7,1.0,0.5,8.3,9.7,,0.8,1.0,1.9,.088,,-2.1,0.4,-1.7,0.1,2020
380,Elie Okobo,PG,22,PHO,55,719,10.6,.516,.392,.392,2.4,11.6,6.9,21.2,1.6,0.5,15.2,14.8,,0.5,0.5,1.0,.067,,-1.9,0.0,-1.9,0.0,2020
381,Josh Okogie,SG,21,MIN,62,1547,11.5,.553,.387,.480,5.7,12.8,9.1,8.9,2.0,1.4,15.3,15.1,,0.9,1.2,2.2,.068,,-2.4,0.0,-2.4,-0.2,2020
384,Kelly Olynyk,C,28,MIA,67,1300,14.6,.621,.588,.251,3.9,21.6,13.1,13.3,1.7,1.8,13.8,17.4,,1.9,1.8,3.7,.135,,0.0,1.0,1.0,1.0,2020
386,Cedi Osman,SF,24,CLE,65,1910,10.7,.552,.527,.154,2.2,11.3,6.7,11.6,1.4,0.7,12.3,16.6,,1.0,0.6,1.6,.040,,-1.7,-0.9,-2.6,-0.3,2020
387,Kelly Oubre Jr.,SF,24,PHO,56,1933,14.9,.560,.372,.298,3.8,17.1,10.4,6.6,1.7,1.8,8.2,22.4,,1.7,2.1,3.8,.093,,-0.3,-0.3,-0.5,0.7,2020
392,Eric Paschall,PF,23,GSW,60,1654,14.5,.571,.202,.331,5.2,13.1,9.0,12.7,0.9,0.7,11.4,21.4,,1.6,0.5,2.1,.062,,-0.7,-2.0,-2.7,-0.3,2020
394,Patrick Patterson,PF,30,LAC,59,776,11.5,.580,.738,.185,4.8,15.1,10.1,7.2,0.4,0.3,7.7,14.7,,1.1,0.8,1.9,.118,,0.8,-0.5,0.3,0.5,2020
396,Chris Paul,PG,34,OKC,70,2208,21.7,.610,.343,.315,1.3,15.7,8.7,34.0,2.4,0.4,13.8,23.3,,5.9,3.0,8.9,.193,,3.0,1.4,4.4,3.5,2020
398,Elfrid Payton,PG,25,NYK,45,1246,16.0,.470,.157,.195,4.3,14.1,9.1,38.6,2.7,1.3,16.7,19.5,,0.5,1.2,1.7,.065,,-0.4,0.4,0.0,0.6,2020
402,Mason Plumlee,C,29,DEN,61,1057,18.8,.613,.017,.538,10.4,23.2,16.8,20.9,1.5,3.3,18.7,18.0,,2.0,1.4,3.4,.153,,0.3,1.7,2.0,1.1,2020
403,Jakob Poeltl,C,24,SAS,66,1171,19.1,.612,.000,.323,12.1,22.5,17.3,13.6,1.5,7.1,15.1,13.2,,2.4,1.6,4.0,.163,,0.5,2.0,2.5,1.3,2020
406,Jordan Poole,SG,20,GSW,57,1274,7.2,.454,.528,.237,0.7,9.6,5.0,15.8,1.3,0.7,11.8,21.1,,-1.6,0.4,-1.2,-0.047,,-4.4,-2.2,-6.6,-1.5,2020
407,Kevin Porter Jr.,SF,19,CLE,50,1162,10.8,.535,.375,.240,2.1,13.5,7.7,13.9,1.9,1.0,16.7,20.5,,-0.3,0.6,0.3,.012,,-3.2,-0.6,-3.8,-0.5,2020
408,Michael Porter Jr.,SF,21,DEN,55,903,19.8,.617,.384,.188,8.2,23.9,16.1,7.9,1.5,2.6,10.6,22.3,,1.8,1.1,2.9,.154,,2.4,-0.8,1.5,0.8,2020
410,Bobby Portis,PF,24,NYK,66,1393,14.6,.530,.317,.158,6.0,20.4,12.9,11.1,1.1,1.2,10.4,21.4,,0.9,1.0,1.9,.064,,0.0,-1.1,-1.1,0.3,2020
411,Kristaps Porziņģis,C,24,DAL,57,1814,20.2,.551,.432,.304,5.9,25.1,15.6,8.8,1.1,5.4,8.0,27.0,,2.6,2.6,5.2,.138,,1.8,0.1,1.9,1.8,2020
413,Norman Powell,SG,26,TOR,52,1479,16.8,.624,.457,.256,1.9,11.4,6.8,9.7,1.9,1.4,10.4,21.5,,2.3,2.3,4.6,.150,,1.2,0.8,2.0,1.5,2020
414,Taurean Prince,PF,25,BRK,64,1857,9.1,.497,.583,.120,2.8,18.1,10.6,9.2,1.5,1.1,14.0,20.4,,-1.7,2.3,0.6,.014,,-2.8,-0.1,-2.9,-0.4,2020
416,Julius Randle,PF,25,NYK,64,2080,17.5,.538,.230,.350,7.5,24.9,16.0,15.8,1.2,1.0,14.3,27.6,,0.9,1.8,2.7,.062,,0.7,-1.0,-0.3,0.9,2020
418,Cam Reddish,SF,20,ATL,58,1551,9.0,.500,.451,.227,2.4,12.7,7.5,8.0,1.9,1.5,13.6,18.9,,-1.2,0.8,-0.4,-0.011,,-3.3,-1.0,-4.2,-0.9,2020
419,J.J. Redick,SG,35,NOP,60,1581,15.4,.644,.629,.293,0.7,9.5,5.1,10.8,0.6,0.5,9.5,20.4,,3.6,0.6,4.1,.125,,2.3,-1.7,0.7,1.1,2020
421,Josh Richardson,SG,26,PHI,55,1693,12.0,.533,.385,.218,2.7,8.7,5.7,13.9,1.5,1.8,12.8,20.6,,0.5,1.7,2.1,.061,,-1.4,-0.4,-1.8,0.1,2020
422,Austin Rivers,SG,27,HOU,68,1594,10.4,.542,.539,.222,1.8,9.8,5.8,10.0,1.4,0.5,8.3,15.6,,1.2,1.2,2.4,.072,,-2.1,-0.4,-2.5,-0.2,2020
424,Duncan Robinson,SG,25,MIA,73,2166,13.1,.684,.882,.105,0.5,11.0,6.0,7.1,0.8,0.9,8.9,16.0,,3.7,1.6,5.3,.118,,1.5,-1.0,0.5,1.3,2020
425,Glenn Robinson III,SF,26,TOT,62,1786,13.3,.577,.333,.145,4.8,11.9,8.2,8.4,1.4,0.8,8.0,16.4,,2.0,0.9,2.9,.078,,-0.5,-1.2,-1.7,0.1,2020
426,Jerome Robinson,SG,22,TOT,63,979,7.4,.476,.494,.184,1.4,12.8,7.0,11.9,1.3,1.5,12.8,16.4,,-0.6,0.8,0.2,.009,,-3.8,-0.2,-3.9,-0.5,2020
428,Mitchell Robinson,C,21,NYK,61,1412,23.5,.726,.000,.434,13.7,18.8,16.2,3.9,1.8,8.0,8.3,13.3,,4.8,2.0,6.8,.230,,1.6,1.4,2.9,1.8,2020
430,Rajon Rondo,PG,33,LAL,48,984,12.4,.494,.381,.125,2.6,13.1,7.9,32.9,1.9,0.2,20.8,18.7,,0.1,1.3,1.4,.068,,-1.2,-0.1,-1.4,0.2,2020
431,Derrick Rose,PG,31,DET,50,1298,21.0,.555,.195,.185,2.3,8.3,5.3,40.5,1.5,1.0,13.4,31.6,,1.8,0.7,2.5,.092,,3.9,-1.7,2.2,1.4,2020
432,Terrence Ross,SG,28,ORL,69,1889,14.0,.548,.596,.217,0.7,12.3,6.3,6.8,2.0,1.1,7.0,22.8,,1.1,2.0,3.0,.077,,-0.1,-0.3,-0.4,0.8,2020
433,Terry Rozier,PG,25,CHO,63,2164,14.8,.553,.450,.202,2.4,11.8,7.0,20.4,1.4,0.4,12.1,23.7,,1.9,1.1,3.0,.066,,0.8,-1.2,-0.4,0.8,2020
434,Ricky Rubio,PG,29,PHO,65,2016,16.5,.535,.312,.327,2.5,14.4,8.4,39.7,2.2,0.5,17.9,20.4,,2.9,2.0,4.9,.117,,0.7,0.2,1.0,1.5,2020
435,D'Angelo Russell,PG,23,TOT,45,1452,18.7,.556,.509,.235,1.2,12.3,6.6,35.2,1.6,0.8,13.6,31.5,,1.1,0.7,1.8,.060,,3.8,-1.9,1.9,1.4,2020
436,Domantas Sabonis,PF,23,IND,62,2159,20.7,.586,.079,.349,9.7,29.3,19.6,21.7,1.1,1.2,14.8,23.3,,4.1,3.4,7.5,.168,,2.0,1.2,3.2,2.9,2020
439,Dario Šarić,PF,25,PHO,66,1632,14.2,.592,.437,.238,6.7,21.1,13.8,10.8,1.1,0.9,12.9,17.8,,2.1,1.5,3.6,.105,,-0.1,-0.3,-0.4,0.7,2020
440,Tomáš Satoranský,SG,28,CHI,65,1878,13.5,.533,.361,.220,4.3,11.0,7.5,27.1,2.1,0.4,17.7,16.7,,1.8,1.7,3.5,.090,,-1.1,-0.2,-1.2,0.4,2020
442,Dennis Schröder,PG,26,OKC,65,1999,16.7,.575,.337,.245,1.1,11.6,6.5,21.9,1.1,0.6,13.4,27.2,,1.9,1.8,3.6,.087,,1.1,-1.1,-0.1,1.0,2020
443,Mike Scott,PF,31,PHI,68,1207,11.2,.557,.620,.106,5.9,16.8,11.3,6.4,0.8,0.4,6.6,14.0,,1.4,1.1,2.5,.100,,-0.7,-1.1,-1.8,0.1,2020
445,Collin Sexton,PG,21,CLE,65,2143,16.3,.560,.235,.246,3.1,7.5,5.3,15.1,1.5,0.3,11.6,27.2,,2.1,0.4,2.5,.057,,0.3,-2.1,-1.8,0.1,2020
446,Landry Shamet,SG,22,LAC,53,1452,8.5,.580,.757,.194,0.4,6.6,3.6,9.1,0.7,0.6,9.0,13.4,,1.5,1.1,2.6,.086,,-1.8,-0.3,-2.1,0.0,2020
449,Pascal Siakam,PF,25,TOR,60,2110,17.9,.554,.331,.274,3.3,18.3,11.0,16.4,1.4,2.5,10.7,28.1,,1.8,3.6,5.4,.123,,1.3,0.5,1.8,2.0,2020
450,Chris Silva,PF,23,MIA,44,346,17.3,.651,.038,.705,20.2,20.6,20.4,9.9,1.3,6.0,23.8,17.1,,0.7,0.5,1.3,.178,,-3.1,0.8,-2.3,0.0,2020
451,Ben Simmons,PG,23,PHI,57,2017,20.4,.602,.011,.461,6.2,18.2,12.2,33.8,2.9,1.4,20.4,20.9,,3.8,3.1,6.9,.165,,1.3,2.3,3.6,2.8,2020
452,Anfernee Simons,SG,20,POR,70,1449,9.0,.502,.422,.172,1.8,9.1,5.5,9.2,0.9,0.6,9.6,18.7,,0.0,0.1,0.2,.005,,-2.6,-1.9,-4.5,-0.9,2020
454,Marcus Smart,SG,25,BOS,60,1919,13.8,.518,.579,.223,2.4,10.1,6.3,21.1,2.5,1.4,12.1,18.9,,1.7,2.8,4.5,.112,,0.0,1.4,1.4,1.6,2020
456,Ish Smith,PG,31,WAS,68,1787,13.9,.509,.245,.125,1.8,12.0,6.7,27.1,1.5,1.5,11.6,19.1,,1.3,0.6,1.9,.051,,-0.3,-1.0,-1.3,0.3,2020
459,Tony Snell,SF,28,DET,59,1641,9.7,.598,.665,.084,0.6,7.1,3.8,10.9,1.0,0.8,7.3,11.4,,2.1,0.5,2.6,.076,,-1.2,-0.6,-1.8,0.1,2020
460,Omari Spellman,C,22,GSW,49,886,14.4,.551,.373,.312,9.1,18.0,13.4,8.1,1.8,2.4,13.9,18.8,,0.5,0.7,1.2,.066,,-0.8,-1.0,-1.8,0.1,2020
464,Jayson Tatum,PF,21,BOS,66,2265,20.4,.567,.383,.255,3.1,18.5,10.9,14.5,2.0,2.3,10.2,28.6,,3.2,3.7,6.9,.146,,3.5,0.6,4.0,3.4,2020
465,Jeff Teague,PG,31,TOT,59,1464,14.6,.557,.239,.403,1.9,8.6,5.2,30.7,1.4,1.1,16.8,19.5,,1.9,0.6,2.5,.082,,-0.2,-1.3,-1.5,0.2,2020
466,Garrett Temple,SG,33,BRK,62,1730,10.5,.513,.658,.148,1.8,11.1,6.5,12.8,1.3,1.4,9.0,16.6,,0.7,1.7,2.4,.066,,-1.4,0.3,-1.1,0.4,2020
467,Daniel Theis,C,27,BOS,65,1566,17.9,.631,.225,.268,9.7,19.3,14.6,10.1,1.1,5.0,10.2,14.4,,4.0,2.6,6.5,.201,,0.6,1.8,2.4,1.7,2020
472,Tristan Thompson,PF,28,CLE,57,1721,16.8,.540,.041,.286,14.5,22.9,18.6,10.5,0.9,2.5,14.0,18.3,,2.0,1.1,3.1,.085,,-0.2,-1.3,-1.5,0.2,2020
474,Matisse Thybulle,SG,22,PHI,65,1287,10.0,.539,.592,.155,3.8,5.4,4.6,8.0,3.5,3.1,15.3,11.2,,0.3,2.0,2.3,.086,,-2.8,3.1,0.3,0.8,2020
475,Anthony Tolliver,PF,34,TOT,55,872,7.0,.513,.797,.159,4.1,14.3,9.3,6.0,1.0,1.1,14.9,11.1,,0.0,0.4,0.5,.026,,-2.7,-0.5,-3.2,-0.3,2020
478,Gary Trent Jr.,SF,21,POR,61,1332,12.9,.587,.608,.102,2.0,5.8,3.9,6.3,1.7,1.0,4.4,15.3,,2.2,0.3,2.5,.089,,0.5,-0.8,-0.3,0.6,2020
480,P.J. Tucker,PF,34,HOU,72,2467,8.3,.559,.702,.113,4.7,15.6,10.1,6.0,1.4,1.2,13.9,8.7,,1.6,2.4,4.0,.078,,-2.4,0.6,-1.9,0.1,2020
483,Myles Turner,C,23,IND,62,1826,14.8,.566,.426,.288,5.2,19.1,12.2,5.4,1.2,6.4,11.4,17.9,,1.1,3.1,4.2,.111,,-1.0,1.1,0.1,1.0,2020
485,Jonas Valančiūnas,C,27,MEM,70,1845,22.2,.631,.123,.271,12.4,32.2,22.5,10.9,0.8,3.6,13.3,21.5,,4.2,2.8,7.0,.182,,2.1,0.2,2.4,2.0,2020
488,Fred VanVleet,SG,25,TOR,54,1928,16.3,.553,.484,.256,1.0,9.9,5.6,27.7,2.5,0.9,12.3,21.7,,2.8,3.1,5.8,.145,,1.3,1.4,2.7,2.3,2020
491,Nikola Vučević,C,29,ORL,62,1998,21.9,.549,.280,.162,7.3,29.7,18.1,19.5,1.3,2.1,7.4,25.8,,3.5,2.9,6.4,.153,,3.7,0.5,4.2,3.1,2020
493,Moritz Wagner,C,22,WAS,45,835,15.1,.638,.301,.357,7.0,22.2,14.3,9.8,1.6,2.0,17.7,18.6,,1.1,0.6,1.7,.099,,-2.0,-0.3,-2.3,-0.1,2020
495,Kemba Walker,PG,29,BOS,56,1742,20.0,.575,.532,.272,2.2,11.0,6.7,24.2,1.3,1.5,10.5,27.2,,3.9,2.0,5.9,.162,,4.9,-0.3,4.6,2.9,2020
496,Lonnie Walker IV,SG,21,SAS,61,988,10.5,.507,.283,.171,2.5,12.7,7.6,9.6,1.5,1.2,10.3,18.7,,-0.2,0.6,0.3,.016,,-2.5,-1.0,-3.5,-0.4,2020
499,Brad Wanamaker,PG,30,BOS,71,1369,12.8,.577,.282,.376,1.7,9.4,5.6,17.8,2.2,0.9,15.3,15.5,,1.8,1.8,3.5,.124,,-1.9,1.3,-0.6,0.5,2020
500,T.J. Warren,SF,26,IND,67,2202,18.4,.610,.227,.205,3.4,10.5,7.0,7.1,1.7,1.4,7.2,23.3,,4.0,2.6,6.5,.143,,1.2,0.0,1.1,1.7,2020
501,P.J. Washington,PF,21,CHO,58,1759,12.4,.547,.390,.231,3.5,16.6,9.8,11.3,1.5,2.3,12.5,18.6,,0.5,1.5,2.0,.054,,-1.7,0.1,-1.6,0.2,2020
506,Russell Westbrook,PG,31,HOU,57,2049,21.0,.536,.166,.297,5.1,18.1,11.5,35.6,2.1,0.8,15.0,34.4,,1.7,2.5,4.2,.098,,1.6,-0.1,1.5,1.8,2020
507,Coby White,PG,19,CHI,65,1674,11.9,.506,.475,.163,1.8,14.0,7.6,16.5,1.4,0.3,11.4,24.4,,-0.5,1.4,0.9,.026,,-1.3,-1.6,-2.9,-0.4,2020
508,Derrick White,SG,25,SAS,68,1677,16.4,.593,.391,.382,2.3,12.1,7.2,20.0,1.3,3.1,12.1,18.9,,3.1,1.1,4.2,.119,,1.2,0.1,1.3,1.4,2020
509,Hassan Whiteside,C,30,POR,67,2008,25.0,.644,.010,.340,13.6,33.3,23.6,5.9,0.6,8.4,12.9,19.6,,5.6,3.0,8.5,.204,,2.5,0.7,3.2,2.6,2020
510,Andrew Wiggins,SF,24,TOT,54,1858,16.4,.536,.342,.274,3.6,12.3,7.8,18.1,1.1,2.4,10.7,27.4,,0.8,1.1,1.9,.050,,1.1,-1.4,-0.3,0.8,2020
511,Grant Williams,PF,21,BOS,69,1043,7.9,.505,.455,.256,6.1,12.1,9.1,8.5,1.4,3.2,17.6,11.6,,0.1,1.4,1.6,.071,,-4.1,1.4,-2.7,-0.2,2020
514,Lou Williams,PG,33,LAC,65,1864,17.3,.546,.337,.362,1.8,9.2,5.6,30.1,1.1,0.6,14.4,28.4,,2.3,1.8,4.1,.105,,2.1,-1.4,0.7,1.3,2020
515,Marvin Williams,PF,33,TOT,58,1129,11.2,.587,.584,.213,2.8,14.3,8.5,7.6,1.6,2.4,10.2,12.5,,1.1,1.3,2.4,.102,,-1.6,1.0,-0.6,0.4,2020
521,Christian Wood,PF,24,DET,62,1325,23.2,.659,.276,.476,8.8,24.8,16.7,7.6,1.3,3.4,12.0,23.0,,3.6,1.5,5.1,.183,,3.5,-0.3,3.1,1.7,2020
522,Delon Wright,PG,27,DAL,73,1570,15.4,.554,.309,.243,4.7,13.8,9.4,21.0,2.6,1.2,13.8,14.4,,2.6,1.8,4.4,.134,,0.0,1.9,1.9,1.5,2020
524,Thaddeus Young,PF,31,CHI,64,1591,13.3,.521,.369,.120,6.2,16.1,10.9,11.3,2.8,1.4,13.9,19.7,,-0.2,2.1,1.9,.058,,-1.4,0.2,-1.2,0.3,2020
525,Trae Young,PG,21,ATL,60,2120,23.9,.595,.455,.448,1.6,11.5,6.5,45.6,1.4,0.3,16.2,34.9,,5.3,0.6,5.9,.133,,6.2,-2.3,3.9,3.1,2020
526,Cody Zeller,C,27,CHO,58,1341,18.8,.576,.157,.374,12.6,21.2,16.7,11.3,1.5,1.7,11.9,20.8,,2.3,1.3,3.6,.129,,0.2,-0.8,-0.6,0.5,2020
529,Ivica Zubac,C,22,LAC,72,1326,21.7,.651,.005,.431,15.9,26.4,21.3,9.1,0.6,4.4,11.8,16.4,,4.4,2.3,6.6,.241,,1.9,0.9,2.8,1.6,2020
