Rk,Player,Pos,Age,Tm,G,MP,PER,TS%,3PAr,FTr,ORB%,DRB%,TRB%,AST%,STL%,BLK%,TOV%,USG%,Unnamed: 19,OWS,DWS,WS,WS/48,Unnamed: 24,OBPM,DBPM,BPM,VORP,Year
1,Precious Achiuwa,C,22,TOR,73,1725,12.7,.503,.259,.217,8.7,21.7,14.9,6.9,1.1,2.3,11.3,18.5,,0.4,2.1,2.5,.070,,-2.0,-0.6,-2.6,-0.2,2022
2,Steven Adams,C,28,MEM,76,1999,17.6,.560,.003,.518,17.9,22.0,19.9,16.1,1.6,2.7,19.6,12.0,,3.8,3.0,6.8,.163,,1.0,1.0,2.0,2.0,2022
3,Bam Adebayo,C,24,MIA,56,1825,21.8,.608,.008,.466,8.7,26.1,17.5,17.5,2.2,2.6,14.4,25.0,,3.6,3.5,7.2,.188,,1.7,2.1,3.8,2.7,2022
5,LaMarcus Aldridge,C,36,BRK,47,1050,19.6,.604,.100,.223,7.8,18.7,13.4,6.3,0.6,4.0,8.0,22.4,,2.1,1.0,3.1,.141,,1.3,-0.6,0.7,0.7,2022
6,Nickeil Alexander-Walker,SG,23,TOT,65,1466,10.5,.475,.497,.160,2.7,11.5,7.1,16.1,1.5,1.5,11.3,24.1,,-1.1,1.1,0.1,.003,,-1.8,-1.1,-2.9,-0.3,2022
7,Grayson Allen,SG,26,MIL,66,1805,12.7,.609,.684,.130,1.9,10.9,6.5,7.6,1.2,1.0,6.7,15.2,,2.8,1.4,4.2,.110,,0.6,-0.2,0.4,1.1,2022
8,Jarrett Allen,C,23,CLE,56,1809,23.0,.698,.018,.428,12.0,24.5,18.4,8.2,1.2,3.7,12.7,18.1,,5.4,3.0,8.5,.225,,2.7,1.2,3.9,2.7,2022
9,Jose Alvarado,PG,23,NOP,54,834,16.4,.520,.374,.180,3.2,10.2,6.6,26.9,4.2,0.8,11.2,18.4,,1.0,1.1,2.1,.121,,-0.5,2.4,1.9,0.8,2022
11,Kyle Anderson,PF,28,MEM,69,1484,14.4,.506,.232,.224,4.8,21.6,13.0,16.2,2.5,2.7,12.1,16.2,,1.0,2.5,3.5,.113,,-0.9,2.1,1.2,1.2,2022
12,Giannis Antetokounmpo,PF,27,MIL,67,2204,32.1,.633,.194,.615,6.6,30.4,18.7,31.7,1.6,4.0,12.2,34.9,,9.2,3.7,12.9,.281,,7.6,3.5,11.2,7.4,2022
13,Thanasis Antetokounmpo,SF,29,MIL,48,473,12.5,.577,.109,.359,9.2,13.4,11.3,6.5,1.6,2.4,14.9,15.7,,0.4,0.5,0.9,.095,,-3.5,-0.1,-3.5,-0.2,2022
14,Carmelo Anthony,PF,37,LAL,69,1793,14.8,.579,.549,.220,3.7,13.5,8.6,5.6,1.3,2.6,6.9,20.4,,2.2,1.4,3.6,.097,,0.4,-0.8,-0.5,0.7,2022
15,Cole Anthony,PG,21,ORL,65,2059,13.5,.519,.429,.277,1.6,16.2,8.9,28.9,1.1,0.8,14.2,25.1,,-0.1,1.7,1.6,.038,,-0.6,-0.6,-1.2,0.4,2022
16,OG Anunoby,SF,24,TOR,48,1728,14.8,.549,.455,.169,4.4,12.6,8.3,11.0,2.1,1.4,9.7,20.5,,1.8,1.9,3.7,.104,,0.4,0.1,0.5,1.1,2022
19,D.J. Augustin,PG,34,TOT,55,883,9.7,.610,.739,.194,1.4,7.0,4.2,16.8,0.9,0.1,18.9,14.3,,0.7,0.1,0.8,.043,,-1.2,-2.4,-3.6,-0.4,2022
20,Deni Avdija,SF,21,WAS,82,1984,11.6,.536,.447,.235,3.0,20.5,11.9,11.8,1.5,1.9,12.0,16.3,,0.6,1.8,2.4,.058,,-2.1,0.4,-1.7,0.1,2022
22,Deandre Ayton,C,23,PHO,58,1713,21.9,.656,.027,.204,9.6,27.1,18.6,7.6,1.1,2.1,10.7,21.4,,4.1,3.1,7.3,.203,,2.2,0.6,2.8,2.1,2022
24,Marvin Bagley III,PF,22,TOT,48,1146,15.7,.551,.217,.226,9.7,22.6,16.0,5.2,0.9,1.4,7.4,19.8,,1.2,0.9,2.0,.085,,-0.5,-1.8,-2.3,-0.1,2022
25,LaMelo Ball,PG,20,CHO,75,2422,19.7,.554,.451,.194,4.7,17.4,11.0,35.7,2.4,1.2,15.3,28.2,,3.4,2.5,5.8,.116,,3.3,0.1,3.4,3.3,2022
27,Mo Bamba,C,23,ORL,71,1824,16.5,.582,.455,.118,8.5,24.6,16.5,7.4,1.0,5.9,10.6,17.2,,1.8,2.7,4.5,.118,,-0.2,0.9,0.7,1.2,2022
28,Desmond Bane,SG,23,MEM,76,2266,17.6,.592,.475,.141,2.1,13.6,7.7,13.5,1.9,1.1,8.7,23.1,,4.5,2.7,7.2,.153,,2.5,0.3,2.7,2.7,2022
29,Dalano Banton,PG,22,TOR,64,696,10.0,.463,.252,.218,5.6,14.1,9.7,19.8,2.0,1.4,19.3,16.9,,-0.4,0.8,0.4,.030,,-3.5,0.4,-3.1,-0.2,2022
31,Harrison Barnes,PF,29,SAC,77,2587,15.7,.623,.432,.495,3.4,14.9,9.1,10.5,1.0,0.5,10.4,18.8,,5.0,1.0,6.0,.112,,1.5,-1.3,0.2,1.4,2022
32,Scottie Barnes,PF,20,TOR,74,2617,16.3,.552,.207,.231,7.7,15.8,11.5,14.7,1.5,2.1,11.7,19.0,,3.7,2.9,6.6,.122,,0.5,0.4,0.9,1.9,2022
33,RJ Barrett,SF,21,NYK,70,2417,13.7,.511,.338,.340,2.9,15.5,9.1,14.9,0.9,0.7,9.9,27.6,,0.1,2.2,2.3,.046,,-0.3,-1.3,-1.6,0.2,2022
34,Will Barton,SG,31,DEN,71,2277,13.4,.548,.480,.142,2.2,14.1,8.3,17.6,1.2,1.2,11.8,20.8,,1.2,1.9,3.2,.067,,0.4,-0.9,-0.5,0.9,2022
37,Keita Bates-Diop,SF,26,SAS,59,956,12.4,.578,.209,.232,6.8,18.7,12.7,5.7,1.4,1.2,13.4,14.8,,0.6,1.0,1.6,.080,,-2.1,-0.5,-2.6,-0.1,2022
38,Nicolas Batum,PF,33,LAC,59,1462,13.5,.608,.698,.098,2.2,15.8,9.2,9.7,1.9,2.4,9.0,13.3,,1.6,2.1,3.7,.123,,0.5,1.8,2.3,1.6,2022
40,Darius Bazley,PF,21,OKC,69,1924,12.6,.515,.414,.262,3.7,19.8,11.6,7.7,1.5,3.4,11.1,18.3,,-0.5,2.2,1.8,.044,,-2.1,0.3,-1.8,0.1,2022
42,Malik Beasley,SG,25,MIN,79,1976,11.9,.544,.749,.071,1.4,11.2,6.2,8.5,1.0,0.6,4.7,19.4,,1.7,1.2,2.9,.069,,0.7,-1.5,-0.7,0.7,2022
44,DeAndre' Bembry,SF,27,TOT,56,1026,11.9,.601,.163,.158,4.6,12.5,8.6,8.6,2.3,2.2,11.6,11.2,,1.1,1.1,2.2,.104,,-2.2,1.5,-0.7,0.3,2022
45,Dāvis Bertāns,PF,29,TOT,56,807,9.4,.531,.836,.145,1.7,14.3,8.0,5.5,1.0,1.3,6.1,17.3,,0.2,0.7,0.9,.053,,-1.7,-0.9,-2.6,-0.1,2022
46,Patrick Beverley,PG,33,MIN,58,1476,14.8,.539,.555,.305,4.4,13.2,8.7,24.5,2.2,3.4,12.9,16.1,,2.3,1.7,4.1,.132,,0.6,2.1,2.7,1.7,2022
47,Saddiq Bey,SF,22,DET,82,2704,14.0,.529,.537,.224,4.1,14.1,8.8,13.8,1.3,0.5,7.1,21.3,,2.4,1.6,4.0,.071,,0.9,-1.2,-0.3,1.2,2022
48,Khem Birch,C,29,TOR,55,991,13.2,.534,.070,.355,12.7,13.5,13.1,7.6,1.5,2.6,11.1,11.2,,1.5,1.1,2.6,.126,,-1.7,0.4,-1.3,0.2,2022
49,Goga Bitadze,C,22,IND,50,729,18.0,.595,.317,.373,11.9,15.3,13.5,11.2,1.4,5.0,13.6,19.9,,1.3,0.6,1.9,.122,,-0.2,-0.6,-0.8,0.2,2022
51,Nemanja Bjelica,C,33,GSW,71,1142,14.2,.573,.436,.237,6.1,21.5,14.1,19.8,1.8,2.2,18.7,17.8,,1.0,2.1,3.0,.128,,-0.9,2.3,1.4,1.0,2022
52,Eric Bledsoe,PG,32,LAC,54,1361,12.5,.514,.348,.250,2.2,11.6,7.1,24.1,2.5,1.2,18.3,20.5,,-0.5,1.8,1.3,.047,,-2.1,1.3,-0.8,0.4,2022
54,Bogdan Bogdanović,SG,29,ATL,63,1848,15.4,.562,.578,.145,1.7,13.0,7.4,15.5,1.8,0.7,7.7,21.6,,2.5,1.2,3.7,.095,,1.5,-0.2,1.3,1.5,2022
55,Bojan Bogdanović,PF,32,UTA,69,2131,15.7,.599,.504,.280,3.1,11.8,7.6,8.7,0.8,0.0,10.2,23.7,,3.6,1.6,5.2,.118,,1.6,-1.6,0.0,1.1,2022
59,Devin Booker,SG,25,PHO,68,2345,21.3,.576,.336,.255,2.1,13.2,7.8,22.4,1.6,1.0,9.3,32.0,,4.3,3.3,7.6,.156,,3.9,0.2,4.1,3.6,2022
60,Brandon Boston Jr.,SG,20,LAC,51,760,11.2,.481,.342,.222,2.4,12.7,7.7,10.1,1.7,1.5,8.0,22.4,,-0.5,0.9,0.4,.026,,-3.0,-0.4,-3.3,-0.3,2022
61,Chris Boucher,PF,29,TOR,80,1690,17.9,.570,.397,.334,10.9,21.3,15.8,2.2,1.4,4.3,6.0,17.8,,3.5,2.4,6.0,.169,,0.5,-0.4,0.0,0.9,2022
63,Avery Bradley,SG,31,LAL,62,1406,7.8,.550,.600,.051,2.4,8.0,5.2,4.5,1.8,0.6,9.6,12.1,,0.3,0.9,1.2,.040,,-3.5,-0.1,-3.6,-0.6,2022
64,Tony Bradley,C,24,CHI,55,549,14.9,.600,.000,.236,13.8,24.3,19.1,6.7,0.9,5.2,20.0,13.6,,0.6,0.7,1.3,.112,,-2.0,0.2,-1.8,0.0,2022
65,Ignas Brazdeikis,SF,23,ORL,42,536,10.2,.520,.463,.170,4.5,9.7,7.1,10.7,0.9,0.5,7.8,17.7,,0.2,0.3,0.5,.041,,-2.7,-1.6,-4.3,-0.3,2022
66,Mikal Bridges,SF,25,PHO,82,2854,14.4,.627,.364,.183,2.9,10.0,6.5,8.7,1.6,1.1,6.8,15.0,,5.2,3.7,8.9,.150,,0.5,1.1,1.6,2.6,2022
67,Miles Bridges,PF,23,CHO,80,2837,17.9,.593,.383,.274,3.3,17.8,10.4,15.7,1.3,2.2,9.9,22.6,,5.0,2.3,7.2,.123,,1.8,-0.3,1.5,2.5,2022
68,Oshae Brissett,SF,23,IND,67,1564,12.9,.530,.468,.324,7.6,18.1,12.8,6.4,1.4,1.6,8.5,17.3,,1.4,0.9,2.2,.069,,-0.5,-1.7,-2.2,-0.1,2022
70,Armoni Brooks,SG-PG,23,TOT,54,844,8.4,.483,.862,.073,2.5,10.9,6.7,10.4,1.6,1.2,8.3,16.4,,-0.1,0.4,0.2,.014,,-2.6,-1.3,-3.9,-0.4,2022
72,Bruce Brown,SF,25,BRK,72,1774,15.0,.575,.186,.253,6.3,14.7,10.6,11.5,2.1,2.6,9.1,15.0,,2.8,2.0,4.8,.130,,-0.4,1.1,0.7,1.2,2022
75,Greg Brown III,SF,20,POR,48,640,11.0,.515,.321,.342,6.3,17.3,11.6,8.1,2.0,3.7,14.1,17.2,,-0.1,0.5,0.4,.029,,-4.0,-0.7,-4.7,-0.4,2022
76,Jaylen Brown,SF,25,BOS,66,2220,18.9,.574,.381,.261,2.6,16.7,9.8,17.9,1.6,0.7,11.6,30.5,,2.3,3.4,5.8,.124,,1.9,0.1,2.1,2.2,2022
78,Sterling Brown,SG,26,DAL,49,628,8.4,.495,.594,.097,4.6,21.8,13.2,7.5,1.1,1.0,12.5,13.2,,-0.1,0.9,0.8,.061,,-3.4,0.5,-2.9,-0.1,2022
79,Troy Brown Jr.,SF,22,CHI,66,1055,10.1,.525,.516,.101,4.2,17.4,10.8,8.2,1.7,0.4,8.8,12.3,,0.5,0.9,1.4,.065,,-1.7,-0.2,-1.8,0.1,2022
80,Jalen Brunson,SG,25,DAL,79,2524,17.1,.583,.250,.211,1.9,11.7,6.8,24.3,1.3,0.1,10.1,21.9,,4.9,2.7,7.5,.143,,0.9,0.0,0.9,1.9,2022
83,Reggie Bullock,SF,30,DAL,68,1902,9.2,.558,.782,.096,1.9,12.2,7.0,6.1,1.1,0.7,7.1,13.3,,1.2,2.0,3.2,.080,,-1.5,0.0,-1.4,0.3,2022
84,Trey Burke,PG,29,DAL,42,441,10.0,.475,.381,.107,1.0,7.3,4.2,20.7,1.4,0.0,10.4,25.6,,-0.4,0.4,0.0,.003,,-3.6,-1.4,-5.0,-0.3,2022
85,Alec Burks,SG,30,NYK,81,2318,13.7,.559,.534,.363,2.1,16.6,9.2,15.7,1.8,1.1,9.7,17.7,,3.2,2.9,6.1,.126,,-0.4,1.2,0.8,1.7,2022
86,Jared Butler,SG,21,UTA,42,360,12.1,.509,.583,.106,1.6,11.8,6.8,26.0,2.3,2.0,17.3,23.1,,0.0,0.5,0.4,.057,,-2.3,0.7,-1.6,0.0,2022
87,Jimmy Butler,SF,32,MIA,57,1931,23.6,.592,.140,.549,6.1,13.5,9.9,26.4,2.4,1.5,10.5,26.5,,6.2,2.9,9.2,.228,,4.5,1.9,6.3,4.0,2022
89,Kentavious Caldwell-Pope,SG,28,WAS,77,2329,12.6,.568,.492,.186,2.0,10.3,6.2,9.1,1.8,0.9,9.8,19.0,,1.4,1.4,2.8,.058,,-0.9,-0.6,-1.5,0.3,2022
90,Facundo Campazzo,PG,30,DEN,65,1184,11.1,.503,.652,.264,2.2,8.6,5.5,24.1,2.6,1.8,16.9,14.7,,0.6,1.3,2.0,.081,,-2.1,1.3,-0.8,0.4,2022
93,Clint Capela,C,27,ATL,74,2042,21.4,.604,.002,.280,15.0,31.9,23.5,6.6,1.3,4.1,6.1,15.5,,5.6,2.7,8.3,.195,,2.1,-0.1,2.0,2.1,2022
95,Jevon Carter,PG,26,TOT,66,905,9.6,.531,.672,.071,1.7,11.2,6.6,14.0,1.3,1.4,11.5,14.0,,0.5,0.7,1.2,.062,,-1.8,-0.4,-2.2,-0.1,2022
96,Wendell Carter Jr.,PF,22,ORL,62,1852,18.4,.601,.313,.303,7.9,29.1,18.5,15.4,0.9,2.1,13.1,20.9,,2.6,2.4,5.0,.129,,1.0,0.6,1.6,1.7,2022
104,Josh Christopher,SG,20,HOU,74,1334,12.2,.534,.378,.226,4.3,11.1,7.7,17.3,2.3,0.9,17.2,21.1,,-0.4,0.7,0.3,.010,,-2.2,-1.3,-3.5,-0.5,2022
106,Brandon Clarke,PF,25,MEM,64,1246,23.7,.660,.049,.291,11.1,17.8,14.4,10.3,1.5,4.9,6.3,17.7,,4.4,1.9,6.3,.241,,3.1,1.1,4.2,2.0,2022
107,Jordan Clarkson,SG,29,UTA,79,2141,14.9,.532,.536,.156,3.5,10.2,7.0,14.5,1.5,0.7,9.8,26.8,,1.5,2.0,3.5,.079,,0.5,-1.2,-0.6,0.7,2022
108,Nic Claxton,C,22,BRK,47,974,18.6,.672,.000,.352,10.4,18.9,14.8,6.4,1.2,4.7,11.1,15.1,,2.3,1.2,3.5,.171,,0.3,0.2,0.5,0.6,2022
109,Amir Coffey,SG,24,LAC,69,1567,13.0,.598,.545,.251,1.8,11.2,6.7,11.4,1.2,0.8,8.0,15.8,,2.3,1.5,3.8,.116,,-0.3,0.0,-0.3,0.7,2022
110,John Collins,PF,24,ATL,54,1663,18.7,.610,.273,.262,6.2,21.5,13.9,8.9,1.0,3.0,7.7,20.5,,3.6,1.4,5.1,.146,,1.5,0.0,1.5,1.5,2022
113,Mike Conley,PG,34,UTA,72,2058,17.2,.572,.523,.205,2.6,8.8,5.8,27.7,2.3,0.9,12.5,20.9,,4.4,2.3,6.7,.157,,2.4,0.7,3.1,2.7,2022
114,Pat Connaughton,SF,29,MIL,65,1691,13.4,.620,.746,.109,2.9,14.0,8.6,6.6,1.7,0.9,6.3,14.0,,2.8,1.6,4.4,.125,,0.8,0.3,1.2,1.4,2022
118,DeMarcus Cousins,C,31,TOT,48,718,18.2,.567,.377,.386,11.7,29.1,20.6,15.2,2.4,2.7,18.3,28.1,,0.3,1.3,1.6,.104,,-1.8,0.2,-1.6,0.1,2022
119,Robert Covington,PF,31,TOT,71,1940,12.4,.572,.681,.139,3.3,18.9,11.0,6.8,2.6,4.4,12.4,13.5,,0.8,2.4,3.2,.080,,-1.6,1.7,0.2,1.1,2022
120,Torrey Craig,SF,31,TOT,78,1596,11.0,.556,.531,.118,5.9,15.4,10.7,7.6,1.4,2.0,12.6,14.3,,0.9,1.4,2.3,.070,,-1.7,-0.1,-1.8,0.1,2022
121,Jae Crowder,PF,31,PHO,67,1886,11.3,.541,.671,.165,1.8,18.0,10.1,8.3,2.4,1.4,8.6,14.6,,0.9,3.4,4.3,.110,,-1.3,2.4,1.1,1.5,2022
124,Cade Cunningham,SG,20,DET,64,2088,13.1,.504,.352,.163,2.9,16.2,9.2,29.1,1.8,1.9,17.5,27.5,,-2.4,1.9,-0.5,-0.011,,-1.1,-0.5,-1.6,0.2,2022
125,Seth Curry,SG,31,TOT,64,2135,13.7,.615,.506,.127,1.1,9.1,5.2,16.3,1.2,0.6,12.3,18.5,,2.7,1.5,4.2,.095,,0.3,-0.9,-0.6,0.8,2022
126,Stephen Curry,PG,33,GSW,64,2211,21.4,.601,.613,.243,1.7,14.4,8.3,30.4,1.9,1.0,13.2,30.8,,4.6,3.4,8.0,.173,,5.4,0.4,5.8,4.4,2022
131,Dewayne Dedmon,C,32,MIA,67,1065,15.9,.632,.162,.345,11.4,29.4,20.6,6.7,1.1,4.2,17.3,16.9,,1.5,2.0,3.5,.157,,-2.2,1.1,-1.0,0.3,2022
134,DeMar DeRozan,PF,32,CHI,76,2743,23.1,.590,.093,.386,2.3,13.7,8.0,23.3,1.2,0.8,9.2,31.8,,7.0,1.8,8.8,.154,,3.4,-0.9,2.5,3.1,2022
137,Hamidou Diallo,SG,23,DET,58,1269,15.7,.541,.177,.266,5.6,18.7,11.8,9.8,2.7,1.2,9.0,21.8,,0.6,1.5,2.1,.079,,-1.2,0.7,-0.5,0.5,2022
138,Gorgui Dieng,C,32,ATL,44,371,17.3,.624,.607,.232,9.5,26.1,17.8,12.7,1.5,3.1,13.9,16.9,,0.8,0.4,1.2,.155,,1.4,0.8,2.1,0.4,2022
139,Spencer Dinwiddie,PG-SG,28,TOT,67,1980,15.1,.543,.449,.343,2.6,13.0,7.8,25.7,1.1,0.6,10.9,21.4,,2.7,1.4,4.1,.098,,0.8,-0.4,0.3,1.2,2022
140,Donte DiVincenzo,SG,25,TOT,42,1006,11.3,.510,.649,.247,4.3,14.0,9.1,16.1,2.3,0.7,16.2,18.9,,-0.1,0.9,0.7,.035,,-1.8,-0.5,-2.3,-0.1,2022
141,Luka Dončić,PG,22,DAL,65,2301,25.1,.571,.406,.349,2.7,26.0,14.3,46.0,1.6,1.4,15.3,37.4,,3.8,3.8,7.6,.159,,6.4,1.8,8.2,5.9,2022
142,Luguentz Dort,SG,22,OKC,51,1665,12.3,.541,.539,.263,2.3,10.9,6.5,8.6,1.3,1.0,9.8,23.3,,0.2,1.1,1.4,.040,,-1.5,-0.7,-2.3,-0.1,2022
143,Ayo Dosunmu,SG,22,CHI,77,2110,11.2,.596,.348,.146,1.4,9.9,5.7,16.5,1.4,1.2,15.9,14.1,,1.7,1.3,3.0,.069,,-1.9,-0.1,-2.0,0.0,2022
150,Andre Drummond,C,28,TOT,73,1437,21.0,.574,.007,.379,18.0,34.1,26.2,13.7,2.7,4.2,18.5,19.0,,2.0,3.1,5.1,.170,,-0.1,1.4,1.3,1.2,2022
151,Chris Duarte,SG,24,IND,55,1541,12.3,.537,.411,.180,2.9,13.6,8.2,10.9,1.8,0.6,11.8,21.1,,0.2,0.7,0.9,.029,,-1.2,-1.1,-2.3,-0.1,2022
154,Kevin Durant,PF,33,BRK,55,2047,25.6,.634,.269,.367,1.6,19.6,10.8,29.1,1.1,2.3,12.9,31.2,,6.4,2.0,8.4,.198,,6.4,0.7,7.2,4.8,2022
156,Anthony Edwards,SG,20,MIN,72,2466,16.5,.560,.484,.225,2.6,12.5,7.5,17.4,2.0,1.8,12.2,26.4,,1.8,2.4,4.3,.084,,1.6,-0.4,1.2,2.0,2022
158,Kessler Edwards,SF,21,BRK,48,987,8.3,.516,.509,.071,5.0,13.8,9.5,4.1,1.4,2.2,13.2,13.8,,-0.2,0.9,0.6,.031,,-3.1,-0.8,-3.8,-0.5,2022
160,CJ Elleby,SF,21,POR,58,1174,9.2,.491,.409,.273,6.0,15.6,10.6,10.6,1.5,1.6,14.0,14.8,,-0.1,0.5,0.4,.016,,-3.8,-1.5,-5.3,-1.0,2022
161,Wayne Ellington,SG,34,LAL,43,810,9.9,.593,.890,.046,1.3,8.9,5.1,5.0,1.4,0.5,7.3,13.8,,0.6,0.4,1.0,.062,,-0.7,-0.6,-1.4,0.1,2022
162,Joel Embiid,C,27,PHI,68,2297,31.2,.616,.188,.602,7.2,31.1,19.4,23.5,1.7,3.9,11.3,37.2,,7.9,4.1,12.0,.252,,7.2,2.0,9.2,6.5,2022
164,Drew Eubanks,C,24,TOT,71,1245,18.0,.638,.062,.350,11.0,22.2,16.5,10.1,1.2,2.8,15.9,17.5,,2.2,1.1,3.4,.130,,-0.5,-0.9,-1.4,0.2,2022
168,Dorian Finney-Smith,PF,28,DAL,80,2644,12.5,.604,.629,.120,5.1,10.7,7.9,8.2,1.7,1.3,9.9,13.8,,3.4,3.2,6.6,.121,,0.1,0.7,0.8,1.9,2022
170,Malachi Flynn,PG,23,TOR,44,537,11.7,.488,.492,.131,1.9,11.3,6.4,18.5,1.9,0.7,6.3,16.5,,0.5,0.5,1.0,.092,,-1.8,0.4,-1.5,0.1,2022
171,Bryn Forbes,SG,28,TOT,75,1286,11.5,.574,.547,.161,0.9,6.9,3.9,8.3,0.9,0.3,8.8,21.2,,0.8,0.6,1.4,.054,,-0.7,-2.2,-2.9,-0.3,2022
173,Trent Forrest,PG,23,UTA,60,765,10.9,.554,.174,.310,3.4,10.5,7.1,18.6,1.9,0.7,21.4,12.8,,0.5,0.8,1.3,.084,,-2.3,1.2,-1.0,0.2,2022
174,Evan Fournier,SG,29,NYK,80,2358,12.3,.554,.641,.117,1.5,8.2,4.8,11.9,1.7,0.8,9.4,20.8,,1.5,2.2,3.7,.075,,-0.4,-0.3,-0.7,0.7,2022
175,De'Aaron Fox,PG,24,SAC,59,2083,17.4,.549,.228,.319,1.3,10.9,6.0,26.8,1.6,1.0,11.9,29.1,,1.5,1.0,2.5,.058,,0.6,-1.2,-0.6,0.7,2022
181,Daniel Gafford,C,23,WAS,72,1444,21.8,.708,.002,.372,12.1,19.0,15.6,7.3,1.0,5.8,12.0,16.7,,4.4,1.6,6.0,.198,,1.1,0.5,1.6,1.3,2022
182,Danilo Gallinari,PF,33,ATL,66,1672,14.3,.579,.492,.261,2.3,17.8,10.1,8.5,0.8,0.6,5.4,18.4,,2.8,0.8,3.6,.105,,1.0,-1.2,-0.2,0.8,2022
184,Darius Garland,PG,22,CLE,68,2430,19.0,.576,.387,.205,1.8,8.2,5.1,39.9,1.8,0.3,16.2,27.8,,3.8,2.5,6.3,.125,,3.4,-0.8,2.6,2.8,2022
188,Rudy Gay,PF,35,UTA,55,1038,13.0,.539,.536,.208,6.0,19.1,12.8,7.8,1.2,1.6,10.2,19.3,,0.8,1.3,2.1,.097,,-0.7,-0.3,-1.0,0.3,2022
190,Taj Gibson,C,36,NYK,52,946,12.0,.606,.229,.313,9.8,16.3,13.0,4.9,1.2,4.2,12.5,10.0,,1.4,1.2,2.7,.135,,-3.0,1.0,-2.0,0.0,2022
191,Josh Giddey,SF,19,OKC,54,1700,13.3,.478,.318,.118,5.8,19.8,12.7,32.3,1.5,1.1,19.5,22.2,,-1.3,1.7,0.4,.010,,-1.2,0.3,-0.9,0.5,2022
192,Shai Gilgeous-Alexander,PG,23,OKC,56,1942,20.9,.557,.282,.385,1.9,13.0,7.4,31.1,1.8,2.2,11.1,30.8,,2.8,1.8,4.6,.113,,2.9,0.5,3.4,2.7,2022
193,Anthony Gill,PF,29,WAS,44,463,14.7,.682,.239,.477,8.0,12.2,10.2,8.3,0.5,2.0,12.0,14.4,,1.1,0.2,1.4,.140,,-0.6,-1.3,-1.9,0.0,2022
195,Rudy Gobert,C,29,UTA,66,2120,24.7,.732,.008,.864,12.9,36.3,25.0,5.1,1.0,5.7,14.5,16.9,,7.3,4.3,11.7,.264,,2.9,1.7,4.6,3.6,2022
198,Aaron Gordon,PF,26,DEN,75,2376,15.3,.602,.312,.276,6.1,14.3,10.3,11.6,0.9,1.7,12.5,19.7,,3.2,2.0,5.2,.105,,0.5,-1.1,-0.6,0.9,2022
199,Eric Gordon,SG,33,HOU,57,1669,12.1,.614,.534,.239,1.0,6.5,3.7,14.1,0.8,1.0,14.6,18.6,,1.5,-0.1,1.4,.040,,-0.1,-2.2,-2.3,-0.1,2022
200,Devonte' Graham,PG,26,NOP,76,2162,12.1,.514,.691,.172,1.9,7.3,4.5,21.0,1.6,0.5,10.7,19.5,,1.6,1.2,2.8,.062,,0.2,-1.2,-1.0,0.5,2022
201,Jerami Grant,PF,27,DET,47,1500,16.1,.556,.363,.371,1.9,12.4,6.9,12.5,1.4,2.9,9.5,25.7,,1.2,1.1,2.3,.075,,1.4,-0.2,1.2,1.2,2022
203,Danny Green,SF,34,PHI,62,1353,9.5,.561,.847,.044,2.7,10.1,6.5,6.5,2.2,2.5,12.1,12.3,,0.3,1.6,1.9,.067,,-1.4,0.8,-0.5,0.5,2022
204,Draymond Green,PF,31,GSW,46,1329,14.3,.582,.210,.354,3.8,23.2,13.8,32.5,2.2,3.6,31.9,14.3,,0.8,2.8,3.6,.131,,-1.4,4.6,3.2,1.8,2022
205,Jalen Green,SG,19,HOU,67,2138,12.5,.547,.480,.247,1.7,10.0,5.8,13.1,1.0,0.8,11.3,23.7,,0.5,0.2,0.7,.015,,-0.5,-2.4,-2.9,-0.5,2022
206,JaMychal Green,PF,31,DEN,67,1085,14.1,.587,.379,.284,8.6,19.9,14.5,7.6,1.9,2.2,13.4,17.2,,1.2,1.4,2.7,.118,,-2.0,0.1,-1.8,0.0,2022
207,Javonte Green,SF,28,CHI,65,1519,14.0,.637,.311,.295,6.8,13.6,10.2,5.3,2.2,1.8,7.6,11.5,,2.9,1.5,4.4,.139,,-0.6,0.7,0.1,0.8,2022
208,Jeff Green,PF,35,DEN,75,1849,12.5,.627,.318,.374,2.6,11.1,7.0,7.3,0.7,1.3,10.3,16.3,,2.7,1.2,3.9,.101,,-1.2,-1.3,-2.5,-0.2,2022
209,Josh Green,SG,21,DAL,67,1039,11.9,.578,.305,.176,5.6,11.7,8.6,11.0,2.2,1.2,13.8,13.9,,1.0,1.4,2.4,.111,,-2.4,1.4,-1.0,0.3,2022
210,Blake Griffin,C,32,BRK,56,958,13.7,.518,.463,.243,7.0,18.6,13.0,15.0,1.4,1.3,8.2,16.9,,1.2,0.9,2.1,.106,,-0.6,0.1,-0.5,0.3,2022
211,Quentin Grimes,SG,21,NYK,46,786,10.7,.565,.804,.081,3.2,9.8,6.4,8.5,2.0,1.4,10.3,15.1,,0.6,0.9,1.4,.087,,-1.2,0.9,-0.3,0.3,2022
213,Rui Hachimura,PF,23,WAS,42,943,14.9,.579,.323,.173,3.0,15.6,9.4,7.9,1.2,0.8,7.4,20.9,,0.9,0.6,1.4,.073,,0.2,-1.7,-1.4,0.1,2022
214,Tyrese Haliburton,SG-PG,21,TOT,77,2695,18.2,.595,.428,.209,2.5,10.3,6.3,34.1,2.4,1.6,16.7,19.0,,5.2,1.8,7.0,.125,,2.7,-0.1,2.6,3.1,2022
216,R.J. Hampton,SG,20,ORL,64,1402,8.5,.481,.400,.256,1.7,12.9,7.3,16.9,1.4,0.8,14.6,18.4,,-1.3,1.1,-0.2,-0.005,,-4.0,-0.1,-4.1,-0.7,2022
217,Tim Hardaway Jr.,SG,29,DAL,42,1245,12.7,.520,.574,.194,1.2,12.8,7.0,11.4,1.5,0.4,5.6,22.0,,0.5,1.5,2.0,.077,,-0.4,0.2,-0.2,0.6,2022
218,James Harden,PG,32,TOT,65,2419,20.9,.583,.452,.540,2.6,19.7,11.3,40.3,1.7,1.3,18.8,27.2,,4.9,2.7,7.6,.152,,3.7,0.3,4.0,3.7,2022
219,Maurice Harkless,SF,28,SAC,47,863,7.7,.561,.558,.155,1.5,12.7,7.1,3.6,1.6,2.4,13.8,11.2,,-0.1,0.6,0.5,.026,,-3.7,0.4,-3.3,-0.3,2022
221,Montrezl Harrell,C,28,TOT,71,1641,23.2,.680,.031,.533,10.0,18.7,14.4,13.9,0.9,2.3,9.5,20.2,,6.1,1.2,7.3,.213,,3.7,0.1,3.9,2.4,2022
222,Gary Harris,SG,27,ORL,61,1730,10.9,.571,.546,.172,2.2,5.3,3.7,9.5,1.6,0.5,9.3,16.4,,1.1,1.0,2.2,.060,,-2.0,-0.4,-2.4,-0.2,2022
224,Tobias Harris,PF,29,PHI,73,2543,15.9,.566,.269,.198,3.4,18.1,10.9,15.9,0.9,1.5,9.5,21.7,,3.0,2.6,5.6,.105,,0.6,-0.6,0.0,1.3,2022
226,Josh Hart,SG,26,TOT,54,1791,16.1,.610,.374,.371,3.7,20.7,12.0,18.9,1.7,0.7,14.7,18.6,,2.8,1.5,4.4,.117,,0.5,0.5,0.9,1.3,2022
227,Isaiah Hartenstein,C,23,LAC,68,1216,22.0,.664,.082,.361,10.5,18.2,14.5,20.5,2.0,5.4,16.5,18.4,,3.3,2.2,5.5,.215,,1.4,3.1,4.5,2.0,2022
230,Jaxson Hayes,C,21,NOP,70,1398,18.5,.680,.143,.472,8.9,16.2,12.5,4.7,1.2,3.8,10.1,16.4,,3.7,1.3,5.1,.174,,0.6,-0.3,0.2,0.8,2022
231,Killian Hayes,PG,20,DET,66,1647,9.3,.461,.364,.161,2.2,12.0,6.9,24.6,2.3,1.9,18.4,15.7,,-1.0,1.5,0.5,.014,,-4.3,0.8,-3.5,-0.6,2022
232,Gordon Hayward,SF,31,CHO,49,1564,15.1,.570,.357,.241,2.5,12.8,7.6,16.1,1.4,1.3,10.6,20.7,,1.9,1.0,2.8,.087,,0.1,-0.8,-0.7,0.5,2022
235,Willy Hernangómez,C,27,NOP,50,839,22.2,.582,.037,.431,18.5,26.3,22.3,11.9,1.2,2.2,11.6,22.5,,2.2,0.9,3.2,.180,,1.8,-1.5,0.2,0.5,2022
236,Tyler Herro,SG,22,MIA,66,2151,16.2,.561,.391,.195,1.7,15.4,8.7,20.9,1.0,0.4,12.5,28.8,,1.3,2.4,3.8,.084,,1.6,-0.9,0.7,1.5,2022
237,Buddy Hield,SG,29,TOT,81,2499,12.9,.548,.652,.116,2.9,12.8,7.8,13.8,1.4,0.9,11.7,22.4,,0.8,1.1,1.9,.036,,0.5,-1.7,-1.2,0.5,2022
239,George Hill,PG,35,MIL,54,1253,10.2,.552,.487,.225,3.3,9.7,6.6,12.4,1.6,0.5,11.9,11.7,,1.3,1.0,2.3,.087,,-2.2,0.6,-1.6,0.1,2022
244,Aaron Holiday,PG,25,TOT,63,1021,12.6,.544,.305,.201,2.6,10.3,6.5,20.7,2.0,0.7,15.4,18.7,,0.5,0.9,1.5,.068,,-1.9,0.3,-1.7,0.1,2022
245,Jrue Holiday,PG,31,MIL,67,2207,19.8,.593,.336,.189,3.4,10.9,7.2,31.8,2.4,1.3,15.0,23.5,,4.5,2.4,6.9,.150,,2.9,0.3,3.2,2.9,2022
246,Justin Holiday,SF-SG,32,TOT,74,2057,9.5,.543,.728,.094,1.5,8.8,5.1,8.6,1.3,1.4,9.2,15.8,,0.8,0.6,1.4,.033,,-1.4,-0.8,-2.2,-0.1,2022
247,Richaun Holmes,C,28,SAC,45,1074,17.8,.689,.017,.300,9.3,22.9,16.1,6.8,0.8,3.3,14.2,15.8,,2.4,0.9,3.2,.145,,-0.4,-0.1,-0.5,0.4,2022
248,Rodney Hood,PF-SF,29,TOT,52,709,7.2,.493,.580,.121,2.3,9.1,5.8,6.9,1.0,0.8,6.2,10.7,,0.2,0.5,0.7,.048,,-3.0,-0.3,-3.3,-0.2,2022
250,Al Horford,C,35,BOS,69,2005,16.7,.574,.466,.167,6.0,22.2,14.3,16.4,1.2,4.2,9.6,14.8,,3.7,3.8,7.6,.181,,1.4,2.9,4.3,3.2,2022
251,Talen Horton-Tucker,SG,21,LAL,60,1511,11.0,.503,.338,.232,2.6,11.1,6.9,14.9,1.9,1.7,12.1,19.2,,-0.2,1.2,1.1,.033,,-3.2,-0.2,-3.3,-0.5,2022
252,Danuel House Jr.,SF,28,TOT,42,727,10.6,.555,.591,.293,2.8,13.8,8.4,8.4,1.4,2.1,12.9,15.2,,0.4,0.7,1.0,.068,,-1.3,0.2,-1.1,0.2,2022
253,Dwight Howard,C,36,LAL,60,971,18.2,.657,.068,.667,13.1,26.3,19.7,5.0,1.7,3.3,14.2,14.6,,2.2,1.3,3.5,.174,,-0.2,0.0,-0.2,0.4,2022
255,Kevin Huerter,SF,23,ATL,74,2188,11.9,.570,.541,.068,1.6,11.0,6.4,13.2,1.2,1.1,10.4,17.5,,1.8,1.0,2.8,.062,,-0.5,-0.7,-1.2,0.4,2022
259,De'Andre Hunter,SF,24,ATL,53,1577,10.6,.547,.339,.289,1.8,10.4,6.1,6.1,1.1,1.2,9.6,19.9,,0.4,0.7,1.1,.034,,-2.4,-1.5,-3.9,-0.8,2022
261,Bones Hyland,SG,21,DEN,69,1310,14.4,.558,.627,.219,1.2,14.4,8.0,21.2,1.5,1.4,12.1,23.8,,1.1,1.3,2.4,.088,,0.3,-0.7,-0.4,0.5,2022
262,Serge Ibaka,C,32,TOT,54,877,14.4,.579,.334,.149,7.7,22.2,15.1,8.4,0.6,3.3,12.0,17.8,,0.8,1.1,2.0,.108,,-1.3,-0.2,-1.5,0.1,2022
264,Joe Ingles,SF,34,UTA,45,1122,10.0,.551,.789,.077,1.2,11.2,6.4,19.0,1.0,0.4,13.5,13.2,,1.3,0.9,2.2,.094,,-0.7,0.5,-0.3,0.5,2022
265,Brandon Ingram,SF,24,NOP,55,1869,18.7,.554,.230,.328,2.0,17.3,9.5,27.8,0.9,1.3,11.8,29.3,,2.5,1.3,3.9,.099,,2.6,-0.6,2.0,1.9,2022
268,Frank Jackson,PG,23,DET,53,1164,10.6,.530,.578,.215,1.7,6.7,4.0,7.6,1.1,0.7,6.7,20.9,,0.3,0.4,0.7,.031,,-1.8,-1.7,-3.5,-0.4,2022
270,Jaren Jackson Jr.,PF,22,MEM,78,2126,17.0,.535,.387,.333,5.7,16.9,11.2,5.8,1.6,7.4,9.9,25.4,,1.7,3.7,5.4,.121,,-0.9,0.8,-0.1,1.0,2022
271,Josh Jackson,SF,24,TOT,51,830,9.5,.491,.433,.257,2.6,16.4,9.2,10.0,1.5,2.4,12.3,19.7,,-0.7,0.7,0.0,.001,,-4.1,-0.4,-4.5,-0.5,2022
273,Reggie Jackson,SG,31,LAC,75,2337,12.1,.488,.419,.133,1.8,10.2,6.1,24.6,1.2,0.5,11.8,27.6,,-1.7,2.0,0.4,.008,,-1.4,-1.6,-3.0,-0.6,2022
274,LeBron James,PF,37,LAL,56,2084,26.2,.619,.367,.275,3.3,20.4,11.8,30.6,1.7,2.5,12.5,32.3,,5.2,2.3,7.5,.172,,6.9,0.8,7.7,5.1,2022
277,Ty Jerome,SG,24,OKC,48,801,11.3,.488,.567,.143,2.4,7.7,5.0,21.3,1.8,0.6,9.6,20.8,,0.0,0.5,0.5,.032,,-2.2,-0.2,-2.3,-0.1,2022
278,Isaiah Joe,SG,22,PHI,55,609,7.7,.519,.763,.175,1.1,9.0,5.1,8.1,1.1,0.4,9.1,15.5,,0.0,0.4,0.4,.035,,-3.1,-1.5,-4.6,-0.4,2022
281,Cameron Johnson,PF,25,PHO,66,1730,15.2,.625,.644,.188,2.7,14.0,8.5,7.7,1.6,0.8,6.7,17.5,,3.2,2.4,5.6,.156,,2.0,0.7,2.7,2.1,2022
284,James Johnson,PF,34,BRK,62,1191,10.3,.513,.277,.179,4.8,14.6,9.8,14.5,1.2,2.6,12.7,13.7,,0.6,1.1,1.7,.068,,-2.7,0.6,-2.2,-0.1,2022
286,Keldon Johnson,SF,22,SAS,75,2392,15.2,.574,.395,.231,3.5,16.7,10.0,9.5,1.2,0.5,7.6,21.3,,2.9,2.0,4.9,.098,,0.7,-1.2,-0.5,0.9,2022
288,Stanley Johnson,PF,25,LAL,48,1094,10.5,.564,.418,.295,3.4,11.9,7.6,9.8,1.9,1.1,11.0,12.5,,0.9,0.9,1.8,.079,,-2.8,0.1,-2.7,-0.2,2022
290,Nikola Jokić,C,26,DEN,74,2476,32.8,.661,.220,.357,9.6,35.5,23.0,42.6,2.2,2.3,15.6,31.9,,10.8,4.5,15.2,.296,,9.2,4.5,13.7,9.8,2022
292,Damian Jones,C,26,SAC,56,1017,18.3,.701,.109,.492,7.9,18.5,13.2,10.2,1.2,4.0,15.4,16.2,,2.4,0.9,3.3,.156,,-0.2,0.5,0.3,0.6,2022
293,Derrick Jones Jr.,PF,24,CHI,51,899,13.0,.633,.313,.359,7.6,13.6,10.6,4.4,1.4,3.2,11.7,12.5,,1.4,0.8,2.2,.119,,-1.5,0.5,-0.9,0.2,2022
294,Herbert Jones,PF,23,NOP,78,2335,12.3,.573,.293,.283,4.5,9.6,7.0,10.0,2.7,2.5,13.4,13.7,,2.1,2.5,4.6,.096,,-2.0,1.5,-0.5,0.9,2022
298,Tre Jones,PG,22,SAS,69,1148,15.0,.545,.150,.268,2.6,11.6,7.1,27.0,1.8,0.5,10.8,15.6,,1.9,0.9,2.9,.121,,-0.9,0.4,-0.5,0.4,2022
299,Tyus Jones,PG,25,MEM,73,1549,16.5,.544,.371,.120,1.1,11.0,5.9,28.2,2.0,0.1,7.3,16.6,,3.4,1.6,5.1,.158,,1.2,0.5,1.7,1.4,2022
300,DeAndre Jordan,C,33,TOT,48,622,17.2,.641,.000,.280,14.7,31.4,23.1,4.9,0.9,5.0,18.7,13.9,,0.9,1.0,1.9,.145,,-1.5,0.1,-1.4,0.1,2022
301,Cory Joseph,PG,30,DET,65,1600,11.4,.579,.393,.283,1.9,10.3,5.9,21.8,1.3,1.0,15.9,14.3,,1.7,0.8,2.5,.075,,-2.0,-0.1,-2.1,0.0,2022
304,Luke Kennard,SG,25,LAC,70,1919,13.3,.619,.662,.121,1.1,11.2,6.3,11.2,1.1,0.3,8.2,16.8,,2.8,1.7,4.5,.113,,0.8,-0.3,0.5,1.2,2022
308,Corey Kispert,SF,22,WAS,77,1801,10.9,.586,.623,.121,3.3,9.4,6.4,6.7,1.0,1.0,8.5,14.6,,1.6,0.7,2.3,.061,,-0.8,-1.5,-2.3,-0.1,2022
309,Maxi Kleber,PF,30,DAL,59,1450,11.0,.537,.720,.184,5.4,21.5,13.4,6.5,1.0,3.6,10.9,13.3,,0.7,2.3,3.0,.098,,-1.6,1.2,-0.4,0.6,2022
313,John Konchar,SG,25,MEM,72,1292,14.0,.615,.481,.187,6.9,20.1,13.3,10.6,1.7,1.5,9.3,9.9,,2.4,1.8,4.2,.155,,0.2,1.3,1.5,1.2,2022
314,Furkan Korkmaz,SG,24,PHI,67,1414,10.2,.502,.566,.179,1.8,11.9,6.9,13.1,1.2,0.6,8.6,17.6,,0.1,1.1,1.2,.041,,-2.0,-1.1,-3.1,-0.4,2022
318,Jonathan Kuminga,SF,19,GSW,70,1185,15.2,.600,.324,.413,5.1,16.1,10.8,8.4,1.3,1.8,12.0,22.7,,1.3,1.8,3.0,.123,,-1.3,-0.2,-1.5,0.1,2022
319,Kyle Kuzma,PF,26,WAS,66,2204,15.2,.547,.401,.234,3.6,24.3,14.1,16.3,0.9,2.2,14.1,24.2,,0.0,2.0,2.0,.044,,0.2,-0.4,-0.2,1.0,2022
321,Jeremy Lamb,SF-SG,29,TOT,56,935,13.3,.521,.490,.305,3.0,15.3,9.1,12.3,1.6,2.0,8.6,19.7,,0.6,0.6,1.2,.063,,-0.4,-0.5,-0.8,0.3,2022
322,Jock Landale,C,26,SAS,54,589,16.0,.597,.436,.201,11.1,13.5,12.3,10.6,0.8,2.0,12.3,18.1,,1.0,0.4,1.5,.121,,0.7,-1.1,-0.4,0.2,2022
323,Romeo Langford,SG,22,TOT,48,771,9.2,.520,.445,.220,4.3,10.7,7.6,3.7,1.4,1.9,7.1,12.9,,0.3,1.0,1.3,.082,,-2.3,1.0,-1.4,0.1,2022
324,Zach LaVine,SG,26,CHI,67,2328,20.0,.605,.401,.316,1.1,13.8,7.4,20.8,0.9,0.9,11.2,28.8,,4.5,1.3,5.8,.120,,3.9,-1.5,2.4,2.6,2022
326,Damion Lee,SG,29,GSW,63,1256,10.9,.561,.488,.196,2.4,14.9,8.8,7.1,1.5,0.5,8.4,15.8,,0.9,1.8,2.7,.102,,-2.4,0.4,-2.0,0.0,2022
329,Caris LeVert,SG,27,TOT,58,1781,15.1,.525,.300,.226,2.7,10.7,6.7,22.0,1.4,1.1,10.3,25.4,,1.2,1.0,2.2,.059,,0.0,-1.2,-1.2,0.4,2022
333,Nassir Little,SF,21,POR,42,1088,13.5,.575,.489,.298,5.7,18.7,11.9,7.4,1.1,3.3,10.1,15.8,,1.2,0.6,1.7,.076,,-0.9,-0.6,-1.4,0.2,2022
335,Kevon Looney,C,25,GSW,82,1732,15.7,.586,.003,.343,13.5,23.8,18.8,13.2,1.4,2.9,13.8,12.2,,3.5,3.2,6.8,.187,,-0.9,1.7,0.9,1.3,2022
339,Kevin Love,C,33,CLE,74,1665,19.6,.594,.627,.260,5.9,29.2,17.8,15.3,0.8,1.0,10.4,25.1,,3.2,2.5,5.7,.164,,4.4,0.1,4.5,2.7,2022
340,Kyle Lowry,PG,35,MIA,63,2133,15.0,.600,.609,.278,1.8,13.0,7.5,32.3,1.6,0.8,19.3,18.2,,3.7,2.7,6.4,.143,,1.1,0.8,2.0,2.1,2022
342,Timothé Luwawu-Cabarrot,SF,26,ATL,52,685,9.3,.556,.656,.220,2.7,10.3,6.6,7.7,1.3,0.8,8.9,14.3,,0.6,0.3,0.9,.061,,-2.3,-1.0,-3.3,-0.2,2022
343,Trey Lyles,PF,26,TOT,75,1537,16.4,.588,.372,.432,6.0,21.2,13.4,9.0,0.9,1.9,9.8,20.7,,2.4,1.2,3.5,.111,,0.5,-0.8,-0.3,0.7,2022
344,Théo Maledon,PG,20,OKC,51,908,10.6,.500,.473,.315,2.2,12.8,7.4,18.5,1.7,1.1,15.3,20.3,,-0.5,0.8,0.3,.015,,-3.7,-0.7,-4.4,-0.6,2022
346,Terance Mann,SF,25,LAC,81,2317,13.4,.572,.301,.238,4.9,14.3,9.7,13.1,1.2,0.8,9.9,16.0,,3.1,2.4,5.5,.113,,-0.8,0.2,-0.6,0.8,2022
347,Tre Mann,PG,20,OKC,60,1367,10.2,.501,.463,.139,1.9,11.2,6.4,10.7,1.7,0.8,10.2,22.0,,-1.0,1.0,0.1,.002,,-3.3,-1.1,-4.4,-0.8,2022
349,Lauri Markkanen,SF,24,CLE,61,1878,14.7,.582,.541,.226,3.5,16.5,10.2,6.6,1.2,1.4,6.5,19.5,,2.7,2.3,5.0,.127,,0.4,-0.1,0.4,1.1,2022
350,Naji Marshall,SF,24,NOP,55,735,12.3,.505,.390,.346,5.6,16.0,10.7,12.3,2.2,1.0,12.9,20.8,,0.0,0.7,0.8,.050,,-2.7,-0.5,-3.2,-0.2,2022
351,Caleb Martin,SF,26,MIA,60,1372,14.8,.611,.378,.227,5.9,13.0,9.5,7.0,2.1,2.3,10.3,16.3,,1.9,2.1,4.0,.139,,0.1,0.9,1.1,1.1,2022
352,Cody Martin,SF,26,CHO,71,1866,12.7,.579,.376,.253,4.6,11.7,8.1,12.4,2.3,1.6,11.5,12.1,,2.4,1.5,3.9,.101,,-1.2,0.7,-0.5,0.7,2022
354,Kenyon Martin Jr.,SF,21,HOU,79,1656,14.3,.603,.321,.235,5.3,14.5,9.9,9.4,1.0,2.2,9.4,16.3,,2.3,0.6,2.9,.084,,0.0,-1.2,-1.2,0.4,2022
355,Garrison Mathews,SG,25,HOU,65,1712,11.0,.602,.837,.390,2.0,10.2,6.1,5.3,1.6,1.3,7.1,14.4,,2.2,0.5,2.8,.078,,-1.3,-1.0,-2.3,-0.1,2022
357,Wesley Matthews,SG,35,MIL,49,1002,6.9,.536,.714,.127,3.2,6.4,4.9,4.6,1.1,0.8,7.2,10.7,,0.6,0.6,1.2,.056,,-3.0,-0.3,-3.3,-0.3,2022
358,Tyrese Maxey,PG,21,PHI,75,2650,16.2,.594,.311,.247,1.1,8.9,5.1,19.1,1.0,1.1,7.4,20.2,,5.4,1.9,7.3,.132,,1.3,-0.7,0.6,1.8,2022
362,CJ McCollum,SG,30,TOT,62,2145,18.3,.553,.403,.146,2.6,11.5,6.9,26.1,1.6,1.0,9.3,27.5,,2.6,1.0,3.6,.081,,3.2,-1.3,1.9,2.1,2022
364,Jaden McDaniels,PF,21,MIN,70,1803,10.3,.553,.455,.128,4.4,13.2,8.7,6.1,1.4,2.9,11.4,15.3,,0.7,1.7,2.4,.065,,-2.9,-0.1,-2.9,-0.4,2022
365,Jalen McDaniels,SF,24,CHO,55,895,12.7,.595,.425,.283,4.3,16.0,10.1,8.7,1.4,2.3,11.2,15.3,,1.0,0.7,1.7,.093,,-1.9,-0.4,-2.3,-0.1,2022
366,Doug McDermott,PF,30,SAS,51,1223,11.4,.593,.551,.110,1.5,8.4,4.9,7.3,0.5,0.4,8.1,18.3,,1.1,0.5,1.6,.062,,-0.4,-2.1,-2.5,-0.1,2022
367,JaVale McGee,C,34,PHO,74,1172,22.6,.651,.020,.319,15.3,29.7,22.7,5.4,0.9,6.1,15.8,22.8,,2.4,2.6,4.9,.201,,-0.1,0.9,0.8,0.8,2022
369,Rodney McGruder,SG,30,DET,51,754,11.6,.577,.649,.116,4.2,12.1,8.0,9.6,1.4,0.8,9.2,14.8,,0.7,0.4,1.2,.075,,-0.7,-0.7,-1.4,0.1,2022
372,Jordan McLaughlin,PG,25,MIN,62,902,13.4,.535,.425,.200,2.6,8.8,5.6,26.1,3.0,1.1,14.9,11.8,,1.3,1.0,2.3,.123,,-1.2,1.6,0.4,0.6,2022
373,Ben McLemore,SG,28,POR,64,1285,11.7,.567,.774,.163,1.0,8.1,4.4,7.3,1.4,0.8,8.7,21.3,,0.7,0.2,0.8,.031,,-0.7,-2.5,-3.2,-0.4,2022
374,De'Anthony Melton,SG,23,MEM,73,1657,15.2,.529,.535,.173,4.0,17.1,10.4,16.0,3.0,2.1,13.0,21.3,,0.9,2.8,3.7,.107,,0.3,1.6,1.9,1.6,2022
376,Chimezie Metu,C,24,SAC,60,1279,13.4,.546,.414,.203,2.9,25.9,14.3,6.9,1.9,2.2,11.1,18.5,,0.1,1.4,1.5,.056,,-1.6,0.1,-1.5,0.2,2022
377,Khris Middleton,SF,30,MIL,66,2141,18.1,.577,.425,.285,2.1,15.3,8.8,25.5,1.7,0.8,14.2,26.7,,3.2,2.2,5.3,.119,,1.9,-0.3,1.6,1.9,2022
379,Patty Mills,SG,33,BRK,81,2346,10.4,.563,.715,.074,0.9,6.2,3.6,10.6,1.1,0.6,8.2,16.4,,1.9,0.9,2.8,.058,,-0.3,-1.4,-1.7,0.2,2022
381,Shake Milton,SG,25,PHI,55,1179,11.9,.517,.330,.181,2.9,10.4,6.7,17.6,1.2,1.3,9.2,18.3,,0.7,1.0,1.7,.069,,-1.6,-0.6,-2.2,-0.1,2022
382,Davion Mitchell,PG,23,SAC,75,2076,10.8,.489,.380,.101,1.7,7.0,4.4,22.5,1.3,1.0,11.5,20.6,,-0.5,0.6,0.1,.003,,-2.1,-1.7,-3.8,-0.9,2022
383,Donovan Mitchell,SG,25,UTA,67,2266,21.6,.572,.475,.227,2.7,10.6,6.8,27.7,2.2,0.5,11.7,32.9,,4.7,2.5,7.2,.152,,4.6,-0.3,4.3,3.6,2022
384,Evan Mobley,PF,20,CLE,69,2331,16.1,.549,.111,.304,6.9,19.8,13.5,11.6,1.2,4.4,12.4,20.4,,1.5,3.7,5.2,.107,,-0.9,1.5,0.6,1.5,2022
385,Malik Monk,SG,23,LAL,76,2139,14.4,.597,.535,.142,1.9,11.0,6.4,15.2,1.4,1.2,12.2,20.1,,2.3,1.4,3.6,.081,,0.5,-1.0,-0.5,0.8,2022
387,Moses Moody,SG,19,GSW,52,607,10.5,.573,.601,.197,3.2,11.0,7.2,5.3,0.6,1.6,6.1,15.2,,0.6,0.7,1.3,.101,,-1.4,-1.1,-2.5,-0.1,2022
390,Ja Morant,PG,22,MEM,57,1889,24.4,.575,.218,.353,4.2,14.1,9.0,34.1,1.7,1.0,12.6,33.7,,4.6,2.1,6.7,.171,,6.2,-0.1,6.1,3.9,2022
393,Marcus Morris,PF,32,LAC,54,1564,13.7,.549,.398,.214,1.8,14.0,8.1,11.3,0.9,1.0,8.4,23.2,,0.9,1.5,2.4,.074,,-0.3,-1.0,-1.4,0.3,2022
395,Monte Morris,PG,26,DEN,75,2239,14.7,.583,.406,.109,1.4,9.6,5.6,21.4,1.2,0.6,8.8,17.4,,3.9,1.5,5.4,.116,,0.8,-0.8,0.0,1.1,2022
399,Trey Murphy III,SF,21,NOP,62,864,12.5,.558,.671,.184,5.9,13.1,9.4,6.2,1.3,0.8,5.1,15.7,,1.3,0.6,1.9,.104,,0.2,-1.4,-1.2,0.2,2022
400,Dejounte Murray,PG,25,SAS,68,2366,22.3,.533,.237,.199,3.5,21.6,12.5,40.6,2.8,0.8,11.8,27.3,,3.9,3.4,7.3,.149,,3.7,1.7,5.4,4.4,2022
401,Mike Muscala,C,30,OKC,43,592,19.7,.630,.657,.230,3.6,19.1,11.2,6.2,1.5,4.1,4.9,20.9,,1.4,0.7,2.1,.170,,3.8,1.2,5.0,1.1,2022
402,Svi Mykhailiuk,SF,24,TOR,56,716,9.6,.509,.573,.158,2.9,11.5,7.0,8.8,1.8,0.5,11.3,16.9,,0.1,0.7,0.8,.052,,-2.7,-0.2,-2.9,-0.2,2022
404,Larry Nance Jr.,C-PF,29,TOT,46,1040,14.4,.590,.283,.231,7.4,19.3,13.1,11.4,2.0,1.9,12.0,12.8,,1.5,0.8,2.3,.104,,-0.4,0.3,-0.1,0.5,2022
406,Aaron Nesmith,SF,22,BOS,52,574,7.3,.507,.632,.143,2.9,13.6,8.4,5.4,1.7,0.8,13.8,17.2,,-0.4,0.9,0.4,.038,,-4.9,0.7,-4.3,-0.3,2022
407,Raul Neto,PG,29,WAS,70,1372,12.4,.538,.272,.245,1.1,9.6,5.4,22.9,2.0,0.2,13.9,18.4,,0.7,0.8,1.5,.053,,-2.5,-0.5,-2.9,-0.4,2022
409,Georges Niang,PF,28,PHI,76,1736,10.7,.594,.687,.105,1.6,11.3,6.5,8.7,0.9,0.7,9.1,16.8,,1.5,1.3,2.8,.077,,-0.8,-1.1,-1.9,0.0,2022
413,Jaylen Nowell,SG,22,MIN,62,975,16.8,.581,.387,.223,2.4,11.4,6.8,20.2,1.3,1.0,7.4,21.0,,2.1,0.7,2.8,.138,,1.5,-0.7,0.8,0.7,2022
414,Frank Ntilikina,SG,23,DAL,58,685,10.4,.513,.498,.112,1.9,10.9,6.4,14.7,2.0,0.9,11.7,17.4,,0.1,0.9,0.9,.065,,-2.8,0.9,-1.9,0.0,2022
415,Jusuf Nurkić,C,27,POR,56,1579,20.0,.586,.093,.447,11.2,32.6,21.5,16.6,1.9,2.1,16.6,23.6,,2.0,1.7,3.6,.110,,0.1,0.2,0.3,0.9,2022
416,David Nwaba,SF,29,HOU,46,609,15.3,.567,.278,.381,7.4,20.0,13.6,8.5,2.2,2.9,9.3,15.8,,0.8,0.5,1.3,.105,,-0.6,0.0,-0.6,0.2,2022
417,Jordan Nwora,SF,23,MIL,62,1185,9.9,.506,.491,.093,3.4,16.1,9.9,7.0,1.0,1.4,10.6,19.4,,-0.4,1.1,0.6,.025,,-2.7,-1.5,-4.1,-0.6,2022
418,Royce O'Neale,SF,28,UTA,77,2406,10.3,.608,.689,.126,3.0,13.4,8.4,10.5,1.8,1.2,14.4,9.9,,2.7,2.8,5.5,.109,,-0.8,1.7,0.8,1.7,2022
420,Chuma Okeke,PF,23,ORL,70,1749,12.0,.501,.645,.113,2.8,18.2,10.5,10.1,2.7,2.2,8.6,16.4,,-0.3,2.5,2.2,.060,,-1.6,1.5,-0.1,0.8,2022
421,Josh Okogie,SG,23,MIN,49,516,9.0,.526,.452,.490,5.9,8.7,7.3,6.2,2.4,2.2,15.4,12.1,,0.1,0.5,0.7,.062,,-3.7,0.9,-2.7,-0.1,2022
422,Onyeka Okongwu,C,21,ATL,48,992,19.8,.714,.000,.487,12.8,18.4,15.6,7.6,1.5,5.4,13.8,14.0,,3.1,1.1,4.2,.202,,0.0,0.8,0.8,0.7,2022
423,Isaac Okoro,SF,21,CLE,67,1981,10.4,.589,.364,.360,4.1,7.1,5.6,8.5,1.4,1.0,10.4,12.4,,2.4,1.9,4.2,.103,,-2.4,0.7,-1.7,0.1,2022
430,Cedi Osman,SF,26,CLE,66,1462,13.3,.563,.628,.229,1.9,9.0,5.5,14.1,1.8,0.6,9.6,21.1,,1.3,1.6,2.9,.094,,-0.3,0.5,0.2,0.8,2022
432,Kelly Oubre Jr.,SF,26,CHO,76,1999,14.9,.560,.593,.203,4.1,12.0,8.0,6.2,1.8,1.5,6.2,23.0,,1.8,1.4,3.3,.079,,0.2,-1.6,-1.4,0.3,2022
437,Eric Paschall,PF,25,UTA,58,736,13.9,.612,.460,.366,4.6,10.9,7.9,7.1,0.6,0.6,9.0,17.7,,1.4,0.5,2.0,.128,,0.5,-1.0,-0.5,0.3,2022
438,Chris Paul,PG,36,PHO,65,2139,20.8,.581,.270,.274,1.1,12.8,7.1,44.5,2.7,0.8,15.6,19.7,,5.8,3.6,9.4,.210,,3.1,2.3,5.4,4.0,2022
439,Cameron Payne,PG,27,PHO,58,1278,13.8,.500,.359,.152,2.1,12.3,7.3,30.7,1.5,1.2,14.1,24.6,,0.2,1.8,1.9,.073,,-0.4,0.4,0.0,0.7,2022
440,Elfrid Payton,PG,27,PHO,50,549,7.9,.397,.103,.183,4.2,12.8,8.6,23.0,2.2,1.0,19.9,18.5,,-1.0,0.8,-0.2,-0.014,,-4.6,1.2,-3.5,-0.2,2022
441,Gary Payton II,SG,29,GSW,71,1247,17.8,.679,.349,.169,6.5,14.9,10.8,7.6,3.8,1.7,9.8,14.3,,2.5,2.6,5.2,.199,,0.3,3.4,3.7,1.8,2022
446,Mason Plumlee,C,31,CHO,73,1793,14.7,.603,.006,.534,10.2,23.3,16.7,16.4,1.6,2.7,20.2,11.7,,2.7,2.0,4.7,.127,,-1.5,1.5,0.0,0.9,2022
447,Jakob Poeltl,C,26,SAS,68,1970,20.8,.613,.002,.287,13.9,20.0,16.9,14.0,1.1,5.0,12.7,18.3,,4.4,2.5,6.9,.168,,0.9,0.7,1.6,1.7,2022
448,Aleksej Pokusevski,PF,20,OKC,61,1233,12.0,.485,.432,.110,6.0,20.8,13.3,16.5,1.5,2.9,16.4,20.0,,-1.1,1.5,0.4,.014,,-2.7,0.1,-2.6,-0.2,2022
450,Jordan Poole,SG,22,GSW,76,2283,16.1,.598,.548,.251,1.7,10.5,6.2,21.0,1.3,1.0,13.7,26.0,,3.1,2.9,6.0,.126,,1.3,-0.3,1.0,1.7,2022
451,Kevin Porter Jr.,PG,21,HOU,61,1907,13.5,.531,.511,.239,2.5,13.0,7.7,30.7,1.7,1.0,17.7,24.1,,0.0,0.8,0.8,.021,,-0.1,-1.6,-1.6,0.2,2022
453,Otto Porter Jr.,PF,28,GSW,63,1396,15.9,.581,.519,.147,6.9,21.0,14.2,9.6,2.4,2.0,7.7,15.0,,2.2,2.7,4.9,.168,,1.0,2.1,3.1,1.8,2022
454,Bobby Portis,C,26,MIL,72,2028,17.7,.571,.388,.130,9.6,24.4,17.2,6.4,1.3,2.4,8.9,21.3,,2.9,2.6,5.5,.131,,1.2,-1.0,0.2,1.1,2022
455,Kristaps Porziņģis,PF,26,TOT,51,1481,23.7,.577,.329,.373,7.7,23.1,15.4,13.7,1.3,5.0,8.3,29.5,,3.2,2.4,5.6,.180,,3.3,0.6,3.9,2.2,2022
457,Dwight Powell,C,30,DAL,82,1798,18.1,.725,.092,.529,10.7,14.3,12.5,8.1,1.0,2.0,11.5,14.0,,6.0,2.2,8.2,.219,,0.4,0.5,0.9,1.3,2022
459,Norman Powell,SF-SG,28,TOT,45,1458,16.3,.603,.418,.385,1.5,9.7,5.4,10.8,1.4,1.4,8.9,23.1,,2.4,0.4,2.8,.093,,1.2,-1.5,-0.3,0.6,2022
460,Joshua Primo,SF,19,SAS,50,965,7.1,.487,.507,.219,3.5,8.9,6.1,10.6,1.0,2.0,16.1,15.4,,-0.6,0.6,0.0,.001,,-3.8,-1.1,-5.0,-0.7,2022
461,Taurean Prince,PF,27,MIN,69,1177,12.4,.589,.587,.210,2.3,13.8,7.9,8.1,1.9,1.9,11.1,17.0,,1.0,1.2,2.2,.090,,-1.0,0.0,-0.9,0.3,2022
462,Payton Pritchard,PG,24,BOS,71,1001,15.0,.578,.657,.056,3.5,10.8,7.2,20.4,1.2,0.5,9.7,18.6,,1.8,1.2,3.1,.148,,1.7,0.1,1.8,1.0,2022
465,Immanuel Quickley,PG,22,NYK,78,1802,14.6,.543,.547,.278,1.8,13.1,7.4,24.5,1.5,0.2,10.9,22.2,,2.5,1.8,4.2,.113,,0.2,0.0,0.2,1.0,2022
467,Julius Randle,PF,27,NYK,72,2544,15.7,.509,.313,.322,5.2,25.5,15.1,25.1,1.0,1.5,14.7,28.7,,-0.3,3.4,3.1,.059,,0.4,0.2,0.5,1.6,2022
468,Austin Reaves,SG,23,LAL,61,1418,11.5,.600,.525,.371,3.4,11.2,7.3,10.3,1.0,1.3,9.8,12.4,,2.1,0.8,2.9,.097,,-1.3,-0.6,-1.9,0.0,2022
469,Cam Reddish,SF,22,TOT,49,1012,12.8,.543,.451,.275,2.7,8.6,5.7,7.0,2.3,1.4,11.1,22.2,,0.2,0.8,1.0,.046,,-1.0,-0.3,-1.3,0.2,2022
470,Davon Reed,SG,26,DEN,48,668,12.2,.624,.534,.093,2.4,15.2,9.0,10.7,1.8,1.2,8.7,12.1,,0.9,0.7,1.6,.117,,-0.6,0.3,-0.3,0.3,2022
472,Naz Reid,C,22,MIN,77,1215,17.2,.588,.349,.313,8.8,18.0,13.3,8.7,1.6,5.6,13.2,21.4,,1.5,1.6,3.2,.125,,-0.5,0.5,0.0,0.6,2022
473,Nick Richards,C,24,CHO,50,367,15.9,.689,.000,.478,9.7,15.2,12.4,4.9,1.2,5.4,18.1,15.4,,0.6,0.3,1.0,.125,,-2.6,-0.2,-2.8,-0.1,2022
474,Josh Richardson,SG,28,TOT,65,1600,12.8,.573,.461,.202,2.8,9.4,6.2,10.1,1.7,1.6,10.2,17.6,,1.6,2.0,3.5,.106,,-0.6,0.7,0.1,0.9,2022
475,Austin Rivers,SG,29,DEN,67,1480,7.2,.546,.660,.126,1.5,6.9,4.3,8.0,1.7,0.4,12.8,12.6,,0.1,1.1,1.2,.037,,-3.5,-0.3,-3.8,-0.7,2022
476,Duncan Robinson,SG,27,MIA,79,2043,10.6,.573,.860,.084,1.4,9.8,5.6,9.3,1.0,0.7,7.4,17.7,,1.9,2.0,3.9,.092,,-0.3,-0.3,-0.6,0.7,2022
478,Mitchell Robinson,C,23,NYK,72,1848,20.7,.722,.000,.528,16.8,19.1,17.9,3.2,1.6,7.1,12.4,11.4,,5.3,3.2,8.5,.221,,1.0,1.2,2.2,2.0,2022
479,Jeremiah Robinson-Earl,C,21,OKC,49,1087,11.7,.526,.509,.167,7.0,19.1,13.0,6.7,1.3,1.3,10.1,15.4,,0.4,1.0,1.5,.065,,-1.9,-0.4,-2.2,-0.1,2022
480,Isaiah Roby,PF,23,OKC,45,948,18.3,.607,.307,.359,8.0,15.6,11.8,12.1,1.8,3.3,10.3,19.0,,1.8,1.1,2.9,.147,,0.4,0.2,0.6,0.6,2022
483,Terrence Ross,SG,30,ORL,63,1448,10.0,.515,.477,.235,1.5,10.3,5.9,12.5,0.9,0.8,10.9,20.5,,-0.5,0.9,0.3,.011,,-2.5,-1.1,-3.7,-0.6,2022
484,Terry Rozier,SG,27,CHO,73,2458,17.6,.566,.508,.151,2.4,11.3,6.8,19.7,1.8,1.0,7.2,23.2,,4.3,1.6,5.9,.115,,2.4,-0.7,1.7,2.3,2022
486,D'Angelo Russell,PG,25,MIN,65,2077,16.3,.544,.531,.246,1.3,10.1,5.6,33.1,1.4,1.0,13.2,25.1,,2.9,1.5,4.4,.101,,2.2,-1.5,0.8,1.4,2022
488,Domantas Sabonis,PF-C,25,TOT,62,2136,21.9,.637,.162,.429,10.3,29.0,19.5,23.6,1.3,1.1,17.5,22.3,,5.3,1.8,7.1,.159,,3.2,0.9,4.1,3.2,2022
490,Tomáš Satoranský,SG-PG-SF,30,TOT,55,906,10.2,.461,.277,.283,3.3,12.1,7.7,27.0,1.6,0.5,17.6,12.6,,0.5,0.6,1.0,.056,,-3.3,-0.3,-3.7,-0.4,2022
493,Dennis Schröder,SG-PG,28,TOT,64,1837,13.0,.539,.345,.254,2.0,10.5,6.3,24.2,1.4,0.4,15.1,22.6,,1.0,1.9,2.9,.076,,-1.5,-0.4,-1.9,0.0,2022
497,Alperen Şengün,C,19,HOU,72,1489,16.0,.552,.223,.442,10.1,18.9,14.5,19.1,1.9,4.1,18.8,22.0,,0.8,1.3,2.1,.068,,-1.6,0.6,-1.0,0.4,2022
499,Landry Shamet,SG,24,PHO,69,1437,10.2,.550,.689,.167,1.2,8.0,4.7,9.7,0.9,0.6,7.3,16.8,,1.1,1.5,2.6,.085,,-0.9,-0.4,-1.2,0.3,2022
501,Pascal Siakam,PF,27,TOR,68,2578,20.3,.565,.181,.314,5.1,20.1,12.2,23.0,1.6,1.6,11.6,25.8,,4.9,3.2,8.1,.151,,2.7,0.8,3.5,3.6,2022
504,Anfernee Simons,SG,22,POR,57,1681,15.3,.583,.555,.146,1.6,8.5,4.9,22.2,0.9,0.4,11.9,24.8,,2.0,-0.1,1.9,.055,,1.9,-2.7,-0.7,0.5,2022
509,Marcus Smart,PG,27,BOS,71,2296,13.6,.540,.501,.249,2.0,10.5,6.4,25.6,2.6,0.7,16.6,18.3,,1.9,3.7,5.6,.116,,-1.2,1.7,0.5,1.5,2022
511,Ish Smith,PG,33,TOT,65,1126,12.5,.465,.156,.056,2.4,11.1,6.8,31.5,2.0,1.8,15.0,20.1,,-0.3,0.9,0.5,.023,,-2.2,-0.6,-2.9,-0.2,2022
512,Jalen Smith,PF,21,TOT,51,925,18.4,.595,.349,.291,12.0,24.5,18.2,3.9,0.8,3.9,9.6,20.3,,1.7,1.1,2.8,.145,,0.9,-1.4,-0.5,0.3,2022
514,Tony Snell,SG,30,TOT,53,823,6.3,.541,.749,.023,2.1,12.0,6.9,4.7,1.0,1.1,9.9,10.1,,0.2,0.2,0.4,.023,,-3.4,-0.8,-4.2,-0.5,2022
518,Lance Stephenson,PG-SG,31,TOT,46,814,13.6,.536,.279,.248,1.6,16.0,8.7,30.2,1.4,0.4,16.7,22.6,,0.4,0.4,0.8,.048,,-1.6,-1.6,-3.2,-0.2,2022
519,Lamar Stevens,PF,24,CLE,63,1015,11.3,.544,.204,.235,5.2,12.5,8.9,6.5,1.5,1.6,10.4,17.1,,0.4,1.2,1.6,.078,,-3.2,0.3,-2.9,-0.2,2022
520,Isaiah Stewart,C,20,DET,71,1816,14.0,.550,.094,.210,12.8,24.5,18.4,6.9,0.6,3.9,13.7,14.6,,1.6,1.8,3.4,.091,,-2.5,-0.8,-3.3,-0.6,2022
521,Max Strus,SF,25,MIA,68,1587,12.7,.614,.784,.094,1.7,12.5,7.2,8.8,0.9,1.1,8.8,18.1,,2.0,1.7,3.6,.110,,1.4,-0.4,0.9,1.2,2022
522,Jalen Suggs,PG,20,ORL,48,1307,8.6,.455,.358,.297,2.1,11.7,6.9,24.9,2.2,1.3,18.7,25.3,,-3.0,1.3,-1.6,-0.060,,-5.3,-0.2,-5.6,-1.2,2022
525,Jae'Sean Tate,PF,26,HOU,78,2056,14.3,.567,.277,.252,7.2,15.3,11.2,16.9,1.7,1.8,14.6,19.6,,1.9,1.1,3.0,.071,,-1.3,-0.5,-1.8,0.1,2022
526,Jayson Tatum,SF,23,BOS,76,2731,21.8,.578,.416,.300,3.5,20.2,12.1,21.1,1.4,1.6,10.9,32.1,,5.0,4.6,9.6,.169,,4.3,0.6,4.9,4.8,2022
528,Garrett Temple,SG,35,NOP,59,1098,8.6,.494,.627,.139,2.9,11.8,7.2,9.2,1.9,2.0,11.8,13.9,,-0.1,1.0,0.8,.037,,-2.8,0.3,-2.5,-0.1,2022
532,Daniel Theis,C,29,TOT,47,977,13.2,.595,.368,.247,6.6,18.8,12.7,6.3,1.0,2.9,12.5,16.2,,0.9,1.0,1.9,.093,,-1.9,-0.2,-2.1,0.0,2022
534,Cam Thomas,SG,20,BRK,67,1176,11.7,.519,.346,.209,1.5,13.1,7.5,9.7,1.4,0.6,9.1,22.1,,0.0,0.8,0.8,.033,,-2.0,-1.4,-3.4,-0.4,2022
538,Tristan Thompson,PF,30,TOT,57,897,14.9,.541,.011,.434,14.7,20.8,17.7,5.5,1.2,2.0,12.4,17.5,,0.9,0.8,1.6,.087,,-1.6,-1.5,-3.1,-0.3,2022
540,Matisse Thybulle,SG,24,PHI,66,1685,11.2,.594,.480,.143,2.8,7.1,5.0,6.1,3.4,3.8,10.9,9.5,,1.2,2.5,3.7,.107,,-2.2,3.3,1.1,1.3,2022
542,Xavier Tillman Sr.,PF,23,MEM,53,701,15.1,.510,.227,.329,9.6,14.5,12.0,11.6,3.3,1.9,12.1,16.4,,0.6,1.2,1.8,.121,,-1.1,1.8,0.7,0.5,2022
544,Obi Toppin,PF,23,NYK,72,1230,18.3,.614,.357,.262,5.9,17.7,11.7,10.9,1.0,2.6,9.6,20.8,,2.5,1.5,3.9,.153,,1.7,0.3,2.0,1.2,2022
545,Juan Toscano-Anderson,SF,28,GSW,73,994,11.0,.561,.370,.298,3.2,15.8,9.7,17.6,2.4,1.6,20.4,14.7,,0.3,1.8,2.0,.098,,-3.3,2.4,-0.8,0.3,2022
546,Karl-Anthony Towns,C,26,MIN,74,2476,24.1,.640,.301,.385,8.2,23.6,15.7,18.0,1.4,3.2,13.7,27.8,,7.1,3.2,10.3,.199,,4.5,0.5,5.0,4.4,2022
547,Gary Trent Jr.,SG,23,TOR,70,2448,14.7,.546,.502,.188,1.1,7.7,4.2,8.8,2.5,0.8,5.8,21.8,,3.1,2.5,5.6,.110,,-0.1,0.3,0.2,1.3,2022
548,P.J. Tucker,PF,36,MIA,71,1981,11.3,.593,.451,.143,5.8,16.2,11.1,10.6,1.5,0.8,12.7,11.7,,2.4,2.6,5.0,.121,,-0.8,1.4,0.6,1.3,2022
550,Myles Turner,C,25,IND,42,1235,17.4,.615,.466,.267,5.8,21.3,13.4,5.1,1.1,8.3,10.9,17.1,,1.7,1.4,3.1,.120,,0.1,1.4,1.4,1.1,2022
551,Jonas Valančiūnas,C,29,NOP,74,2240,21.2,.617,.168,.308,10.9,31.2,20.8,14.0,0.9,2.6,14.4,23.8,,4.6,2.7,7.3,.156,,2.0,-0.1,1.9,2.2,2022
553,Jarred Vanderbilt,PF,22,MIN,74,1880,15.3,.612,.039,.363,12.0,23.9,17.8,6.7,2.5,2.4,14.8,10.9,,3.1,2.9,6.0,.153,,-0.8,1.0,0.2,1.1,2022
554,Fred VanVleet,PG,27,TOR,65,2462,17.3,.552,.585,.202,1.8,11.4,6.4,26.7,2.3,1.4,12.5,23.7,,3.9,2.8,6.7,.131,,3.1,0.5,3.6,3.5,2022
555,Devin Vassell,SF,21,SAS,71,1937,13.3,.540,.497,.130,2.4,14.3,8.3,9.7,1.9,1.8,6.7,18.9,,1.3,2.0,3.3,.082,,-0.5,0.0,-0.5,0.7,2022
556,Gabe Vincent,PG,25,MIA,68,1589,10.6,.551,.630,.105,1.6,7.3,4.5,19.4,2.0,0.8,15.4,17.8,,0.7,1.9,2.5,.076,,-1.9,0.5,-1.4,0.2,2022
557,Nikola Vučević,C,31,CHI,73,2418,18.2,.533,.287,.105,6.6,30.7,18.7,15.2,1.4,2.5,10.1,24.5,,1.4,3.2,4.5,.090,,0.8,0.1,0.9,1.8,2022
558,Dean Wade,PF,25,CLE,51,980,10.1,.584,.654,.138,3.6,13.1,8.5,7.3,1.5,0.6,6.5,11.1,,1.1,1.1,2.3,.111,,-1.9,1.3,-0.6,0.4,2022
559,Franz Wagner,SF,20,ORL,79,2429,14.7,.559,.278,.225,3.6,11.9,7.7,15.7,1.4,1.3,10.0,21.2,,2.1,1.9,4.0,.079,,-0.4,-0.3,-0.7,0.8,2022
560,Moritz Wagner,C,24,ORL,63,960,18.1,.623,.508,.326,4.6,21.0,12.8,15.4,1.0,1.2,11.0,22.9,,1.8,1.0,2.8,.138,,1.5,0.1,1.6,0.9,2022
561,Ish Wainright,PF,27,PHO,45,359,9.4,.494,.567,.115,8.3,7.9,8.1,5.3,2.7,1.5,10.6,14.7,,0.0,0.6,0.6,.079,,-3.0,1.0,-2.0,0.0,2022
563,Lonnie Walker IV,SG,23,SAS,70,1612,12.3,.512,.462,.194,1.2,10.7,5.9,13.4,1.3,1.0,7.9,23.6,,0.1,1.1,1.2,.037,,-1.2,-1.3,-2.5,-0.2,2022
568,Duane Washington Jr.,PG,21,IND,48,968,10.2,.521,.504,.143,0.5,9.3,4.8,13.0,1.3,0.3,11.2,22.6,,-0.2,0.2,0.0,-0.002,,-1.9,-2.8,-4.8,-0.7,2022
569,P.J. Washington,C,23,CHO,65,1768,13.6,.588,.566,.152,4.8,15.5,10.1,11.2,1.5,3.3,12.6,15.6,,1.8,1.6,3.4,.091,,-0.2,0.2,-0.1,0.9,2022
573,Trendon Watford,SF,21,POR,48,869,15.8,.590,.142,.352,7.0,18.6,12.6,14.6,1.4,3.2,12.5,17.6,,1.4,0.5,1.9,.104,,-1.4,-0.4,-1.7,0.1,2022
576,Russell Westbrook,PG,33,LAL,78,2678,15.0,.512,.215,.324,4.4,18.8,11.6,31.6,1.3,0.7,17.3,27.3,,-0.6,2.3,1.7,.030,,-0.7,-0.9,-1.6,0.2,2022
577,Coby White,PG,21,CHI,61,1675,12.6,.564,.548,.141,1.1,11.0,6.1,15.0,0.8,0.6,9.3,19.8,,1.6,0.8,2.4,.067,,-0.4,-1.7,-2.1,0.0,2022
578,Derrick White,SG,27,TOT,75,2199,14.8,.549,.461,.294,1.8,10.7,6.3,22.9,1.4,2.3,11.6,19.9,,2.8,2.3,5.1,.111,,0.4,0.6,0.9,1.6,2022
579,Hassan Whiteside,C,32,UTA,65,1162,22.9,.662,.000,.506,16.2,29.9,23.3,3.4,0.9,7.8,11.6,17.1,,3.4,2.3,5.8,.238,,0.6,1.4,2.1,1.2,2022
581,Aaron Wiggins,SG,23,OKC,50,1209,10.3,.556,.409,.252,4.3,11.0,7.6,8.5,1.2,0.8,12.6,15.3,,0.5,0.8,1.2,.048,,-3.4,-0.9,-4.3,-0.7,2022
582,Andrew Wiggins,SF,26,GSW,73,2329,15.0,.560,.392,.231,4.1,10.9,7.6,10.8,1.6,2.1,9.0,23.1,,1.8,3.4,5.1,.105,,0.3,0.1,0.4,1.4,2022
585,Grant Williams,PF,23,BOS,77,1875,11.2,.635,.597,.220,3.8,11.8,7.9,5.7,1.0,2.8,11.6,12.6,,2.4,2.6,5.1,.130,,-1.4,1.1,-0.4,0.8,2022
586,Kenrich Williams,SF,27,OKC,49,1072,13.3,.532,.382,.174,7.1,14.1,10.5,15.3,2.0,0.9,11.9,15.6,,0.8,1.0,1.8,.081,,-1.3,1.1,-0.3,0.5,2022
587,Lou Williams,PG,35,ATL,56,799,12.1,.500,.319,.244,2.2,9.7,6.0,18.6,1.7,0.3,10.8,21.7,,0.2,0.4,0.6,.034,,-2.0,-1.4,-3.4,-0.3,2022
589,Robert Williams,C,24,BOS,61,1804,22.1,.745,.003,.245,14.6,20.5,17.6,9.7,1.5,6.8,13.4,11.5,,6.0,3.9,9.9,.262,,2.4,3.1,5.5,3.4,2022
590,Ziaire Williams,SF,20,MEM,62,1346,9.7,.559,.571,.130,2.0,8.2,5.0,6.3,1.2,0.8,8.4,14.9,,1.1,1.1,2.2,.080,,-2.4,-0.6,-3.0,-0.3,2022
592,Dylan Windler,SF,25,CLE,50,459,8.8,.519,.714,.184,5.2,16.0,10.7,10.0,1.5,0.6,13.1,11.8,,0.2,0.6,0.8,.084,,-2.9,1.2,-1.7,0.0,2022
593,Justise Winslow,PF,25,TOT,48,774,13.1,.479,.257,.257,7.0,20.9,14.0,16.1,2.2,2.9,14.6,18.9,,-0.3,1.1,0.8,.048,,-2.7,1.0,-1.7,0.1,2022
595,Christian Wood,C,26,HOU,68,2094,19.1,.595,.383,.378,5.7,30.4,18.0,12.2,1.2,2.8,11.0,23.3,,2.9,2.0,4.9,.112,,2.1,-0.4,1.6,1.9,2022
597,Delon Wright,SG,29,ATL,77,1452,13.8,.576,.431,.234,3.8,12.7,8.3,16.6,3.1,1.2,13.2,10.3,,2.2,1.5,3.6,.121,,-0.2,2.4,2.2,1.6,2022
601,Thaddeus Young,PF,33,TOT,52,845,17.0,.548,.176,.180,9.8,16.8,13.1,17.7,3.1,2.0,15.0,17.4,,0.9,1.3,2.2,.126,,0.1,2.1,2.2,0.9,2022
602,Trae Young,PG,23,ATL,76,2652,25.4,.603,.395,.358,2.1,9.6,5.9,46.7,1.3,0.2,14.5,34.4,,9.0,1.0,10.0,.181,,7.1,-2.0,5.2,4.8,2022
603,Omer Yurtseven,C,23,MIA,56,706,17.4,.546,.045,.247,13.9,33.0,23.6,11.0,1.2,3.0,13.0,19.9,,0.8,1.4,2.1,.145,,-1.4,0.4,-1.0,0.2,2022
605,Ivica Zubac,C,24,LAC,76,1852,19.2,.660,.000,.459,12.8,23.7,18.4,9.8,1.0,3.5,16.1,16.8,,4.3,2.9,7.2,.187,,-0.1,0.8,0.7,1.3,2022
