Rk,Player,Pos,Age,Tm,G,MP,PER,TS%,3PAr,FTr,ORB%,DRB%,TRB%,AST%,STL%,BLK%,TOV%,USG%,Unnamed: 19,OWS,DWS,WS,WS/48,Unnamed: 24,OBPM,DBPM,BPM,VORP,Year
1,Álex Abrines,SG,24,OKC,75,1134,9.0,.567,.759,.158,2.5,8.9,5.6,3.4,1.7,0.6,7.4,12.7,,1.3,1.0,2.2,.094,,-1.9,0.4,-1.5,0.1,2018
2,Quincy Acy,PF,27,BRK,70,1359,8.2,.525,.800,.164,3.1,17.1,10.0,6.0,1.2,1.6,13.3,14.4,,-0.1,1.1,1.0,.036,,-2.6,0.1,-2.5,-0.2,2018
3,Steven Adams,C,24,OKC,76,2487,20.6,.630,.003,.402,16.6,13.9,15.3,5.5,1.8,2.8,13.3,16.7,,6.7,3.0,9.7,.187,,1.7,-0.6,1.1,2.0,2018
4,Bam Adebayo,C,20,MIA,69,1368,15.7,.570,.021,.526,9.7,21.6,15.6,11.0,1.2,2.5,13.6,15.9,,2.3,1.9,4.2,.148,,-1.1,0.7,-0.4,0.6,2018
5,Arron Afflalo,SG,32,ORL,53,682,5.8,.516,.432,.160,0.6,10.1,5.3,6.2,0.3,1.1,10.8,12.5,,-0.1,0.2,0.1,.009,,-3.8,-1.5,-5.4,-0.6,2018
7,LaMarcus Aldridge,C,32,SAS,75,2509,25.0,.570,.068,.296,10.8,17.3,14.0,11.3,0.9,3.0,6.8,29.1,,7.4,3.5,10.9,.209,,4.3,-0.4,3.9,3.7,2018
8,Jarrett Allen,C,19,BRK,72,1441,17.5,.636,.038,.370,10.5,18.1,14.3,5.4,0.9,4.6,15.1,16.3,,2.7,1.5,4.2,.141,,-0.9,0.1,-0.8,0.5,2018
11,Al-Farouq Aminu,PF,27,POR,69,2072,12.0,.522,.582,.137,5.2,22.3,13.8,5.8,1.9,1.6,11.3,14.8,,0.9,3.2,4.2,.097,,-0.7,1.1,0.4,1.3,2018
13,Kyle Anderson,SF,24,SAS,74,1978,15.9,.582,.130,.333,4.7,17.6,11.1,14.7,2.9,2.5,15.8,13.5,,2.4,3.8,6.2,.151,,-0.4,3.3,2.9,2.4,2018
14,Ryan Anderson,PF,29,HOU,66,1725,12.6,.592,.706,.194,6.2,15.4,10.8,5.1,0.7,1.0,7.5,14.4,,3.1,1.7,4.8,.132,,0.9,-0.8,0.1,0.9,2018
16,Giannis Antetokounmpo,PF,23,MIL,75,2756,27.3,.598,.100,.457,6.7,25.3,16.0,23.7,2.0,3.3,11.7,31.2,,8.3,3.6,11.9,.207,,5.3,0.9,6.2,5.7,2018
17,Carmelo Anthony,PF,33,OKC,78,2501,12.7,.503,.406,.165,2.9,17.7,10.0,6.5,0.9,1.8,7.3,23.2,,1.2,2.5,3.7,.071,,-0.6,-1.3,-1.9,0.0,2018
18,OG Anunoby,SF,20,TOR,74,1481,10.0,.587,.569,.179,3.4,10.4,7.0,5.0,1.7,0.8,10.8,12.4,,1.4,1.6,3.0,.098,,-1.2,0.6,-0.6,0.5,2018
20,Trevor Ariza,SF,32,HOU,67,2269,11.8,.567,.710,.137,1.7,12.9,7.3,6.8,2.1,0.5,7.0,14.4,,2.6,2.8,5.3,.113,,0.0,0.7,0.7,1.5,2018
24,D.J. Augustin,PG,30,ORL,75,1760,15.4,.615,.504,.350,1.9,8.2,5.0,24.4,1.5,0.0,16.5,18.6,,3.3,0.8,4.1,.110,,1.0,-1.2,-0.2,0.8,2018
25,Luke Babbitt,SF,28,TOT,50,715,9.8,.576,.726,.102,1.1,13.9,7.5,6.5,0.5,0.8,7.8,15.0,,0.5,0.4,0.9,.060,,-0.9,-1.5,-2.4,-0.1,2018
26,Dwayne Bacon,SG,22,CHO,53,713,5.8,.431,.224,.130,0.6,18.5,9.4,7.5,1.1,0.2,10.2,13.7,,-0.7,0.6,-0.1,-0.007,,-4.8,0.1,-4.7,-0.5,2018
29,Lonzo Ball,PG,20,LAL,52,1780,12.5,.444,.523,.126,4.2,17.3,10.8,29.2,2.4,2.0,18.6,17.4,,-0.5,2.5,2.0,.053,,-0.7,1.6,1.0,1.3,2018
30,J.J. Barea,PG,33,DAL,69,1603,17.8,.545,.454,.148,1.0,13.4,7.0,45.1,1.1,0.2,16.3,24.9,,2.3,1.0,3.3,.098,,2.7,-1.5,1.2,1.3,2018
31,Harrison Barnes,PF,25,DAL,77,2634,15.8,.539,.276,.259,3.1,17.1,9.9,9.9,0.9,0.5,8.1,25.2,,2.0,1.9,3.8,.070,,0.8,-1.3,-0.5,1.0,2018
32,Will Barton,SG,27,DEN,81,2683,16.2,.562,.411,.220,3.0,14.2,8.6,18.5,1.5,1.6,11.7,20.7,,4.4,1.8,6.2,.111,,1.6,-0.4,1.1,2.1,2018
33,Nicolas Batum,SG,29,CHO,64,1981,14.4,.523,.422,.200,3.1,13.8,8.4,26.2,1.6,1.0,15.6,18.3,,1.7,1.8,3.5,.084,,0.5,-0.1,0.4,1.2,2018
35,Aron Baynes,C,31,BOS,81,1485,12.0,.502,.047,.175,9.7,22.1,16.0,9.6,0.7,2.9,14.3,16.8,,0.5,2.5,3.0,.097,,-3.6,0.7,-2.9,-0.3,2018
36,Kent Bazemore,SG,28,ATL,65,1789,14.5,.547,.405,.297,1.6,13.9,7.7,20.1,2.7,2.2,17.0,22.5,,0.2,2.0,2.2,.059,,-0.4,1.0,0.6,1.2,2018
37,Bradley Beal,SG,24,WAS,82,2977,18.4,.564,.357,.249,2.3,11.5,6.9,21.0,1.6,1.1,11.5,27.6,,4.4,2.5,6.9,.111,,2.9,-0.7,2.2,3.1,2018
38,Malik Beasley,SG,21,DEN,62,583,9.0,.509,.461,.185,2.7,11.0,6.9,7.4,1.3,1.0,11.1,16.2,,0.1,0.3,0.3,.028,,-2.4,-1.4,-3.8,-0.3,2018
39,Michael Beasley,PF,29,NYK,74,1653,17.8,.556,.107,.197,6.5,21.2,13.9,12.5,1.1,2.3,14.0,26.9,,0.9,1.5,2.4,.069,,0.6,-0.8,-0.2,0.7,2018
40,Marco Belinelli,SG,31,TOT,80,1947,14.1,.581,.517,.213,1.1,7.3,4.3,11.9,1.6,0.5,10.1,20.7,,2.4,1.3,3.7,.092,,0.4,-0.8,-0.5,0.8,2018
41,Jordan Bell,C,23,GSW,57,809,18.0,.641,.022,.238,8.9,19.0,14.3,16.9,2.1,5.5,20.0,13.9,,1.6,1.4,2.9,.174,,0.0,2.8,2.8,1.0,2018
43,Dragan Bender,PF,20,PHO,82,2069,7.1,.524,.665,.105,2.0,16.8,9.3,8.9,0.5,2.1,18.1,12.7,,-0.7,0.8,0.1,.001,,-2.9,-0.8,-3.7,-0.9,2018
44,Dāvis Bertāns,PF,25,SAS,77,1086,14.1,.588,.689,.134,1.8,13.9,7.8,10.3,1.2,2.1,8.5,17.4,,1.6,1.4,3.1,.135,,1.0,0.6,1.6,1.0,2018
46,Khem Birch,C,25,ORL,42,578,16.4,.582,.000,.484,13.2,21.1,17.1,8.5,1.3,2.9,12.1,13.2,,1.2,0.6,1.8,.150,,-0.7,-0.2,-0.9,0.2,2018
48,Bismack Biyombo,C,25,ORL,82,1495,14.1,.556,.003,.446,10.5,24.0,17.2,6.5,0.7,5.1,16.6,14.9,,1.1,1.8,2.9,.094,,-2.6,0.2,-2.4,-0.2,2018
49,Nemanja Bjelica,PF,29,MIN,67,1371,12.6,.581,.493,.121,4.4,18.8,11.5,8.7,1.8,1.0,11.7,14.3,,1.7,1.1,2.8,.097,,-0.1,0.2,0.1,0.7,2018
50,Tarik Black,C,26,HOU,51,536,14.3,.582,.087,.496,13.4,20.9,17.1,3.7,1.9,4.8,18.4,15.6,,0.5,1.0,1.5,.136,,-3.7,1.2,-2.6,-0.1,2018
52,Eric Bledsoe,PG,28,TOT,74,2322,19.7,.582,.364,.321,2.6,11.7,7.1,25.7,3.2,1.5,16.1,26.1,,3.1,2.5,5.6,.116,,2.3,0.3,2.5,2.6,2018
54,Bogdan Bogdanović,SG,25,SAC,78,2175,13.5,.556,.426,.154,1.6,10.5,5.8,18.3,1.7,0.7,13.2,19.6,,1.8,1.1,2.9,.064,,-0.6,-0.9,-1.5,0.3,2018
55,Bojan Bogdanović,SF,28,IND,80,2464,13.9,.605,.453,.241,1.4,10.9,6.2,7.1,1.1,0.3,10.1,19.0,,3.8,1.6,5.4,.105,,0.5,-1.2,-0.7,0.8,2018
58,Devin Booker,SG,21,PHO,54,1865,18.1,.561,.364,.312,1.5,12.7,7.0,24.4,1.2,0.6,13.9,31.7,,1.9,0.6,2.4,.063,,2.9,-2.0,0.9,1.4,2018
59,Trevor Booker,PF,30,TOT,68,1158,14.9,.557,.096,.271,11.1,18.6,14.9,10.8,1.2,1.5,13.3,16.6,,1.6,1.3,2.9,.121,,-0.6,0.0,-0.6,0.4,2018
61,Avery Bradley,SG,27,TOT,46,1433,9.6,.496,.325,.131,1.7,7.3,4.5,10.4,1.8,0.5,13.3,23.5,,-1.4,1.2,-0.2,-0.007,,-3.0,-1.0,-4.0,-0.7,2018
63,Corey Brewer,SF-SG,31,TOT,72,1208,11.2,.534,.348,.285,3.8,10.0,6.9,7.5,3.2,1.0,12.1,14.3,,0.7,1.6,2.3,.091,,-3.2,1.9,-1.3,0.2,2018
64,Malcolm Brogdon,PG,25,MIL,48,1436,14.3,.578,.320,.169,1.9,10.8,6.4,16.3,1.4,0.8,10.9,19.1,,2.0,0.7,2.7,.091,,-0.1,-1.0,-1.2,0.3,2018
66,Dillon Brooks,SF,22,MEM,82,2350,9.8,.531,.342,.215,2.4,10.5,6.3,9.3,1.6,0.7,12.8,18.5,,0.1,1.1,1.2,.024,,-2.9,-1.1,-4.0,-1.2,2018
70,Jaylen Brown,SG,21,BOS,70,2152,13.6,.562,.381,.290,3.4,14.0,8.8,8.5,1.6,1.0,12.0,21.4,,1.2,3.2,4.5,.100,,-0.8,0.3,-0.5,0.8,2018
73,Sterling Brown,SG,22,MIL,54,776,9.1,.503,.444,.117,4.1,17.5,10.8,4.5,2.0,1.4,10.4,14.0,,0.0,0.7,0.7,.043,,-2.8,-0.2,-3.1,-0.2,2018
76,Reggie Bullock,SF,26,DET,62,1732,13.6,.615,.515,.090,1.7,8.3,4.9,8.4,1.4,0.7,7.6,15.7,,2.8,1.4,4.2,.117,,0.7,0.0,0.7,1.2,2018
78,Alec Burks,SG,26,UTA,64,1059,13.1,.527,.343,.300,2.1,18.4,10.3,10.0,1.8,0.6,11.4,22.5,,0.2,1.6,1.9,.084,,-1.3,0.4,-0.9,0.3,2018
79,Jimmy Butler,SG,28,MIN,59,2164,23.7,.590,.217,.461,4.2,12.7,8.4,20.6,2.7,1.0,8.9,24.9,,7.1,1.8,8.9,.198,,5.0,0.7,5.8,4.2,2018
82,José Calderón,PG,36,CLE,57,914,11.3,.643,.524,.162,1.7,8.5,5.2,17.4,1.4,0.2,17.1,11.6,,1.5,0.3,1.8,.095,,-1.4,-0.5,-1.9,0.0,2018
83,Kentavious Caldwell-Pope,SG,24,LAL,74,2458,13.2,.561,.520,.243,2.6,14.1,8.4,9.4,2.1,0.5,9.9,16.9,,2.6,2.7,5.3,.103,,-0.4,0.6,0.3,1.4,2018
85,Clint Capela,C,23,HOU,74,2034,24.5,.650,.001,.380,13.5,30.8,22.2,5.7,1.4,5.7,11.5,19.4,,6.2,4.1,10.2,.242,,2.4,1.0,3.4,2.8,2018
86,DeMarre Carroll,PF,31,BRK,73,2180,14.3,.550,.498,.313,5.1,18.4,11.7,10.5,1.3,1.0,10.3,19.8,,2.3,1.8,4.1,.091,,0.5,-0.4,0.2,1.2,2018
87,Vince Carter,SF,41,SAC,58,1026,10.8,.523,.583,.131,1.9,15.1,8.2,9.7,2.1,2.4,10.7,14.7,,0.3,0.9,1.2,.056,,-1.9,0.7,-1.2,0.2,2018
88,Michael Carter-Williams,PG,26,CHO,52,835,10.8,.446,.258,.389,4.7,13.3,8.9,19.4,2.6,2.3,16.2,16.6,,-0.2,1.1,0.9,.050,,-3.3,1.8,-1.5,0.1,2018
90,Omri Casspi,SF,29,GSW,53,740,15.5,.632,.106,.333,4.9,24.0,15.1,9.5,1.2,2.0,13.5,16.3,,1.2,1.0,2.2,.141,,-0.9,0.0,-0.9,0.2,2018
91,Willie Cauley-Stein,C,24,SAC,73,2044,17.6,.529,.016,.320,7.0,22.0,14.2,13.7,1.9,3.1,11.0,21.8,,1.7,2.2,3.9,.092,,-0.4,0.3,-0.1,1.0,2018
93,Mario Chalmers,PG,31,MEM,66,1421,10.4,.503,.431,.312,1.0,12.0,6.4,21.5,2.8,0.9,18.8,19.6,,-0.6,1.3,0.6,.021,,-3.7,0.5,-3.2,-0.4,2018
94,Tyson Chandler,C,35,PHO,46,1151,14.2,.658,.000,.497,12.2,26.8,19.4,6.6,0.7,1.9,20.6,10.6,,1.9,0.8,2.7,.111,,-0.8,-0.6,-1.4,0.2,2018
95,Wilson Chandler,SF,30,DEN,74,2346,10.9,.542,.390,.181,4.9,14.1,9.6,9.4,0.9,1.4,11.9,14.3,,2.1,1.2,3.3,.067,,-1.0,-1.1,-2.1,-0.1,2018
96,Marquese Chriss,PF,20,PHO,72,1527,11.1,.509,.398,.331,5.2,22.7,13.8,8.1,1.6,3.7,16.4,18.1,,-0.8,1.5,0.7,.023,,-3.2,0.4,-2.8,-0.3,2018
97,Ian Clark,SG,26,NOP,74,1455,9.4,.529,.394,.119,0.8,8.4,4.7,10.4,1.1,0.5,9.9,17.2,,0.3,0.8,1.1,.037,,-2.7,-0.8,-3.5,-0.6,2018
98,Jordan Clarkson,SG,25,TOT,81,1888,16.4,.542,.333,.199,3.3,9.1,6.2,19.3,1.5,0.3,10.9,26.5,,1.9,1.2,3.0,.077,,1.5,-1.4,0.1,1.0,2018
101,John Collins,PF,20,ATL,74,1785,18.3,.620,.086,.341,11.0,22.8,16.9,8.9,1.3,3.8,14.3,17.9,,3.4,2.0,5.4,.145,,-0.4,0.2,-0.2,0.8,2018
102,Zach Collins,C,20,POR,66,1045,7.5,.475,.391,.145,4.7,18.2,11.5,7.1,0.8,2.4,15.9,15.4,,-0.7,1.3,0.6,.030,,-4.5,0.2,-4.3,-0.6,2018
104,Darren Collison,PG,30,IND,69,2018,18.8,.610,.321,.226,2.1,7.8,5.0,26.4,2.3,0.7,10.9,17.4,,5.8,1.8,7.6,.181,,2.4,0.3,2.7,2.4,2018
107,Pat Connaughton,SG,25,POR,82,1488,9.3,.539,.538,.113,2.7,9.1,5.9,8.7,0.8,1.2,9.5,13.4,,1.2,1.3,2.5,.080,,-1.7,-0.1,-1.8,0.1,2018
112,DeMarcus Cousins,C,27,NOP,48,1737,22.6,.583,.340,.456,6.8,30.9,19.2,23.0,2.2,3.5,18.9,31.9,,1.5,3.2,4.7,.130,,2.5,2.2,4.7,2.9,2018
113,Robert Covington,SF,27,PHI,80,2532,12.9,.563,.658,.163,2.4,15.5,9.2,8.7,2.6,2.4,12.3,17.2,,1.6,4.5,6.1,.116,,-0.2,1.7,1.5,2.3,2018
114,Allen Crabbe,SG,25,BRK,75,2197,12.3,.558,.643,.163,1.3,14.4,7.8,8.4,1.0,1.2,8.1,19.0,,1.8,1.4,3.2,.070,,0.0,-0.7,-0.7,0.7,2018
116,Jamal Crawford,SG,37,MIN,80,1653,13.0,.519,.423,.152,1.4,5.5,3.5,16.9,1.2,0.5,10.7,23.7,,0.9,0.3,1.3,.037,,0.1,-2.5,-2.3,-0.1,2018
118,Jae Crowder,SF,27,TOT,80,2090,10.4,.525,.508,.221,3.2,11.5,7.4,6.9,1.5,0.9,9.1,17.3,,1.0,1.6,2.6,.060,,-1.9,-0.6,-2.5,-0.3,2018
119,Dante Cunningham,SF,30,TOT,73,1562,10.0,.539,.462,.143,5.5,14.9,10.3,4.3,1.2,1.5,7.9,11.6,,1.1,1.3,2.4,.074,,-1.5,-0.2,-1.7,0.1,2018
120,Stephen Curry,PG,29,GSW,51,1631,28.2,.675,.580,.350,2.7,14.4,9.0,30.3,2.4,0.4,13.3,31.0,,7.2,1.9,9.1,.267,,7.8,0.0,7.7,4.0,2018
121,Troy Daniels,SG,26,PHO,79,1622,9.8,.583,.797,.111,0.8,7.7,4.2,4.5,0.8,0.2,8.5,17.2,,1.4,0.0,1.4,.042,,-0.5,-2.1,-2.6,-0.3,2018
122,Anthony Davis,PF,24,NOP,75,2727,28.9,.612,.111,.409,7.7,24.8,16.5,10.8,2.0,5.6,8.6,30.0,,8.8,4.9,13.7,.241,,5.3,1.4,6.7,5.9,2018
123,Deyonta Davis,C,21,MEM,62,943,16.6,.621,.000,.215,9.0,22.0,15.3,7.1,0.8,3.9,9.9,15.3,,1.9,0.8,2.7,.138,,-0.9,-0.6,-1.5,0.1,2018
124,Ed Davis,C,28,POR,78,1471,15.5,.607,.003,.380,13.7,28.8,21.3,3.9,1.1,2.9,16.2,12.1,,2.5,2.5,5.0,.164,,-1.2,0.6,-0.6,0.5,2018
125,Dewayne Dedmon,C,28,ATL,62,1542,15.8,.599,.296,.180,7.2,28.1,17.7,9.2,1.3,2.8,14.3,17.0,,1.8,1.9,3.7,.114,,-0.4,0.5,0.1,0.8,2018
126,Sam Dekker,PF,23,LAC,73,883,11.5,.534,.232,.216,5.6,16.0,10.8,6.2,1.3,0.9,10.4,15.5,,0.6,0.6,1.2,.066,,-2.3,-0.6,-2.9,-0.2,2018
127,Malcolm Delaney,PG,28,ATL,54,1014,10.6,.519,.435,.323,1.0,10.0,5.5,23.4,1.7,0.5,16.9,16.9,,0.4,0.6,1.0,.047,,-2.2,-0.4,-2.6,-0.1,2018
130,DeMar DeRozan,SG,28,TOR,80,2711,21.0,.555,.203,.396,2.5,10.4,6.5,25.0,1.5,0.6,9.5,29.6,,6.8,2.8,9.6,.170,,3.3,-0.6,2.8,3.2,2018
131,Cheick Diallo,PF,21,NOP,52,581,17.0,.619,.000,.375,9.1,29.6,19.7,4.7,0.9,2.9,12.0,17.4,,1.1,0.8,1.9,.157,,-1.3,0.1,-1.2,0.1,2018
132,Gorgui Dieng,C,28,MIN,79,1333,14.7,.543,.157,.263,9.1,22.2,15.6,7.5,1.7,2.6,12.0,16.3,,1.6,1.4,2.9,.105,,-0.9,-0.1,-1.0,0.3,2018
133,Spencer Dinwiddie,PG,24,BRK,80,2306,15.9,.527,.517,.320,1.8,10.2,6.0,35.0,1.4,0.7,11.8,20.3,,4.3,1.4,5.7,.118,,1.3,-0.7,0.6,1.5,2018
134,Tyler Dorsey,SG,21,ATL,56,974,10.0,.494,.521,.165,1.9,12.9,7.4,12.5,0.9,0.4,8.3,20.0,,0.0,0.4,0.4,.020,,-1.4,-1.5,-2.9,-0.2,2018
135,Damyean Dotson,SG,23,NYK,44,474,11.6,.532,.422,.143,2.1,17.5,9.8,9.5,1.3,0.4,9.0,17.3,,0.3,0.3,0.6,.060,,-1.6,-0.6,-2.3,0.0,2018
138,Goran Dragić,PG,31,MIA,75,2378,16.6,.543,.279,.252,2.5,11.9,7.2,25.4,1.3,0.4,12.2,25.7,,2.9,2.3,5.3,.106,,0.9,-0.6,0.3,1.4,2018
140,Andre Drummond,C,24,DET,78,2625,22.9,.555,.012,.448,16.4,36.4,26.2,14.3,2.2,4.3,15.9,21.2,,4.6,5.7,10.3,.189,,1.5,1.7,3.2,3.4,2018
141,Jared Dudley,PF,32,PHO,48,686,8.8,.553,.656,.287,1.2,13.6,7.3,15.6,1.7,1.3,16.9,10.2,,0.5,0.4,0.8,.058,,-3.0,0.5,-2.5,-0.1,2018
142,Kris Dunn,PG,23,CHI,52,1525,14.5,.488,.201,.171,1.6,14.4,7.8,33.3,3.3,1.6,17.3,24.7,,-1.0,1.9,0.9,.027,,-2.4,1.1,-1.3,0.3,2018
143,Kevin Durant,SF,29,GSW,68,2325,26.0,.640,.338,.331,1.6,19.5,11.2,25.5,1.0,4.0,12.9,30.4,,7.5,2.9,10.4,.215,,6.7,0.6,7.3,5.5,2018
146,Wayne Ellington,SG,30,MIA,77,2041,12.5,.588,.827,.111,1.3,10.7,6.0,5.9,1.3,0.3,6.6,17.3,,2.6,1.9,4.5,.105,,1.0,-0.6,0.4,1.2,2018
147,Joel Embiid,C,23,PHI,63,1912,22.9,.573,.203,.442,8.4,29.7,19.4,18.0,1.0,4.8,15.6,33.4,,2.3,3.8,6.2,.155,,2.0,1.3,3.3,2.6,2018
148,James Ennis III,SF,27,TOT,72,1604,11.6,.588,.398,.302,5.1,11.0,8.0,6.6,1.5,1.0,11.4,13.7,,2.0,1.1,3.1,.092,,-1.1,-0.1,-1.2,0.3,2018
149,Tyler Ennis,PG,23,LAL,54,683,11.1,.473,.250,.129,3.0,11.8,7.4,21.9,2.1,1.2,13.8,17.1,,0.1,0.7,0.8,.058,,-3.0,0.9,-2.1,0.0,2018
150,Jawun Evans,PG,21,LAC,48,778,7.2,.421,.213,.194,1.3,10.4,5.9,17.8,2.3,0.6,13.8,17.7,,-0.8,0.6,-0.2,-0.011,,-5.4,0.4,-5.0,-0.6,2018
152,Tyreke Evans,PG,28,MEM,52,1607,21.1,.561,.354,.258,3.1,16.3,9.5,31.2,1.8,1.0,11.5,28.4,,3.1,1.2,4.2,.126,,4.9,-0.5,4.5,2.6,2018
155,Derrick Favors,C,26,UTA,77,2153,18.8,.593,.090,.306,10.6,18.5,14.6,7.8,1.3,3.2,9.9,18.5,,4.5,3.5,8.0,.179,,0.9,0.7,1.5,1.9,2018
157,Cristiano Felício,C,25,CHI,55,977,12.5,.614,.009,.377,8.8,17.1,12.8,8.4,0.8,1.0,17.7,13.6,,1.2,0.5,1.7,.086,,-2.8,-1.1,-3.9,-0.5,2018
158,Raymond Felton,PG,33,OKC,82,1365,13.0,.494,.417,.080,2.0,11.0,6.3,22.5,1.8,1.1,11.7,20.4,,0.9,1.3,2.2,.078,,-0.3,-0.3,-0.6,0.5,2018
159,Terrance Ferguson,SG,19,OKC,61,763,7.4,.545,.710,.059,2.7,4.2,3.4,3.4,1.6,1.2,6.0,10.4,,0.7,0.5,1.2,.077,,-3.2,-0.1,-3.3,-0.3,2018
160,Yogi Ferrell,SG,24,DAL,82,2282,11.4,.540,.492,.141,1.2,11.2,6.1,13.5,1.4,0.4,9.1,17.0,,1.5,1.5,3.0,.064,,-1.3,0.0,-1.4,0.4,2018
162,Bryn Forbes,SG,24,SAS,80,1517,9.1,.525,.459,.145,0.9,7.2,4.0,7.8,0.9,0.1,6.5,16.7,,0.8,1.3,2.1,.067,,-2.5,-0.6,-3.1,-0.4,2018
163,Evan Fournier,SF,25,ORL,57,1837,15.5,.577,.418,.216,1.4,9.5,5.4,14.8,1.3,0.7,9.8,23.3,,2.4,0.9,3.3,.087,,0.8,-1.4,-0.6,0.7,2018
164,De'Aaron Fox,PG,20,SAC,73,2026,11.2,.478,.192,.245,1.8,10.0,5.7,24.6,1.7,0.9,16.4,23.4,,-1.7,1.1,-0.6,-0.014,,-2.7,-1.5,-4.2,-1.1,2018
165,Tim Frazier,PG,27,WAS,59,838,11.3,.475,.326,.174,2.4,13.1,7.8,31.1,2.8,0.7,23.5,12.8,,0.4,1.0,1.4,.080,,-2.8,1.8,-0.9,0.2,2018
166,Enes Freedom,C,25,NYK,71,1830,24.0,.630,.003,.258,16.6,30.6,23.6,9.4,1.0,1.7,13.3,21.8,,5.5,2.1,7.6,.198,,3.3,-1.1,2.2,1.9,2018
167,Channing Frye,C,34,TOT,53,695,13.1,.599,.542,.090,1.9,19.4,10.8,7.9,1.3,1.6,8.7,15.2,,0.9,0.6,1.5,.101,,-0.5,0.0,-0.5,0.3,2018
170,Langston Galloway,SG,26,DET,58,863,12.2,.503,.641,.121,1.6,10.3,5.9,10.1,2.0,0.5,4.8,19.3,,0.5,0.9,1.4,.080,,-0.2,0.2,0.1,0.5,2018
171,Marc Gasol,C,33,MEM,73,2408,17.4,.532,.310,.326,3.7,25.3,14.2,21.7,1.1,3.9,14.1,25.6,,1.5,2.6,4.0,.080,,1.7,0.6,2.3,2.7,2018
172,Pau Gasol,C,37,SAS,77,1812,18.9,.539,.191,.333,7.8,30.2,19.0,20.1,0.7,3.6,13.1,20.4,,2.7,3.3,6.0,.159,,1.5,1.9,3.4,2.5,2018
173,Rudy Gay,PF,31,SAS,57,1231,18.0,.545,.220,.270,6.8,19.5,13.1,9.8,1.9,2.6,11.5,24.6,,1.0,2.1,3.1,.122,,0.2,0.6,0.8,0.9,2018
174,Paul George,SF,27,OKC,79,2891,18.7,.570,.454,.307,2.7,14.9,8.6,14.5,2.8,1.2,12.2,25.7,,5.0,3.9,8.9,.147,,2.3,0.6,2.9,3.6,2018
175,Marcus Georges-Hunt,SG,23,MIN,42,224,6.9,.515,.313,.438,3.6,4.7,4.1,4.1,1.3,0.0,5.0,11.9,,0.2,0.0,0.2,.049,,-4.3,-0.9,-5.1,-0.2,2018
177,Taj Gibson,PF,32,MIN,82,2726,15.4,.610,.047,.251,8.1,16.7,12.4,5.2,1.1,1.9,9.8,14.7,,5.4,1.7,7.2,.126,,0.1,-0.7,-0.5,1.0,2018
178,Manu Ginóbili*,SG,40,SAS,65,1299,12.9,.553,.415,.283,1.6,10.6,6.1,19.1,1.7,1.0,16.8,21.5,,0.6,1.6,2.2,.082,,-1.5,0.2,-1.3,0.2,2018
179,Rudy Gobert,C,25,UTA,56,1816,20.7,.657,.000,.673,10.4,27.0,18.8,6.9,1.2,6.0,15.7,16.9,,4.2,3.9,8.1,.214,,0.9,2.5,3.4,2.5,2018
180,Aaron Gordon,PF,22,ORL,58,1909,16.5,.530,.395,.260,5.0,21.5,13.2,11.7,1.5,1.9,10.0,24.7,,0.9,2.0,2.9,.072,,0.9,-0.6,0.3,1.1,2018
181,Eric Gordon,SG,29,HOU,69,2154,15.2,.578,.627,.248,1.3,7.5,4.4,11.7,1.0,1.1,10.8,24.7,,2.9,1.8,4.7,.105,,2.0,-1.6,0.4,1.3,2018
182,Marcin Gortat,C,33,WAS,82,2075,14.7,.546,.000,.291,9.9,24.0,17.0,10.6,1.0,2.6,13.5,15.5,,2.4,2.4,4.9,.113,,-0.8,0.3,-0.6,0.8,2018
183,Treveon Graham,SG,24,CHO,63,1050,9.0,.553,.439,.267,4.3,8.3,6.2,7.8,1.5,0.2,9.9,11.3,,1.1,0.7,1.8,.080,,-2.8,0.1,-2.7,-0.2,2018
184,Jerami Grant,PF,23,OKC,81,1647,16.2,.607,.241,.526,5.6,16.3,10.7,5.1,0.9,4.2,8.8,16.0,,3.5,1.9,5.4,.156,,0.0,0.3,0.3,1.0,2018
185,Jerian Grant,PG,25,CHI,74,1686,14.3,.528,.372,.374,1.9,9.3,5.5,30.1,1.8,0.4,13.2,17.4,,2.3,1.0,3.3,.094,,-0.9,-0.5,-1.3,0.3,2018
187,Danny Green,SG,30,SAS,70,1791,11.4,.509,.570,.116,2.5,13.0,7.7,8.9,1.8,3.7,11.2,16.6,,0.1,2.9,2.9,.078,,-1.0,1.4,0.4,1.1,2018
188,Draymond Green,PF,27,GSW,70,2287,16.1,.556,.414,.279,3.9,21.1,13.1,29.0,2.0,3.1,22.5,17.2,,2.6,3.4,6.1,.127,,0.9,1.9,2.8,2.8,2018
190,JaMychal Green,PF,27,MEM,55,1542,14.0,.530,.260,.227,10.8,24.4,17.4,8.3,1.0,1.5,12.4,17.8,,1.3,1.3,2.6,.079,,-0.8,-1.5,-2.3,-0.1,2018
191,Jeff Green,PF,31,CLE,78,1828,14.8,.587,.275,.379,3.7,11.2,7.6,8.0,1.1,1.6,9.4,19.3,,3.1,0.8,3.9,.103,,-0.3,-1.5,-1.8,0.1,2018
192,Blake Griffin,PF,28,TOT,58,1970,19.6,.544,.323,.331,4.1,19.8,12.0,28.1,1.0,0.8,12.6,28.9,,3.2,1.8,4.9,.120,,3.6,-0.2,3.4,2.7,2018
194,Tim Hardaway Jr.,SG,25,NYK,57,1885,14.4,.533,.479,.209,1.9,11.3,6.6,12.7,1.6,0.5,9.0,23.8,,1.6,1.1,2.6,.067,,0.5,-1.1,-0.6,0.7,2018
195,James Harden,SG,28,HOU,72,2551,29.8,.619,.498,.502,1.8,15.2,8.6,45.1,2.4,1.7,15.1,36.1,,11.6,3.8,15.4,.289,,8.5,1.4,9.9,7.7,2018
196,Maurice Harkless,SF,24,POR,59,1264,12.6,.596,.397,.199,4.0,9.9,7.0,6.0,1.9,2.8,11.0,12.6,,1.6,1.7,3.2,.123,,-0.4,1.7,1.4,1.1,2018
197,Montrezl Harrell,C,24,LAC,76,1293,24.7,.647,.013,.405,8.9,17.0,13.0,10.1,1.4,3.4,9.5,23.8,,4.3,1.3,5.5,.205,,3.1,0.2,3.3,1.7,2018
198,Devin Harris,PG,34,TOT,71,1340,13.0,.563,.500,.374,1.0,9.8,5.3,16.9,1.8,0.8,12.6,20.2,,1.6,0.9,2.5,.089,,-1.5,-0.3,-1.8,0.1,2018
199,Gary Harris,SG,23,DEN,67,2304,16.5,.597,.434,.178,1.8,6.8,4.3,13.0,2.6,0.5,10.8,20.7,,3.9,1.5,5.5,.114,,1.0,-0.2,0.8,1.7,2018
200,Joe Harris,SG,26,BRK,78,1975,13.3,.634,.576,.167,2.7,11.3,7.0,10.2,0.9,0.8,12.0,16.6,,3.0,0.9,4.0,.097,,0.7,-0.6,0.1,1.0,2018
201,Tobias Harris,PF,25,TOT,80,2668,17.1,.565,.364,.177,2.4,15.7,9.0,11.8,1.3,1.1,7.4,23.3,,4.2,2.5,6.7,.120,,2.3,-0.4,1.9,2.6,2018
203,Andrew Harrison,PG,23,MEM,56,1326,12.7,.534,.331,.371,2.0,9.7,5.7,21.3,1.4,1.8,14.0,19.6,,1.0,0.7,1.7,.062,,-1.0,-0.5,-1.5,0.2,2018
205,Josh Hart,SG,22,LAL,63,1461,12.2,.596,.525,.251,3.1,16.0,9.6,7.6,1.5,0.9,10.1,13.5,,1.9,1.5,3.4,.111,,-0.6,0.5,-0.1,0.7,2018
211,John Henson,C,27,MIL,76,1970,15.7,.582,.014,.315,9.0,21.5,15.3,8.6,1.1,4.7,12.8,15.0,,2.8,2.2,4.9,.120,,-1.0,0.1,-0.9,0.5,2018
213,Willy Hernangómez,C,23,TOT,48,495,21.2,.604,.073,.549,13.3,27.2,20.2,10.5,1.8,2.7,14.7,21.0,,1.1,0.7,1.8,.174,,0.9,0.5,1.4,0.4,2018
214,Mario Hezonja,SF,22,ORL,75,1657,13.7,.544,.433,.170,2.7,16.1,9.3,10.0,2.4,1.5,11.5,19.9,,0.5,1.8,2.3,.066,,-0.9,0.4,-0.5,0.6,2018
216,Buddy Hield,SG,25,SAC,80,2024,16.1,.557,.437,.087,3.0,14.8,8.6,12.8,2.1,1.0,11.3,24.3,,1.3,1.5,2.8,.067,,1.6,-0.5,1.0,1.5,2018
217,Nenê,C,35,HOU,52,758,16.4,.594,.008,.448,8.1,18.0,13.1,9.5,1.8,1.6,11.7,18.9,,1.5,1.1,2.6,.163,,-1.6,0.6,-1.0,0.2,2018
218,George Hill,PG,31,TOT,67,1812,13.3,.580,.400,.273,2.6,8.9,5.7,15.0,1.7,1.3,13.3,16.3,,2.3,0.9,3.2,.085,,-0.2,-0.5,-0.8,0.6,2018
221,Jrue Holiday,SG,27,NOP,81,2927,17.8,.570,.286,.191,2.4,10.8,6.8,24.9,2.0,1.7,13.6,23.1,,4.2,2.9,7.1,.116,,1.3,0.3,1.6,2.7,2018
222,Justin Holiday,SG,28,CHI,72,2265,10.8,.513,.574,.210,1.4,12.8,6.9,10.1,1.7,1.2,9.8,18.2,,0.1,1.6,1.7,.036,,-1.6,-0.3,-1.9,0.0,2018
224,Rondae Hollis-Jefferson,SF,23,BRK,68,1920,16.9,.548,.075,.436,5.5,20.0,12.7,14.2,1.6,1.9,12.3,22.2,,2.1,2.0,4.1,.103,,-0.3,0.4,0.1,1.0,2018
225,Richaun Holmes,C,24,PHI,48,746,17.4,.585,.129,.232,8.6,21.4,15.2,12.3,1.3,3.2,8.6,16.6,,1.6,1.3,2.8,.183,,-0.3,1.4,1.1,0.6,2018
226,Rodney Hood,SG,25,TOT,60,1616,14.3,.546,.443,.172,1.6,9.9,5.8,9.7,1.4,0.6,8.0,24.3,,1.2,1.5,2.7,.081,,0.8,-0.9,-0.1,0.8,2018
228,Al Horford,C,31,BOS,72,2277,17.6,.575,.300,.159,5.0,20.2,12.7,23.6,0.9,2.9,14.1,18.4,,4.0,3.8,7.8,.165,,2.4,2.0,4.4,3.7,2018
230,Dwight Howard,C,32,CHO,81,2463,20.5,.577,.008,.639,11.0,33.8,22.2,7.1,1.0,4.4,15.1,24.2,,2.9,3.9,6.8,.132,,-0.3,0.1,-0.1,1.2,2018
231,Josh Huestis,PF,26,OKC,69,982,5.4,.417,.632,.110,4.6,13.9,9.1,2.7,0.8,4.0,12.0,9.5,,-0.5,1.0,0.5,.024,,-3.9,0.0,-3.9,-0.5,2018
234,Serge Ibaka,PF,28,TOR,76,2093,14.7,.574,.379,.151,4.3,21.0,12.8,4.4,0.7,3.8,9.7,19.4,,2.1,3.0,5.1,.117,,-0.1,0.0,-0.1,1.0,2018
235,Andre Iguodala,SF,34,GSW,64,1622,11.2,.536,.366,.272,3.7,12.6,8.5,16.2,1.6,1.9,15.8,11.5,,1.6,1.6,3.2,.094,,-1.1,0.8,-0.3,0.7,2018
236,Ersan İlyasova,PF,30,TOT,69,1729,14.9,.558,.413,.220,7.6,18.0,12.9,7.9,1.7,1.3,9.7,18.7,,2.2,1.9,4.0,.112,,-0.2,-0.4,-0.6,0.6,2018
237,Joe Ingles,SF,30,UTA,82,2578,14.4,.623,.646,.116,1.1,13.9,7.6,22.9,1.8,0.7,17.4,15.9,,4.0,3.6,7.6,.141,,1.0,1.3,2.3,2.8,2018
239,Brandon Ingram,SF,20,LAL,59,1975,13.8,.536,.138,.371,3.1,13.8,8.5,17.7,1.1,1.8,14.4,22.2,,1.0,1.8,2.8,.068,,-0.9,-0.3,-1.2,0.4,2018
240,Kyrie Irving,PG,25,BOS,60,1931,25.0,.610,.374,.240,1.9,10.8,6.4,30.7,1.7,0.7,10.4,31.0,,6.3,2.7,8.9,.222,,6.4,0.9,7.3,4.5,2018
242,Wes Iwundu,SF,23,ORL,62,1020,7.8,.480,.211,.216,3.9,11.0,7.4,7.8,1.6,0.9,11.2,11.6,,0.0,0.7,0.7,.032,,-4.2,-0.1,-4.3,-0.6,2018
243,Jarrett Jack,PG,34,NYK,62,1548,11.5,.489,.194,.169,1.6,12.1,6.8,31.3,1.1,0.2,19.5,16.7,,0.5,0.7,1.2,.036,,-1.6,-1.3,-2.8,-0.3,2018
246,Josh Jackson,SF,20,PHO,77,1959,11.8,.480,.233,.299,5.1,14.2,9.6,10.1,2.0,1.4,12.2,26.0,,-2.0,1.2,-0.7,-0.018,,-2.8,-1.4,-4.2,-1.1,2018
247,Justin Jackson,SF,22,SAC,68,1506,9.2,.521,.442,.086,2.0,12.6,7.1,7.2,0.9,0.8,8.4,14.2,,0.4,0.5,1.0,.031,,-2.4,-1.1,-3.5,-0.6,2018
248,Reggie Jackson,PG,27,DET,45,1201,15.9,.516,.293,.232,2.6,9.0,5.7,32.8,1.1,0.3,13.5,27.1,,1.1,0.9,2.0,.078,,1.0,-1.4,-0.4,0.5,2018
249,LeBron James,PF,33,CLE,82,3026,28.6,.621,.257,.336,3.7,22.3,13.1,44.4,1.9,2.0,16.1,31.6,,11.0,3.0,14.0,.221,,7.3,1.4,8.7,8.2,2018
254,Jonas Jerebko,PF,30,UTA,74,1134,13.2,.586,.460,.167,5.4,19.1,12.3,5.7,1.1,0.9,6.9,15.6,,1.8,1.6,3.4,.144,,-0.4,0.4,0.1,0.6,2018
255,Amir Johnson,C,30,PHI,74,1171,14.9,.575,.123,.327,11.8,18.3,15.2,13.9,1.8,3.1,15.6,12.8,,2.1,2.0,4.1,.169,,-1.2,2.2,1.0,0.9,2018
258,James Johnson,PF,30,MIA,73,1943,15.8,.575,.301,.264,3.5,17.2,10.3,22.5,1.8,2.2,17.1,19.1,,2.2,2.8,5.0,.123,,0.0,1.6,1.6,1.7,2018
259,Joe Johnson,SF,36,TOT,55,1205,8.1,.490,.403,.125,1.3,14.7,8.1,10.2,0.7,0.5,11.4,15.9,,-0.3,1.3,1.0,.040,,-2.7,-0.2,-2.9,-0.3,2018
261,Stanley Johnson,SF,21,DET,69,1894,9.0,.480,.418,.259,1.9,13.0,7.3,8.5,2.5,0.7,11.0,16.4,,-0.6,2.4,1.8,.046,,-4.0,1.1,-2.9,-0.4,2018
262,Tyler Johnson,PG,25,MIA,72,2052,13.0,.549,.456,.181,1.9,11.7,6.8,12.4,1.5,1.4,9.5,18.6,,1.9,2.3,4.2,.097,,-0.5,0.2,-0.3,0.9,2018
263,Wesley Johnson,SF,30,LAC,74,1486,9.8,.512,.481,.158,2.2,13.6,8.0,5.6,2.5,3.5,12.3,13.0,,-0.1,1.7,1.7,.055,,-2.5,1.7,-0.7,0.5,2018
264,Nikola Jokić,C,22,DEN,75,2443,24.4,.603,.277,.310,9.0,27.9,18.5,29.6,1.8,2.1,15.5,24.2,,7.8,2.9,10.7,.211,,5.3,1.6,6.9,5.5,2018
268,Tyus Jones,PG,21,MIN,82,1467,14.1,.572,.393,.247,1.2,9.2,5.2,21.2,3.2,0.4,14.0,12.7,,2.3,1.2,3.6,.117,,-0.8,1.7,0.8,1.1,2018
269,DeAndre Jordan,C,29,LAC,77,2424,20.2,.648,.000,.540,15.1,37.6,26.5,7.1,0.8,2.4,16.1,15.2,,6.0,3.4,9.4,.186,,1.7,-0.3,1.4,2.1,2018
270,Cory Joseph,PG,26,IND,82,2210,11.0,.503,.315,.156,2.0,11.4,6.7,16.1,1.8,0.7,11.9,14.8,,1.2,2.0,3.1,.068,,-1.8,0.3,-1.5,0.3,2018
271,Frank Kaminsky,PF,24,CHO,79,1835,14.4,.545,.383,.271,2.7,14.5,8.5,11.0,1.0,0.9,7.6,20.5,,2.3,1.3,3.6,.094,,0.6,-0.8,-0.2,0.8,2018
272,Luke Kennard,SG,21,DET,73,1463,12.1,.560,.419,.163,1.6,11.9,6.6,12.7,1.5,0.8,12.2,17.2,,1.1,1.4,2.6,.085,,-0.9,0.1,-0.8,0.5,2018
273,Michael Kidd-Gilchrist,SF,24,CHO,74,1850,12.5,.536,.004,.305,4.8,13.0,8.8,5.9,1.3,1.4,7.7,16.1,,1.7,1.6,3.3,.084,,-2.1,0.0,-2.1,-0.1,2018
274,Sean Kilpatrick,SG,28,TOT,52,640,11.6,.507,.490,.245,0.8,14.2,7.5,11.3,1.0,0.7,10.4,24.9,,-0.2,0.3,0.1,.008,,-1.1,-1.7,-2.8,-0.1,2018
275,Maxi Kleber,PF,26,DAL,72,1206,13.4,.576,.414,.191,6.3,15.6,10.8,6.4,1.1,3.5,8.2,13.7,,1.6,1.2,2.8,.113,,-1.0,0.5,-0.5,0.5,2018
278,Kyle Korver,SG,36,CLE,73,1574,13.4,.652,.777,.149,0.7,10.9,5.9,8.0,1.0,1.5,9.6,16.0,,2.8,0.6,3.4,.104,,1.5,-1.2,0.2,0.9,2018
279,Kosta Koufos,C,28,SAC,71,1391,17.5,.566,.000,.190,11.7,27.6,19.3,9.7,1.7,2.2,10.4,15.2,,2.3,1.5,3.9,.134,,-0.2,-0.2,-0.4,0.6,2018
280,Kyle Kuzma,PF,22,LAL,77,2401,14.2,.549,.418,.200,3.9,17.4,10.7,9.1,1.0,1.1,11.0,22.5,,1.5,2.3,3.8,.077,,0.3,-1.0,-0.7,0.8,2018
282,Skal Labissière,PF,21,SAC,60,1240,14.3,.513,.111,.258,8.7,18.1,13.2,9.1,1.0,3.7,12.5,21.1,,0.4,1.0,1.4,.054,,-1.9,-0.8,-2.7,-0.2,2018
283,Jeremy Lamb,SG,25,CHO,80,1967,17.0,.559,.305,.250,2.7,15.4,8.9,15.4,1.5,1.4,9.1,22.4,,3.0,1.9,4.9,.120,,1.3,0.2,1.6,1.8,2018
284,Shane Larkin,PG,25,BOS,54,775,10.3,.491,.393,.169,2.1,10.7,6.5,18.5,1.9,0.2,12.3,15.5,,0.3,1.1,1.4,.087,,-2.8,1.1,-1.7,0.1,2018
285,Joffrey Lauvergne,C,26,SAS,55,534,16.5,.536,.026,.247,13.0,22.6,17.8,12.2,0.9,0.5,13.5,20.4,,0.6,0.7,1.3,.120,,-0.4,-0.6,-1.0,0.1,2018
288,T.J. Leaf,PF,20,IND,53,459,10.7,.545,.309,.118,7.2,13.0,10.1,2.8,0.5,0.8,6.5,14.9,,0.5,0.3,0.8,.082,,-1.4,-1.7,-3.1,-0.1,2018
289,Courtney Lee,SG,32,NYK,76,2310,13.0,.564,.368,.164,1.4,9.3,5.4,11.3,1.7,0.6,9.4,16.9,,2.7,1.2,3.9,.082,,-0.1,-0.2,-0.3,1.0,2018
292,Alex Len,C,24,PHO,69,1395,19.4,.612,.008,.611,13.2,26.7,19.8,9.1,0.9,3.5,14.0,17.0,,3.2,1.3,4.5,.154,,0.6,-0.3,0.3,0.8,2018
296,Caris LeVert,SF,23,BRK,71,1864,14.2,.525,.333,.254,3.0,11.9,7.4,26.0,2.1,0.9,15.8,22.5,,0.7,1.6,2.3,.058,,-0.8,0.0,-0.8,0.6,2018
297,DeAndre Liggins,SG,29,TOT,58,724,6.0,.467,.500,.047,1.1,10.6,5.9,8.4,2.5,1.6,15.6,7.9,,-0.2,0.7,0.5,.034,,-4.3,1.8,-2.5,-0.1,2018
298,Damian Lillard,PG,27,POR,73,2670,25.2,.594,.445,.380,2.6,10.6,6.6,30.9,1.4,0.8,11.1,30.6,,9.9,2.7,12.6,.227,,7.0,0.3,7.2,6.3,2018
300,Shaun Livingston,PG,32,GSW,71,1129,11.6,.533,.015,.178,3.4,9.2,6.5,16.8,1.5,1.5,13.6,16.6,,0.9,0.9,1.8,.077,,-2.8,-0.4,-3.1,-0.3,2018
301,Kevon Looney,C,21,GSW,66,910,14.8,.588,.026,.399,11.0,15.2,13.2,6.0,1.8,4.9,12.0,12.4,,1.5,1.3,2.8,.145,,-1.2,1.0,-0.2,0.4,2018
302,Brook Lopez,C,29,LAL,74,1735,16.5,.557,.410,.199,4.6,13.4,9.0,11.6,0.8,4.6,10.2,23.5,,1.9,1.9,3.8,.105,,0.7,0.2,0.9,1.3,2018
303,Robin Lopez,C,29,CHI,64,1690,14.7,.552,.022,.140,8.2,10.3,9.2,12.3,0.4,2.8,13.5,20.4,,1.2,0.7,1.9,.055,,-0.9,-1.3,-2.2,-0.1,2018
304,Kevin Love,C,29,CLE,59,1651,22.4,.614,.453,.365,7.0,29.8,18.6,9.8,1.3,1.2,9.6,25.1,,4.7,1.6,6.4,.185,,4.5,-1.3,3.3,2.2,2018
305,Kyle Lowry,PG,31,TOR,78,2510,19.5,.598,.631,.276,3.0,16.1,9.7,30.9,1.7,0.6,14.7,21.7,,7.0,3.1,10.2,.194,,4.7,0.5,5.2,4.5,2018
306,Timothé Luwawu-Cabarrot,SF,22,PHI,52,807,7.0,.511,.592,.217,1.9,7.5,4.8,9.3,0.7,0.5,11.5,17.5,,0.1,0.7,0.8,.046,,-3.1,-1.1,-4.1,-0.4,2018
308,Trey Lyles,PF,22,DEN,73,1391,17.9,.591,.396,.260,4.5,23.5,14.0,10.1,1.1,2.0,9.1,21.1,,2.7,1.2,3.9,.135,,2.0,-0.7,1.3,1.1,2018
309,Shelvin Mack,PG,27,ORL,69,1365,13.3,.518,.336,.234,1.8,11.6,6.7,29.5,1.9,0.5,16.3,17.6,,1.0,1.0,1.9,.069,,-1.2,-0.2,-1.4,0.2,2018
311,Ian Mahinmi,C,31,WAS,77,1145,12.2,.601,.008,.516,13.4,17.4,15.4,6.6,1.6,3.2,24.7,15.6,,0.8,1.4,2.2,.093,,-4.6,0.2,-4.4,-0.7,2018
312,Thon Maker,C,20,MIL,74,1238,10.2,.499,.329,.294,7.1,14.1,10.6,5.2,1.5,3.7,11.0,14.6,,0.3,1.1,1.5,.056,,-3.2,-0.4,-3.5,-0.5,2018
314,Lauri Markkanen,PF,20,CHI,68,2020,15.6,.552,.465,.193,4.0,23.7,13.5,6.4,0.9,1.8,8.2,21.9,,1.7,1.6,3.3,.079,,1.0,-1.2,-0.2,0.9,2018
315,Jarell Martin,PF,23,MEM,73,1661,10.5,.516,.198,.234,6.6,15.8,11.1,7.0,1.2,2.8,13.6,17.1,,0.1,1.2,1.3,.038,,-3.3,-0.7,-4.0,-0.8,2018
316,Frank Mason III,PG,23,SAC,52,984,13.0,.480,.226,.303,3.3,12.1,7.5,22.7,1.7,1.0,13.1,22.6,,0.0,0.6,0.5,.027,,-1.3,-1.0,-2.3,-0.1,2018
318,Wesley Matthews,SF,31,DAL,63,2131,11.4,.541,.577,.145,1.4,9.2,5.2,12.3,1.8,0.7,10.1,17.6,,1.0,1.6,2.6,.059,,-1.0,0.1,-0.9,0.6,2018
319,Luc Mbah a Moute,PF,31,HOU,61,1564,10.3,.595,.501,.275,1.6,11.7,6.7,5.0,2.3,1.4,15.0,12.8,,0.8,2.1,2.8,.087,,-1.6,1.4,-0.2,0.7,2018
321,Patrick McCaw,SG,22,GSW,57,961,7.4,.477,.356,.151,2.0,7.2,4.8,10.6,2.2,0.8,14.6,12.8,,-0.3,0.8,0.6,.029,,-4.3,0.1,-4.1,-0.5,2018
322,CJ McCollum,SG,26,POR,81,2923,17.0,.536,.316,.166,2.0,9.9,6.0,15.8,1.3,1.0,8.6,26.5,,3.7,2.9,6.6,.108,,1.8,-0.5,1.2,2.4,2018
323,T.J. McConnell,PG,25,PHI,76,1706,12.5,.545,.147,.093,2.4,11.5,7.1,24.5,2.6,0.6,20.4,13.8,,1.3,2.5,3.8,.108,,-1.9,1.9,0.0,0.9,2018
326,Doug McDermott,SF,26,TOT,81,1768,10.4,.579,.425,.159,2.5,10.2,6.3,6.5,0.5,0.8,9.3,15.0,,1.7,0.6,2.3,.063,,-1.0,-1.3,-2.2,-0.1,2018
327,JaVale McGee,C,30,GSW,65,615,22.3,.641,.027,.237,11.5,18.7,15.4,8.0,1.6,7.3,10.0,19.2,,1.7,1.1,2.7,.212,,0.3,1.2,1.5,0.5,2018
331,Ben McLemore,SG,24,MEM,56,1091,9.7,.526,.426,.172,3.5,11.4,7.4,7.5,1.8,1.3,13.2,19.0,,-0.2,0.7,0.5,.023,,-2.9,-1.0,-3.9,-0.5,2018
333,Jodie Meeks,SG,30,WAS,77,1119,12.4,.548,.534,.298,1.5,11.2,6.4,9.1,1.3,0.3,7.7,19.0,,1.3,0.8,2.0,.087,,-0.3,-0.8,-1.1,0.3,2018
334,Salah Mejri,C,31,DAL,61,729,17.8,.644,.022,.482,12.5,25.4,18.7,7.2,1.5,8.2,19.0,12.8,,1.3,1.3,2.7,.175,,-2.0,2.8,0.7,0.5,2018
336,Khris Middleton,SF,26,MIL,82,2982,17.4,.577,.320,.285,1.8,15.0,8.4,17.7,2.0,0.6,11.8,24.6,,4.6,2.3,6.9,.111,,0.8,-0.8,0.0,1.5,2018
337,C.J. Miles,SF,30,TOR,70,1337,13.0,.545,.758,.162,1.5,11.0,6.4,6.0,1.4,1.3,5.7,22.3,,1.4,1.5,2.9,.103,,1.0,-0.7,0.3,0.8,2018
338,Darius Miller,SF,27,NOP,82,1944,9.3,.617,.735,.138,1.0,7.9,4.6,7.5,0.7,0.7,10.1,12.8,,2.1,0.9,3.0,.075,,-1.1,-0.8,-1.9,0.1,2018
340,Patty Mills,PG,29,SAS,82,2107,11.8,.558,.607,.173,1.4,6.8,4.1,16.0,1.3,0.4,12.6,17.8,,2.0,2.1,4.1,.093,,-0.6,-0.4,-1.0,0.5,2018
342,Nikola Mirotić,PF,26,TOT,55,1494,18.7,.577,.523,.200,4.3,24.9,14.6,8.6,1.4,2.2,7.7,23.4,,2.2,1.8,4.0,.128,,2.5,-0.3,2.2,1.6,2018
343,Donovan Mitchell,SG,21,UTA,79,2638,16.7,.541,.404,.218,2.3,10.4,6.4,19.4,2.2,0.9,12.6,29.1,,1.4,3.8,5.2,.095,,0.9,0.3,1.2,2.2,2018
345,Malik Monk,SG,19,CHO,63,854,10.2,.477,.572,.089,1.0,7.5,4.2,16.9,1.1,0.9,10.0,24.9,,-0.5,0.5,0.0,.000,,-1.3,-2.0,-3.4,-0.3,2018
346,Greg Monroe,C,27,TOT,51,1040,21.2,.598,.000,.308,11.4,25.2,18.3,18.7,2.1,1.8,17.7,22.4,,1.8,1.6,3.4,.155,,1.3,1.0,2.2,1.1,2018
349,E'Twaun Moore,SG,28,NOP,82,2586,12.1,.593,.362,.082,2.5,7.3,5.0,10.1,1.5,0.4,10.6,16.1,,2.8,1.6,4.4,.081,,-1.0,-0.5,-1.6,0.3,2018
350,Eric Moreland,PF,26,DET,67,805,13.9,.531,.000,.238,10.9,27.6,19.1,13.3,1.9,5.6,23.8,9.7,,0.7,1.6,2.3,.135,,-2.8,3.3,0.5,0.5,2018
352,Marcus Morris,PF,28,BOS,54,1442,14.5,.541,.383,.252,3.3,18.4,11.0,8.2,1.2,0.7,8.7,23.0,,1.1,2.2,3.2,.108,,-0.1,-0.1,-0.1,0.7,2018
353,Markieff Morris,PF,28,WAS,73,1968,13.2,.566,.301,.186,4.3,19.2,11.8,11.0,1.4,1.7,14.6,19.5,,1.2,2.1,3.3,.080,,-1.3,0.1,-1.3,0.4,2018
357,Emmanuel Mudiay,PG,21,TOT,64,1245,11.5,.474,.281,.245,2.3,11.3,6.8,24.5,1.6,0.8,16.2,24.4,,-0.8,0.7,0.0,-0.002,,-2.1,-1.8,-3.9,-0.6,2018
358,Shabazz Muhammad,SF-SG,25,TOT,43,418,15.4,.510,.144,.266,6.3,14.8,10.6,5.7,1.1,0.6,2.8,23.0,,0.5,0.2,0.7,.081,,-0.3,-2.3,-2.5,-0.1,2018
360,Dejounte Murray,PG,21,SAS,81,1743,15.1,.485,.056,.243,7.0,22.4,14.6,20.2,2.8,1.5,16.6,20.7,,-0.2,3.4,3.2,.087,,-1.6,2.2,0.5,1.1,2018
361,Jamal Murray,PG,20,DEN,81,2565,16.1,.576,.411,.238,3.6,9.4,6.5,16.4,1.5,0.9,12.8,22.8,,4.3,1.2,5.5,.103,,1.2,-1.5,-0.3,1.1,2018
362,Mike Muscala,C,26,ATL,53,1060,14.4,.597,.535,.199,5.9,18.3,12.1,7.3,1.4,2.2,11.0,15.7,,1.5,0.9,2.4,.109,,0.3,0.1,0.3,0.6,2018
363,Abdel Nader,SF,24,BOS,48,522,5.1,.439,.436,.262,2.8,12.0,7.4,7.1,1.4,1.6,17.0,17.1,,-0.9,0.8,-0.1,-0.014,,-5.5,0.2,-5.3,-0.4,2018
364,Larry Nance Jr.,C,25,TOT,66,1421,20.2,.605,.029,.332,12.4,22.0,17.3,8.6,3.0,2.2,9.7,15.9,,3.5,2.3,5.8,.196,,0.9,1.5,2.4,1.6,2018
365,Shabazz Napier,PG,26,POR,74,1535,14.2,.544,.411,.260,1.9,10.1,6.0,14.6,2.6,0.7,13.2,19.5,,1.2,2.0,3.2,.101,,-0.7,1.4,0.7,1.0,2018
366,Jameer Nelson,PG,35,TOT,50,1013,8.1,.489,.508,.082,1.4,9.5,5.6,22.8,1.3,0.3,21.0,13.7,,-0.1,0.7,0.6,.028,,-2.9,-0.4,-3.3,-0.3,2018
371,Lucas Nogueira,C,25,TOR,49,418,17.3,.661,.238,.350,4.9,18.1,11.7,7.2,2.7,8.2,14.8,11.4,,0.7,1.0,1.6,.188,,0.1,5.0,5.2,0.8,2018
372,Dirk Nowitzki,C,39,DAL,77,1900,16.7,.575,.445,.142,1.2,25.2,12.8,10.4,1.1,2.1,6.0,20.5,,2.6,2.2,4.8,.121,,1.7,0.6,2.3,2.1,2018
373,Frank Ntilikina,PG,19,NYK,78,1706,7.0,.437,.314,.136,2.4,9.1,5.8,20.0,1.9,0.9,19.8,16.9,,-2.0,1.1,-0.9,-0.026,,-4.5,-0.5,-5.0,-1.3,2018
374,Jusuf Nurkić,C,23,POR,79,2088,19.2,.528,.007,.287,10.0,26.9,18.5,11.7,1.5,4.3,14.6,26.4,,0.8,3.9,4.7,.108,,-1.1,1.1,0.0,1.1,2018
375,David Nwaba,SG,25,CHI,70,1646,12.2,.542,.123,.480,5.6,16.0,10.6,9.4,1.7,1.6,13.1,15.6,,1.1,1.4,2.4,.071,,-2.7,0.2,-2.5,-0.2,2018
377,Royce O'Neale,SF,24,UTA,69,1150,10.8,.540,.415,.268,2.5,20.6,11.7,12.0,1.6,1.2,14.8,14.6,,0.5,1.8,2.4,.099,,-2.0,1.8,-0.2,0.5,2018
378,Kyle O'Quinn,C,27,NYK,77,1387,20.0,.625,.044,.331,9.7,27.8,18.8,16.8,1.3,6.1,18.5,17.0,,2.7,2.1,4.8,.166,,0.4,2.6,3.1,1.8,2018
379,Semi Ojeleye,PF,23,BOS,73,1150,4.6,.473,.665,.218,3.6,11.6,7.7,2.4,0.9,0.3,10.8,9.0,,-0.2,1.3,1.2,.048,,-4.6,-0.1,-4.7,-0.8,2018
382,Victor Oladipo,SG,25,IND,75,2552,23.1,.577,.323,.274,2.1,15.1,8.6,21.2,3.5,2.0,12.7,30.1,,4.3,4.0,8.2,.155,,4.1,1.7,5.8,5.0,2018
383,Kelly Olynyk,PF,26,MIA,76,1779,17.8,.612,.440,.274,5.6,21.6,13.6,18.7,1.7,1.7,17.1,21.7,,2.8,2.7,5.5,.148,,1.1,1.2,2.3,1.9,2018
385,Cedi Osman,SF,22,CLE,61,672,11.0,.577,.468,.247,3.2,16.6,10.0,8.7,1.6,0.4,13.4,15.7,,0.5,0.4,0.9,.064,,-2.1,-0.7,-2.9,-0.1,2018
386,Kelly Oubre Jr.,SF,22,WAS,81,2231,11.9,.534,.467,.295,3.0,15.4,9.2,6.4,1.8,1.4,9.2,19.4,,1.4,2.3,3.7,.080,,-1.6,-0.1,-1.7,0.2,2018
387,Zaza Pachulia,C,33,GSW,69,972,17.0,.612,.004,.352,11.0,25.0,18.5,15.2,1.9,1.4,19.1,17.0,,1.8,1.4,3.3,.161,,-0.7,0.7,0.0,0.5,2018
391,Tony Parker,PG,35,SAS,55,1071,12.7,.498,.095,.201,0.7,9.2,4.9,28.2,1.3,0.1,13.9,20.5,,0.4,1.1,1.4,.065,,-2.3,-0.9,-3.3,-0.3,2018
393,Patrick Patterson,PF,28,OKC,82,1270,10.0,.555,.643,.173,2.7,14.6,8.4,6.1,1.9,1.6,10.3,10.8,,1.2,1.4,2.6,.098,,-1.2,1.0,-0.2,0.6,2018
395,Brandon Paul,SG,26,SAS,64,576,7.4,.504,.425,.339,1.1,12.0,6.5,9.0,2.2,1.0,16.6,13.6,,-0.3,0.8,0.5,.045,,-5.1,1.6,-3.5,-0.2,2018
396,Chris Paul,PG,32,HOU,58,1847,24.4,.604,.475,.277,2.3,16.7,9.5,40.9,2.6,0.6,12.5,24.5,,7.5,2.7,10.2,.265,,5.2,1.8,7.1,4.2,2018
399,Elfrid Payton,PG,23,TOT,63,1808,16.5,.538,.138,.252,3.8,12.8,8.2,34.9,2.2,1.0,18.5,21.9,,1.4,1.4,2.8,.075,,0.1,-0.3,-0.2,0.8,2018
405,Mason Plumlee,C,27,DEN,74,1439,16.9,.586,.003,.486,10.4,20.9,15.6,14.4,1.7,4.7,18.7,16.6,,1.8,1.8,3.6,.120,,-1.0,1.4,0.5,0.9,2018
406,Miles Plumlee,C,29,ATL,55,918,10.6,.574,.000,.333,9.4,18.3,13.9,7.2,0.9,2.8,23.4,12.8,,0.1,0.7,0.9,.046,,-3.7,-0.1,-3.8,-0.4,2018
407,Jakob Poeltl,C,22,TOR,82,1524,17.5,.662,.005,.263,12.4,16.4,14.4,5.4,1.3,5.2,16.6,14.8,,3.1,2.4,5.6,.175,,-0.7,1.1,0.4,0.9,2018
409,Otto Porter Jr.,SF,24,WAS,77,2432,18.3,.602,.354,.145,4.8,18.1,11.4,10.1,2.4,1.5,7.4,18.4,,5.0,3.1,8.1,.161,,2.6,1.0,3.5,3.4,2018
410,Bobby Portis,PF,22,CHI,73,1643,19.7,.548,.275,.192,10.0,23.0,16.2,13.2,1.5,1.3,10.5,26.0,,2.0,1.5,3.5,.101,,2.2,-1.3,0.8,1.2,2018
411,Kristaps Porziņģis,PF,22,NYK,48,1553,20.4,.539,.256,.309,4.4,18.1,11.3,6.2,1.1,6.4,8.4,31.0,,1.4,1.8,3.2,.099,,1.9,-0.1,1.8,1.5,2018
412,Dwight Powell,C,26,DAL,79,1672,18.8,.656,.195,.430,8.7,21.3,14.7,8.5,2.0,1.7,10.3,15.5,,4.6,2.1,6.6,.191,,0.6,1.0,1.6,1.5,2018
413,Norman Powell,SG,24,TOR,70,1062,8.5,.492,.497,.104,1.5,10.9,6.3,11.8,1.7,1.2,14.4,18.9,,-0.6,1.2,0.6,.027,,-3.2,0.2,-2.9,-0.3,2018
415,Taurean Prince,SF,23,ATL,82,2464,12.8,.549,.469,.185,2.3,15.3,8.8,13.9,1.7,1.5,15.3,22.1,,0.0,2.0,2.0,.038,,-0.5,-0.6,-1.1,0.6,2018
421,Julius Randle,C,23,LAL,82,2190,19.9,.606,.050,.470,8.9,22.8,15.9,15.8,0.9,1.7,16.3,25.3,,4.0,2.6,6.6,.145,,0.6,0.0,0.6,1.4,2018
422,Zach Randolph,PF,36,SAC,59,1508,17.3,.529,.193,.140,7.0,23.7,15.0,14.9,1.4,0.6,12.5,27.6,,0.3,1.2,1.5,.048,,0.5,-1.5,-1.0,0.4,2018
424,J.J. Redick,SG,33,PHI,70,2116,15.9,.614,.523,.248,0.5,8.3,4.5,15.1,0.8,0.2,9.6,21.7,,4.8,1.8,6.6,.150,,2.2,-1.1,1.1,1.7,2018
426,Willie Reed,C,27,TOT,42,428,19.2,.671,.017,.455,9.1,21.8,15.5,3.6,1.0,4.3,11.6,16.6,,1.0,0.5,1.5,.172,,0.5,0.3,0.8,0.3,2018
427,Josh Richardson,SF,24,MIA,81,2689,13.6,.551,.380,.160,2.9,9.0,6.0,13.2,2.3,2.4,12.9,18.2,,1.8,3.5,5.4,.096,,-0.6,1.3,0.7,1.8,2018
429,Austin Rivers,SG,25,LAC,61,2057,12.6,.526,.447,.198,1.5,6.2,3.9,17.5,1.7,0.6,11.1,20.6,,1.4,1.0,2.4,.056,,-0.3,-0.9,-1.2,0.4,2018
433,Rajon Rondo,PG,31,NOP,65,1705,15.3,.522,.304,.093,2.0,14.2,8.4,42.2,2.0,0.5,22.7,16.9,,1.9,1.7,3.6,.101,,0.0,-0.4,-0.3,0.7,2018
436,Terry Rozier,PG,23,BOS,80,2068,15.1,.520,.503,.186,3.4,16.3,9.9,17.5,1.9,0.8,8.5,20.4,,2.2,3.4,5.6,.130,,0.9,1.2,2.1,2.1,2018
437,Ricky Rubio,PG,27,UTA,77,2254,15.4,.537,.330,.307,2.2,15.3,8.8,28.4,2.7,0.4,18.1,22.9,,1.5,3.8,5.3,.112,,-0.7,1.5,0.7,1.6,2018
438,D'Angelo Russell,PG,21,BRK,48,1234,15.2,.509,.414,.195,2.6,13.8,8.1,35.7,1.4,1.0,16.8,30.8,,-0.5,0.9,0.4,.014,,0.8,-2.0,-1.2,0.3,2018
439,Domantas Sabonis,C,21,IND,74,1810,17.5,.567,.056,.339,10.4,25.2,17.8,12.7,1.1,1.6,15.3,22.1,,2.5,2.2,4.7,.126,,-0.6,-0.5,-1.1,0.4,2018
441,Dario Šarić,PF,23,PHI,78,2310,15.8,.582,.448,.233,7.5,16.4,12.1,13.0,1.1,0.7,13.1,20.9,,3.8,2.8,6.6,.137,,1.8,-0.5,1.3,1.9,2018
442,Tomáš Satoranský,SG,26,WAS,73,1643,15.4,.615,.263,.250,5.0,11.1,8.0,24.8,1.6,0.8,16.3,13.7,,3.7,1.3,5.0,.145,,0.8,0.5,1.2,1.3,2018
443,Dennis Schröder,PG,24,ATL,67,2078,17.3,.515,.229,.231,2.4,8.8,5.6,36.2,1.7,0.2,12.7,30.4,,1.5,1.0,2.6,.059,,1.2,-1.9,-0.6,0.7,2018
444,Mike Scott,PF,29,WAS,76,1406,13.6,.599,.311,.145,4.0,15.8,9.9,9.1,0.8,0.6,12.4,20.0,,1.4,1.0,2.5,.085,,-0.6,-1.1,-1.7,0.1,2018
449,Pascal Siakam,PF,23,TOR,81,1679,14.5,.549,.265,.175,5.4,18.6,12.1,13.5,1.8,2.0,11.1,15.7,,2.1,2.5,4.7,.133,,-0.3,1.6,1.3,1.4,2018
451,Ben Simmons,PG,21,PHI,81,2732,20.0,.557,.011,.342,5.9,19.5,13.0,37.4,2.5,2.1,19.5,22.3,,4.2,5.0,9.2,.162,,2.0,2.5,4.5,4.5,2018
452,Jonathon Simmons,SG,28,ORL,69,2029,12.7,.555,.268,.317,3.3,9.7,6.5,13.3,1.4,0.6,14.4,22.0,,0.8,1.1,1.9,.045,,-1.7,-1.3,-3.1,-0.5,2018
455,Marcus Smart,SG,23,BOS,54,1614,10.8,.479,.483,.258,3.0,9.8,6.4,23.7,2.2,1.2,18.4,19.4,,-0.6,2.5,1.9,.056,,-2.1,1.0,-1.2,0.3,2018
456,Dennis Smith Jr.,PG,20,DAL,69,2049,12.8,.473,.331,.188,2.6,11.8,7.0,29.5,1.7,0.8,14.9,28.9,,-2.4,1.7,-0.7,-0.017,,-1.2,-1.2,-2.4,-0.2,2018
457,Ish Smith,PG,29,DET,82,2043,15.4,.525,.126,.145,1.4,10.9,6.1,28.4,1.6,0.9,11.2,20.8,,2.4,2.0,4.4,.102,,-0.3,0.3,0.0,1.0,2018
458,J.R. Smith,SG,32,CLE,80,2244,8.4,.534,.640,.094,1.5,10.1,5.9,8.6,1.5,0.4,11.6,13.8,,0.6,0.9,1.4,.031,,-2.1,-0.9,-3.0,-0.6,2018
461,Tony Snell,SG,26,MIL,75,2053,8.5,.578,.631,.113,0.5,7.5,4.0,6.5,1.1,1.2,7.5,10.6,,1.6,0.7,2.4,.056,,-1.5,-0.8,-2.3,-0.1,2018
462,Marreese Speights,C,30,ORL,52,675,13.7,.539,.668,.158,3.4,18.4,10.8,9.8,0.6,2.6,9.7,26.9,,0.1,0.5,0.6,.045,,0.2,-1.4,-1.1,0.1,2018
464,Lance Stephenson,SG,27,IND,82,1850,12.4,.495,.327,.179,3.8,22.0,12.9,18.6,1.2,0.8,14.6,21.6,,-0.2,2.0,1.8,.046,,-1.5,-0.3,-1.8,0.1,2018
469,Jayson Tatum,SF,19,BOS,80,2443,15.2,.586,.290,.309,2.3,15.6,9.0,8.3,1.7,2.0,10.7,19.4,,3.0,4.0,7.1,.139,,0.0,1.2,1.2,2.0,2018
470,Isaiah Taylor,PG,23,ATL,67,1167,10.9,.492,.205,.362,2.1,6.9,4.5,27.0,1.4,0.7,15.7,20.1,,0.2,0.5,0.6,.027,,-3.1,-1.3,-4.4,-0.7,2018
471,Jeff Teague,PG,29,MIN,70,2311,16.4,.553,.287,.301,1.2,9.3,5.2,30.6,2.2,0.9,16.4,20.6,,3.4,1.4,4.9,.101,,1.1,-0.7,0.4,1.4,2018
474,Garrett Temple,SG,31,SAC,65,1615,10.2,.536,.477,.164,1.5,9.6,5.4,11.3,1.8,1.6,13.4,16.4,,0.3,0.9,1.2,.035,,-2.2,-0.3,-2.5,-0.2,2018
475,Miloš Teodosić,PG,30,LAC,45,1134,11.6,.564,.644,.128,1.6,10.5,6.1,26.2,1.0,0.4,20.3,18.2,,0.9,0.5,1.4,.058,,-0.3,-1.5,-1.7,0.1,2018
476,Jason Terry,SG,40,MIL,51,814,8.1,.525,.747,.058,0.7,6.2,3.5,9.7,2.6,1.4,13.7,10.1,,0.1,0.6,0.7,.042,,-2.6,0.6,-2.0,0.0,2018
477,Daniel Theis,C,25,BOS,63,936,16.1,.616,.249,.348,10.7,21.2,16.0,9.1,1.6,4.3,17.2,15.5,,1.6,1.9,3.5,.178,,-2.0,2.3,0.3,0.5,2018
479,Lance Thomas,PF,29,NYK,73,1353,6.3,.513,.464,.199,3.6,10.7,7.2,4.2,1.1,0.9,12.1,10.7,,0.3,0.6,0.9,.031,,-3.2,-0.5,-3.7,-0.6,2018
480,Klay Thompson,SG,27,GSW,73,2506,16.0,.598,.442,.083,1.5,10.3,6.2,11.2,1.1,1.1,9.5,23.7,,3.1,1.8,4.9,.094,,1.7,-2.1,-0.4,1.0,2018
481,Tristan Thompson,C,26,CLE,53,1072,13.6,.569,.000,.336,13.4,23.3,18.4,4.3,0.7,1.3,11.8,12.6,,1.8,0.7,2.5,.113,,-1.0,-1.9,-2.9,-0.2,2018
482,Sindarius Thornwell,SG,23,LAC,73,1156,8.2,.519,.262,.378,3.2,10.0,6.7,7.8,2.0,1.8,16.3,12.1,,0.1,0.9,1.0,.041,,-3.4,1.0,-2.4,-0.1,2018
483,Anthony Tolliver,PF,32,DET,79,1757,13.9,.663,.773,.282,3.1,12.3,7.6,7.5,0.9,1.1,9.9,14.8,,3.8,1.5,5.3,.146,,1.2,-0.3,0.9,1.3,2018
484,Karl-Anthony Towns,C,22,MIN,82,2918,24.9,.646,.243,.343,9.3,30.9,20.0,10.8,1.1,3.5,10.5,22.9,,10.6,3.4,14.0,.230,,4.9,0.2,5.1,5.2,2018
485,P.J. Tucker,PF,32,HOU,82,2281,8.3,.537,.703,.136,4.6,17.8,11.3,4.6,1.7,1.0,13.7,10.5,,1.0,3.0,3.9,.082,,-1.9,0.8,-1.1,0.5,2018
486,Evan Turner,SF,29,POR,79,2034,9.9,.520,.229,.185,1.6,11.4,6.5,12.4,1.1,1.2,13.7,15.6,,0.5,2.1,2.6,.061,,-2.9,0.4,-2.5,-0.3,2018
487,Myles Turner,C,21,IND,65,1836,16.6,.567,.246,.322,5.8,19.8,12.8,7.0,1.0,5.7,11.6,20.0,,2.2,2.5,4.7,.122,,-0.6,0.4,-0.2,0.8,2018
488,Ekpe Udoh,C,30,UTA,63,810,15.2,.560,.008,.467,9.6,11.4,10.5,9.1,2.7,7.7,12.1,9.1,,1.3,1.8,3.2,.187,,-1.3,4.4,3.1,1.1,2018
489,Tyler Ulis,PG,22,PHO,71,1658,10.1,.465,.265,.183,1.5,6.8,4.1,28.0,2.0,0.3,17.6,18.5,,-0.7,0.5,-0.2,-0.006,,-3.0,-1.4,-4.4,-1.0,2018
490,Jonas Valančiūnas,C,25,TOR,77,1727,22.5,.628,.108,.307,12.1,30.3,21.4,7.5,0.8,3.2,12.9,22.7,,4.6,3.0,7.6,.210,,2.4,0.0,2.4,1.9,2018
491,Denzel Valentine,SG,24,CHI,77,2095,12.1,.527,.513,.071,2.4,18.3,10.1,17.8,1.5,0.5,11.8,17.5,,1.0,1.5,2.5,.057,,-1.0,0.0,-1.0,0.5,2018
492,Fred VanVleet,PG,23,TOR,76,1520,15.9,.556,.479,.185,1.9,11.5,6.8,22.8,2.2,1.0,11.2,19.1,,2.7,2.0,4.7,.149,,1.4,1.0,2.4,1.7,2018
494,Noah Vonleh,PF,22,TOT,54,875,12.8,.509,.282,.248,8.5,30.2,19.2,5.7,1.1,1.6,10.7,14.5,,0.5,1.2,1.6,.090,,-1.1,-0.2,-1.3,0.2,2018
495,Nikola Vučević,C,27,ORL,57,1683,19.7,.533,.243,.112,6.6,27.8,17.1,19.9,1.6,3.0,11.0,25.9,,1.3,2.3,3.6,.102,,1.7,1.0,2.7,2.0,2018
496,Dwyane Wade,SG,36,TOT,67,1536,15.0,.500,.163,.277,3.7,14.6,9.2,23.5,2.0,2.6,15.5,26.2,,-0.4,1.6,1.1,.036,,-0.9,-0.1,-1.0,0.4,2018
498,Kemba Walker,PG,27,CHO,80,2736,20.6,.572,.441,.308,1.2,8.7,4.9,27.4,1.6,0.7,10.4,27.4,,6.5,2.0,8.6,.150,,4.7,-0.7,4.0,4.2,2018
503,T.J. Warren,SF,24,PHO,65,2142,17.6,.541,.085,.240,6.1,10.5,8.3,7.2,1.5,1.5,6.7,24.9,,2.6,0.8,3.4,.077,,0.8,-1.6,-0.7,0.7,2018
507,David West,C,37,GSW,73,999,20.9,.600,.021,.209,7.7,18.2,13.3,20.5,2.3,5.9,16.2,21.7,,1.8,1.7,3.5,.168,,0.7,2.5,3.1,1.3,2018
508,Russell Westbrook,PG,29,OKC,80,2914,24.7,.524,.193,.336,5.6,25.7,15.3,49.8,2.5,0.6,16.4,34.1,,5.5,4.5,10.1,.166,,4.8,1.5,6.3,6.1,2018
513,Hassan Whiteside,C,28,MIA,54,1364,24.1,.573,.003,.315,14.3,36.6,25.4,6.9,1.4,5.9,12.3,24.7,,2.3,3.0,5.3,.187,,1.5,1.1,2.6,1.6,2018
514,Andrew Wiggins,SF,22,MIN,82,2979,13.0,.505,.260,.242,3.1,10.8,6.9,8.2,1.5,1.5,8.8,23.4,,0.5,1.6,2.1,.034,,-0.8,-1.7,-2.4,-0.3,2018
520,Lou Williams,SG,31,LAC,79,2589,20.2,.574,.387,.367,1.7,6.6,4.2,26.3,1.6,0.6,13.1,29.8,,5.5,1.2,6.7,.125,,4.2,-1.8,2.3,2.8,2018
521,Marvin Williams,PF,31,CHO,78,2006,13.9,.603,.542,.218,3.9,16.2,10.0,7.0,1.4,1.6,9.7,14.8,,3.1,1.9,5.0,.119,,0.6,0.3,1.0,1.5,2018
526,Justise Winslow,PF,21,MIA,68,1680,11.5,.496,.264,.213,4.3,20.5,12.4,13.0,1.6,1.7,12.6,16.3,,0.2,2.4,2.6,.075,,-2.2,1.1,-1.1,0.4,2018
530,Delon Wright,PG,25,TOR,69,1433,16.5,.574,.354,.271,3.6,11.7,7.7,19.6,2.5,1.8,13.9,17.2,,2.5,2.1,4.5,.152,,1.4,1.8,3.3,1.9,2018
533,Joe Young,PG,25,IND,53,558,10.1,.521,.355,.156,2.4,10.3,6.4,9.9,1.3,0.2,11.6,18.0,,0.1,0.4,0.5,.043,,-2.3,-1.2,-3.5,-0.2,2018
534,Nick Young,SG,32,GSW,80,1393,10.0,.562,.668,.133,1.7,7.9,5.0,3.5,1.3,0.4,7.0,17.5,,0.8,0.9,1.7,.059,,-1.6,-1.9,-3.5,-0.5,2018
535,Thaddeus Young,PF,29,IND,81,2607,14.8,.528,.209,.106,8.0,14.1,11.1,8.5,2.6,1.2,10.4,17.3,,2.3,3.2,5.5,.101,,-0.2,0.4,0.2,1.4,2018
537,Tyler Zeller,C,28,TOT,66,1109,16.0,.598,.084,.237,11.0,19.4,15.2,6.7,0.7,2.5,11.3,16.4,,2.0,0.9,2.9,.126,,-0.5,-0.9,-1.4,0.2,2018
538,Paul Zipser,SF,23,CHI,54,824,5.2,.445,.470,.107,1.6,16.0,8.5,8.0,1.2,1.6,14.9,15.2,,-1.1,0.6,-0.6,-0.034,,-5.5,-0.5,-6.1,-0.8,2018
540,Ivica Zubac,C,20,LAL,43,410,15.3,.557,.008,.418,11.8,20.1,16.0,8.8,0.9,3.0,15.3,17.6,,0.5,0.5,1.0,.118,,-1.8,-0.3,-2.0,0.0,2018
