,Player,TEAM,AGE,GP,W,L,MIN,DEF RTG,DREB,DREB%,%DREB,STL,STL%,BLK,%BLK,OPP PTSOFF TOV,OPP PTS2ND CHANCE,OPP PTSFB,OPP PTSPAINT,DEFWS,Year
0,Draymond Green,GSW,27,76,62,14,32.5,100.9,6.6,18.3,27.3,2.0,29.4,1.4,30.3,10.8,9.4,8.8,29.2,0.158,2017
1,Rudy Gobert,UTA,25,81,51,30,33.9,102.0,8.9,25.9,36.5,0.6,13.2,2.6,71.1,10.1,7.7,7.3,27.6,0.15,2017
2,Kevin Durant,GSW,28,62,51,11,33.4,102.3,7.6,20.7,30.3,1.1,16.1,1.6,34.6,10.7,9.6,9.3,31.3,0.149,2017
3,Klay Thompson,GSW,27,78,66,12,34.0,102.4,3.0,8.1,12.2,0.8,12.3,0.5,11.2,10.6,10.1,10.0,32.1,0.148,2017
4,George Hill,UTA,31,49,33,16,31.5,101.3,2.9,9.5,12.9,1.0,23.8,0.2,7.1,8.5,6.3,6.9,24.7,0.148,2017
5,Stephen Curry,GSW,29,79,65,14,33.4,102.7,3.7,10.1,15.0,1.8,24.1,0.2,4.5,11.4,9.5,10.1,31.1,0.145,2017
6,Victor Oladipo,OKC,25,67,39,28,33.2,102.6,3.8,10.9,15.4,1.2,19.9,0.3,9.0,11.6,8.2,7.8,31.3,0.144,2017
7,Anthony Davis,NOP,24,75,31,44,36.1,104.1,9.5,24.1,34.9,1.3,22.2,2.2,49.9,12.0,8.8,9.6,31.9,0.138,2017
8,Paul Millsap,ATL,32,69,40,29,34.0,103.5,6.1,17.1,25.3,1.3,21.4,0.9,25.8,11.8,9.2,9.0,26.6,0.138,2017
9,Jimmy Butler,CHI,27,76,40,36,37.0,104.7,4.5,11.8,17.0,1.9,30.6,0.4,10.7,11.2,9.2,10.6,34.2,0.135,2017
10,Gordon Hayward,UTA,27,73,46,27,34.5,103.8,4.7,13.6,19.4,1.0,21.2,0.3,7.4,10.3,7.9,7.5,29.1,0.135,2017
11,Chris Paul,LAC,32,61,43,18,31.5,102.8,4.3,13.2,18.8,2.0,36.8,0.1,5.0,9.2,7.2,8.5,25.9,0.132,2017
12,Jrue Holiday,NOP,27,67,32,35,32.7,103.7,3.3,9.2,13.3,1.5,28.0,0.7,17.4,10.7,8.0,8.7,28.4,0.13,2017
13,Robert Covington,PHI,26,67,27,40,31.6,104.1,5.1,15.8,23.1,1.9,32.0,1.0,26.7,11.5,8.4,10.1,28.7,0.123,2017
14,Andre Iguodala,GSW,33,76,64,12,26.3,101.7,3.3,11.4,18.0,1.0,19.2,0.5,13.0,8.7,7.9,7.4,24.5,0.121,2017
15,Danny Green,SAS,30,68,51,17,26.6,101.7,2.8,10.4,15.1,1.0,25.0,0.8,23.7,7.6,7.1,6.8,21.9,0.12,2017
16,LaMarcus Aldridge,SAS,31,72,52,20,32.4,104.4,4.9,15.3,22.0,0.6,12.5,1.2,31.1,8.9,8.5,8.8,27.5,0.119,2017
17,James Johnson,MIA,30,76,40,36,27.4,102.8,4.1,14.5,21.0,1.0,22.4,1.1,31.4,8.2,6.6,5.2,24.3,0.118,2017
18,Kawhi Leonard,SAS,26,74,54,20,33.4,105.1,4.7,14.3,20.6,1.8,32.6,0.7,18.2,9.5,8.6,8.8,28.4,0.117,2017
19,Kyle Lowry,TOR,31,60,36,24,37.4,106.4,4.0,10.9,16.0,1.5,21.9,0.3,9.1,11.1,10.3,8.5,32.5,0.116,2017
20,Solomon Hill,NOP,26,80,34,46,29.7,104.0,3.2,10.1,14.7,0.9,18.7,0.4,12.2,9.7,7.5,8.1,27.3,0.116,2017
21,Patty Mills,SAS,28,80,60,20,21.9,100.1,1.5,6.5,9.6,0.8,21.3,0.0,1.5,6.6,5.4,6.1,19.0,0.115,2017
22,Tyler Johnson,MIA,25,73,35,38,29.8,104.3,3.3,11.1,16.2,1.2,23.8,0.6,16.7,8.6,7.4,5.7,26.7,0.114,2017
23,Russell Westbrook,OKC,28,81,46,35,34.6,106.1,9.0,25.1,35.2,1.6,27.0,0.4,10.3,12.2,9.0,8.1,34.1,0.114,2017
24,Harrison Barnes,DAL,25,79,32,47,35.5,106.2,3.8,11.7,16.9,0.8,14.6,0.2,7.4,10.4,7.9,10.0,28.6,0.114,2017
25,Jonathon Simmons,SAS,27,78,60,18,17.9,96.6,1.8,9.7,14.2,0.6,18.7,0.3,15.2,6.0,4.7,4.3,15.1,0.112,2017
26,Rodney Hood,UTA,24,59,40,19,27.0,103.2,3.2,11.7,16.5,0.6,19.0,0.2,6.6,8.3,6.4,5.7,23.5,0.111,2017
27,Andre Roberson,OKC,25,79,46,33,30.1,104.7,3.9,12.4,17.3,1.2,21.9,1.0,30.7,10.8,7.4,6.6,28.5,0.111,2017
28,Derrick Favors,UTA,25,50,33,17,23.7,101.5,4.3,18.5,25.6,0.9,25.9,0.8,37.4,7.2,4.8,5.5,19.1,0.111,2017
29,Blake Griffin,LAC,28,61,40,21,34.0,106.2,6.3,18.1,26.0,0.9,16.9,0.4,12.2,10.9,8.0,9.9,29.5,0.109,2017
30,Steven Adams,OKC,23,80,47,33,29.9,104.9,4.2,13.6,18.9,1.1,21.2,1.0,30.4,10.3,7.3,6.6,28.1,0.108,2017
31,Marcus Smart,BOS,23,79,51,28,30.4,105.3,2.9,9.2,14.1,1.6,33.0,0.4,18.9,9.7,8.4,7.7,26.8,0.108,2017
32,Tim Hardaway Jr.,ATL,25,79,42,37,27.3,103.9,2.4,8.3,12.3,0.7,15.1,0.2,7.5,9.6,7.5,6.5,21.7,0.107,2017
33,Cody Zeller,CHA,24,62,33,29,27.8,104.1,4.4,15.7,21.9,1.0,21.2,0.9,35.6,6.7,6.1,5.8,22.5,0.107,2017
34,Mike Conley,MEM,29,69,35,34,33.2,106.2,3.0,9.5,14.0,1.3,25.5,0.3,10.2,9.4,8.0,9.9,26.2,0.107,2017
35,Dwight Howard,ATL,31,74,37,37,29.7,105.0,8.7,27.8,40.4,0.9,17.2,1.2,41.3,11.4,8.3,8.1,23.1,0.106,2017
36,Josh Richardson,MIA,23,53,23,30,30.5,105.3,2.5,8.2,12.2,1.1,24.3,0.7,19.6,8.5,8.1,5.7,27.6,0.106,2017
37,DeAndre Jordan,LAC,28,81,51,30,31.7,105.8,10.1,30.5,43.7,0.6,12.1,1.7,58.8,9.9,8.2,9.8,26.7,0.106,2017
38,Marc Gasol,MEM,32,74,40,34,34.2,106.7,5.5,16.7,24.2,0.9,16.6,1.3,45.2,9.9,7.8,9.9,26.0,0.104,2017
39,Paul George,IND,27,75,39,36,35.9,107.2,5.8,16.1,23.6,1.6,24.9,0.4,9.1,12.2,9.5,7.1,29.4,0.104,2017
40,Dion Waiters,MIA,25,46,27,19,30.1,105.5,2.9,9.5,14.1,0.9,21.5,0.4,12.0,8.8,7.7,7.2,27.3,0.103,2017
41,Jae Crowder,BOS,26,72,48,24,32.4,106.3,5.1,14.9,22.7,1.0,19.0,0.3,10.6,9.9,9.5,8.2,29.4,0.103,2017
42,Nikola Mirotic,CHI,26,70,37,33,24.0,102.7,4.6,18.6,27.3,0.8,18.8,0.8,35.3,8.2,6.3,6.0,23.0,0.103,2017
43,Marcus Morris Sr.,DET,27,79,36,43,32.5,106.3,3.7,11.6,15.8,0.7,14.1,0.3,12.8,8.5,7.0,6.9,28.5,0.103,2017
44,Tony Parker,SAS,35,63,46,17,25.2,103.1,1.7,6.6,9.3,0.5,13.8,0.0,0.9,7.4,6.9,6.9,21.1,0.102,2017
45,Tobias Harris,DET,24,82,37,45,31.3,106.1,4.3,14.0,19.1,0.7,16.1,0.5,18.0,8.5,6.7,7.2,26.7,0.102,2017
46,Seth Curry,DAL,26,70,30,40,29.0,105.2,2.2,8.4,12.2,1.1,23.9,0.1,4.7,8.3,6.6,7.8,23.7,0.102,2017
47,Ersan Ilyasova,ATL,30,82,35,47,26.1,104.3,4.5,16.3,24.8,0.7,16.0,0.3,9.8,9.5,7.5,7.8,23.1,0.101,2017
48,Thaddeus Young,IND,29,74,40,34,30.2,105.8,4.3,13.8,20.5,1.5,28.1,0.4,10.8,10.0,8.4,6.0,25.9,0.101,2017
49,Eric Gordon,HOU,28,75,50,25,31.0,106.1,2.3,6.8,10.5,0.6,12.2,0.5,18.6,10.8,9.4,9.2,30.9,0.101,2017
50,David Lee,SAS,34,79,58,21,18.7,99.5,3.7,18.9,27.3,0.4,12.0,0.5,22.5,5.8,4.5,4.9,15.9,0.1,2017
51,Dewayne Dedmon,SAS,27,76,55,21,17.5,98.0,4.8,26.6,38.3,0.5,16.4,0.8,35.9,5.7,4.2,4.2,13.2,0.1,2017
52,Giannis Antetokounmpo,MIL,22,80,42,38,35.6,107.5,7.0,19.9,30.1,1.6,26.6,1.9,44.5,11.4,9.4,7.7,31.3,0.1,2017
53,Hassan Whiteside,MIA,28,77,39,38,32.6,106.6,10.3,31.3,45.1,0.7,16.5,2.1,52.6,9.5,8.5,7.5,29.1,0.1,2017
54,Manu Ginobili,SAS,39,69,51,18,18.7,100.3,1.9,9.9,14.5,1.2,34.6,0.2,11.7,6.0,4.8,5.4,16.5,0.1,2017
55,Myles Turner,IND,21,81,42,39,31.4,106.4,5.6,17.2,25.7,0.9,16.4,2.1,57.5,11.1,8.7,6.4,26.2,0.099,2017
56,Kemba Walker,CHA,27,79,36,43,34.7,107.4,3.3,9.5,13.4,1.1,21.5,0.3,7.7,8.6,8.5,9.1,28.5,0.098,2017
57,Thabo Sefolosha,ATL,33,62,32,30,25.7,104.3,3.5,13.1,19.2,1.5,31.2,0.5,20.9,9.1,6.5,6.9,20.2,0.098,2017
58,Patrick Patterson,TOR,28,65,42,23,24.6,103.6,3.6,14.3,21.2,0.6,13.8,0.4,15.4,7.2,7.0,5.2,20.5,0.098,2017
59,Pau Gasol,SAS,36,64,47,17,25.4,104.0,6.2,24.5,35.2,0.4,9.8,1.1,36.1,7.5,7.0,7.3,22.1,0.098,2017
60,Goran Dragic,MIA,31,73,40,33,33.7,107.3,3.0,8.7,13.0,1.2,25.1,0.2,4.5,10.1,9.6,7.7,31.6,0.097,2017
61,Dwyane Wade,CHI,35,60,29,31,29.9,106.1,3.5,11.3,16.2,1.4,29.1,0.7,21.2,9.3,7.2,8.0,27.6,0.097,2017
62,Dirk Nowitzki,DAL,39,54,23,31,26.4,105.0,6.1,23.8,33.6,0.6,16.9,0.7,33.3,7.6,6.1,8.5,22.3,0.097,2017
63,Jon Leuer,DET,28,75,34,41,25.9,104.5,4.0,15.6,21.2,0.4,11.4,0.3,16.7,7.1,5.3,5.5,21.8,0.097,2017
64,Patrick Beverley,HOU,28,67,46,21,30.7,106.3,4.4,14.4,21.0,1.5,27.3,0.4,14.0,10.6,8.3,8.8,31.1,0.097,2017
65,Michael Kidd-Gilchrist,CHA,23,81,36,45,29.0,105.8,5.0,17.1,24.1,1.0,22.3,1.0,31.6,7.3,6.6,7.3,22.8,0.097,2017
66,JaMychal Green,MEM,27,77,40,37,27.3,105.2,4.9,18.6,27.2,0.6,13.3,0.4,20.4,8.8,6.5,7.9,21.0,0.096,2017
67,Tony Allen,MEM,35,71,36,35,27.0,105.1,3.2,12.3,18.1,1.6,32.1,0.4,18.8,7.5,6.5,8.3,20.9,0.096,2017
68,Dennis Schroder,ATL,23,79,42,37,31.5,106.8,2.6,7.9,11.8,0.9,16.7,0.2,6.5,11.6,9.3,9.1,26.3,0.095,2017
69,LeBron James,CLE,32,74,51,23,37.8,108.5,7.3,18.9,27.3,1.2,23.1,0.6,19.3,12.4,10.1,10.0,35.2,0.095,2017
70,Aron Baynes,DET,30,75,34,41,15.5,97.1,3.0,18.3,25.0,0.2,10.4,0.5,42.4,4.0,3.3,3.6,12.2,0.094,2017
71,Wesley Matthews,DAL,30,73,29,44,34.2,107.7,3.3,10.5,15.1,1.1,19.9,0.2,8.7,10.3,8.0,9.9,28.0,0.094,2017
72,Markieff Morris,WAS,27,76,45,31,31.2,106.9,5.1,16.2,23.6,1.1,19.1,0.6,21.3,10.1,7.8,8.3,27.8,0.094,2017
73,Bradley Beal,WAS,24,77,48,29,34.9,107.9,2.4,7.0,10.3,1.1,16.8,0.3,9.6,11.1,10.0,8.6,31.7,0.093,2017
74,Al Horford,BOS,31,68,46,22,32.3,107.2,5.4,16.2,24.4,0.8,15.2,1.3,44.1,10.1,9.4,8.3,29.1,0.093,2017
75,Taurean Prince,ATL,23,59,28,31,16.6,98.6,2.2,12.5,18.8,0.7,27.6,0.5,25.5,6.5,4.5,4.1,13.3,0.093,2017
76,James Ennis III,MEM,26,64,32,32,23.4,103.8,3.0,12.6,18.6,0.7,19.8,0.3,13.9,7.5,5.8,7.7,18.7,0.093,2017
77,Kevin Love,CLE,28,60,40,20,31.4,107.1,8.6,26.7,38.3,0.9,18.1,0.4,14.7,10.2,8.5,9.3,29.8,0.092,2017
78,Robin Lopez,CHI,29,81,40,41,28.0,105.9,3.4,12.0,16.9,0.2,5.3,1.4,46.8,8.5,6.8,8.5,25.7,0.092,2017
79,Vince Carter,MEM,40,73,36,37,24.7,104.5,2.6,10.9,16.0,0.8,21.4,0.5,23.1,7.3,5.4,6.8,18.6,0.092,2017
80,Joe Ingles,UTA,29,82,51,31,24.1,104.4,2.9,12.3,17.7,1.2,31.3,0.1,4.0,7.9,5.2,5.1,20.3,0.092,2017
81,Kyle Anderson,SAS,23,72,53,19,14.2,96.2,2.4,16.7,23.4,0.7,28.2,0.4,20.5,4.5,3.1,3.8,11.7,0.091,2017
82,JJ Redick,LAC,33,78,50,28,28.2,106.2,2.1,7.0,10.2,0.7,14.9,0.2,6.7,8.7,7.7,8.3,23.6,0.09,2017
83,Ish Smith,DET,28,81,37,44,24.1,104.6,2.6,10.9,15.2,0.8,20.8,0.4,20.2,5.7,5.3,5.4,20.7,0.09,2017
84,Luc Mbah a Moute,LAC,30,80,49,31,22.3,103.6,1.6,6.7,9.6,1.0,25.6,0.4,20.1,7.2,5.7,6.6,18.7,0.09,2017
85,Joe Johnson,UTA,36,78,47,31,23.6,104.3,2.7,11.5,16.4,0.5,14.1,0.2,10.3,7.3,5.3,4.8,20.4,0.09,2017
86,Nicolas Batum,CHA,28,77,35,42,34.0,108.2,5.6,16.4,23.1,1.1,21.4,0.4,11.1,9.2,8.5,9.1,29.2,0.089,2017
87,Kent Bazemore,ATL,27,73,39,34,26.9,106.0,2.5,8.9,13.5,1.2,26.6,0.7,24.3,10.0,8.1,7.3,21.8,0.089,2017
88,John Wall,WAS,26,78,48,30,36.4,108.8,3.4,9.4,14.0,2.0,30.2,0.6,20.3,11.9,10.3,8.8,33.3,0.089,2017
89,Jeff Teague,IND,29,82,42,40,32.4,107.9,3.6,11.1,16.5,1.2,20.9,0.4,10.6,11.4,9.1,6.8,27.4,0.088,2017
90,Zaza Pachulia,GSW,33,70,58,12,18.1,101.0,3.9,20.2,29.3,0.8,20.3,0.5,24.3,6.5,4.9,5.4,17.3,0.088,2017
91,Andrew Harrison,MEM,22,72,38,34,20.5,102.9,1.6,7.9,11.8,0.7,20.7,0.3,15.4,6.5,4.9,6.2,15.4,0.088,2017
92,Domantas Sabonis,OKC,21,81,46,35,20.1,102.5,3.0,14.6,20.8,0.5,14.0,0.4,19.6,6.6,5.0,4.0,19.2,0.087,2017
93,James Harden,HOU,27,81,54,27,36.4,108.9,7.0,18.5,27.6,1.5,24.3,0.5,15.4,13.3,10.1,11.1,37.6,0.087,2017
94,DeMar DeRozan,TOR,27,74,47,27,35.4,108.7,4.3,11.9,17.8,1.1,18.9,0.2,5.2,11.1,10.1,8.9,31.7,0.087,2017
95,Ryan Anderson,HOU,29,72,50,22,29.4,107.0,3.0,10.3,14.8,0.4,8.5,0.2,7.7,10.5,8.0,8.3,30.3,0.086,2017
96,Trevor Ariza,HOU,32,80,53,27,34.7,108.6,5.1,14.3,21.0,1.8,30.4,0.3,8.6,12.6,9.5,10.6,35.6,0.085,2017
97,Wayne Ellington,MIA,29,62,35,27,24.2,105.2,1.8,7.6,11.4,0.6,15.0,0.1,2.3,6.9,6.3,5.7,22.8,0.085,2017
98,Al-Farouq Aminu,POR,26,61,33,28,29.1,107.1,6.1,20.4,29.9,1.0,23.9,0.7,22.8,9.0,7.4,7.3,25.2,0.085,2017
99,Malcolm Delaney,ATL,28,73,37,36,17.1,100.5,1.5,9.0,13.4,0.5,19.5,0.0,0.8,5.3,4.0,3.9,13.1,0.085,2017
100,Dante Exum,UTA,21,66,40,26,18.6,102.1,1.5,8.2,11.6,0.3,12.7,0.2,8.9,6.3,4.0,4.4,15.7,0.084,2017
101,CJ McCollum,POR,25,80,40,40,34.9,108.9,2.9,8.0,11.8,0.9,18.1,0.5,13.6,11.0,9.0,8.7,30.7,0.084,2017
102,Paul Zipser,CHI,23,44,21,23,19.2,102.4,2.5,12.5,18.1,0.3,10.0,0.4,20.8,6.3,4.9,5.2,18.6,0.084,2017
103,Otto Porter Jr.,WAS,24,80,48,32,32.6,108.4,5.0,15.4,22.6,1.5,23.8,0.5,19.6,10.2,8.9,8.0,29.9,0.083,2017
104,Terrence Jones,MIL,25,54,20,34,23.5,105.5,4.5,17.8,26.7,0.7,20.0,1.0,33.5,6.8,6.1,7.5,22.1,0.083,2017
105,Nene,HOU,34,67,47,20,17.9,102.0,2.8,14.7,22.0,0.8,24.7,0.6,39.8,6.1,4.5,5.3,17.4,0.083,2017
106,Taj Gibson,OKC,32,78,41,37,25.5,105.9,4.2,16.3,22.9,0.5,12.5,0.8,27.3,8.4,5.8,7.4,24.4,0.083,2017
107,P.J. Tucker,TOR,32,81,35,46,27.6,107.2,4.4,16.0,23.4,1.4,30.2,0.2,9.4,9.3,7.4,8.3,23.5,0.083,2017
108,Kentavious Caldwell-Pope,DET,24,76,33,43,33.3,108.6,2.5,7.9,11.0,1.2,23.7,0.2,6.3,8.5,7.5,7.0,29.4,0.082,2017
109,Avery Bradley,BOS,26,55,34,21,33.4,108.7,4.9,14.3,22.0,1.2,23.1,0.2,6.2,10.6,10.3,8.9,31.4,0.082,2017
110,Marvin Williams,CHA,31,76,32,44,30.2,107.9,5.4,18.0,25.2,0.8,17.3,0.7,23.9,7.8,7.6,8.2,25.4,0.081,2017
111,Shelvin Mack,UTA,27,55,34,21,21.9,104.7,1.9,8.7,12.9,0.8,24.3,0.1,2.3,8.0,5.3,4.6,19.7,0.081,2017
112,Dario Saric,PHI,23,81,28,53,26.3,106.8,5.0,18.3,27.3,0.7,14.8,0.4,14.4,10.3,7.5,8.2,23.9,0.081,2017
113,Kristaps Porzingis,NYK,21,66,26,40,32.8,108.7,5.5,15.9,23.9,0.7,14.9,2.0,49.2,10.7,9.8,10.1,30.1,0.081,2017
114,Lucas Nogueira,TOR,24,57,34,23,19.1,103.2,2.8,13.9,21.2,0.9,27.5,1.6,63.1,5.6,5.9,4.1,16.4,0.08,2017
115,Zach Randolph,MEM,35,73,38,35,24.5,105.8,5.7,24.6,36.3,0.5,13.7,0.1,7.3,7.6,5.7,7.5,19.9,0.08,2017
116,Nikola Vucevic,ORL,26,75,27,48,28.8,107.8,8.0,27.2,39.0,1.0,22.0,1.0,35.1,9.2,7.7,8.2,28.2,0.08,2017
117,Evan Fournier,ORL,24,68,23,45,32.8,108.8,2.4,7.2,10.5,1.0,20.5,0.1,1.7,10.9,8.8,8.7,31.6,0.08,2017
118,T.J. McConnell,PHI,25,81,27,54,26.3,107.1,2.6,9.7,14.5,1.7,32.4,0.1,4.4,10.5,7.6,8.7,25.1,0.08,2017
119,Nik Stauskas,PHI,23,80,27,53,27.3,107.4,2.6,9.1,13.8,0.6,12.5,0.4,14.5,10.3,7.6,8.2,26.7,0.078,2017
120,Dante Cunningham,NOP,30,66,28,38,25.0,106.6,3.3,12.9,18.6,0.6,14.2,0.4,14.9,7.5,5.6,7.2,23.1,0.078,2017
121,Marcin Gortat,WAS,33,82,49,33,31.2,108.6,7.5,24.3,35.3,0.5,8.8,0.7,30.2,10.0,8.2,7.9,28.6,0.077,2017
122,CJ Miles,IND,30,76,39,37,23.4,106.0,2.6,11.4,16.9,0.6,15.9,0.3,15.0,7.3,5.8,5.1,18.1,0.076,2017
123,Rodney McGruder,MIA,25,78,40,38,25.2,106.8,2.1,8.3,12.3,0.6,17.0,0.2,7.8,7.2,7.0,5.6,23.7,0.076,2017
124,Rajon Rondo,CHI,31,69,34,35,26.7,107.4,4.1,15.1,22.1,1.4,32.8,0.2,5.9,9.3,6.8,7.7,25.9,0.076,2017
125,Jared Dudley,PHX,31,64,17,47,21.3,105.2,3.0,13.4,20.1,0.7,17.9,0.3,11.9,7.8,6.0,6.7,16.9,0.075,2017
126,Jason Terry,MIL,39,74,37,37,18.4,103.4,1.2,6.6,10.3,0.6,19.2,0.3,13.9,6.4,4.9,4.3,16.1,0.075,2017
127,Devin Harris,DAL,34,65,29,36,16.7,102.5,1.8,11.1,16.2,0.7,27.2,0.1,8.5,4.9,4.5,4.9,13.5,0.075,2017
128,Nemanja Bjelica,MIN,29,65,28,37,18.3,103.6,2.9,15.7,24.0,0.6,19.5,0.3,15.7,6.2,5.2,4.5,16.7,0.075,2017
129,Brook Lopez,BKN,29,75,20,55,29.6,108.5,3.8,11.6,16.8,0.5,12.8,1.7,51.7,11.4,8.6,8.7,27.9,0.074,2017
130,Malcolm Brogdon,MIL,24,75,38,37,26.4,107.5,2.2,8.6,12.9,1.1,25.2,0.2,5.9,8.2,7.1,6.4,25.9,0.074,2017
131,Amir Johnson,BOS,30,80,51,29,20.1,104.6,3.1,15.0,22.2,0.6,19.4,0.8,40.8,5.7,5.8,5.3,17.7,0.074,2017
132,Nerlens Noel,DAL,23,51,24,27,20.5,105.6,3.9,19.8,30.2,1.3,29.5,1.0,49.5,6.3,5.9,5.8,18.3,0.074,2017
133,Serge Ibaka,TOR,27,79,37,42,30.7,108.9,5.2,16.9,24.1,0.5,12.2,1.6,47.1,10.5,8.0,8.0,29.4,0.074,2017
134,Austin Rivers,LAC,24,74,43,31,27.8,108.1,1.9,6.8,10.1,0.6,15.9,0.1,5.5,8.6,7.4,8.5,25.8,0.074,2017
135,Shaun Livingston,GSW,31,76,63,13,17.7,102.5,1.6,8.4,12.7,0.5,16.5,0.3,10.3,6.3,4.6,4.6,16.3,0.074,2017
136,Glenn Robinson III,IND,23,69,35,34,20.7,105.3,2.7,12.7,19.1,0.6,17.9,0.3,14.6,7.0,5.4,5.0,17.0,0.073,2017
137,Gorgui Dieng,MIN,27,82,31,51,32.4,109.3,5.6,18.1,26.5,1.1,20.4,1.2,39.1,11.2,8.6,9.6,30.7,0.073,2017
138,Terry Rozier,BOS,23,74,47,27,17.1,102.7,2.5,14.0,21.0,0.6,22.1,0.1,9.9,5.0,4.7,4.2,14.2,0.073,2017
139,DeMarcus Cousins,NOP,26,72,30,42,34.2,109.5,8.9,27.3,39.6,1.4,24.5,1.3,41.9,11.5,8.0,10.8,27.9,0.073,2017
140,Yogi Ferrell,DAL,24,46,18,28,26.0,107.8,2.0,8.1,11.8,0.9,23.7,0.2,10.0,7.6,6.0,8.5,23.2,0.073,2017
141,Kelly Olynyk,BOS,26,75,49,26,20.5,105.2,3.8,18.1,27.4,0.6,18.6,0.4,26.4,6.9,6.3,5.0,17.9,0.072,2017
142,Jarell Martin,MEM,23,42,23,19,13.3,99.8,2.9,20.6,30.8,0.4,16.0,0.2,17.3,4.7,3.4,4.1,9.5,0.072,2017
143,Timothe Luwawu-Cabarrot,PHI,22,69,23,46,17.2,103.4,1.8,10.0,14.9,0.5,15.5,0.1,8.9,6.7,4.7,5.4,15.7,0.071,2017
144,E'Twaun Moore,NOP,28,73,32,41,24.9,107.4,1.6,6.2,9.2,0.7,17.9,0.4,13.2,7.5,6.7,7.4,22.3,0.071,2017
145,Langston Galloway,SAC,25,74,29,45,20.2,105.5,1.7,8.2,12.1,0.6,20.1,0.1,3.6,6.4,5.7,5.4,18.9,0.071,2017
146,Jamal Crawford,LAC,37,82,51,31,26.3,107.9,1.4,5.1,7.6,0.7,20.1,0.2,7.9,8.7,7.2,7.8,24.5,0.071,2017
147,Stanley Johnson,DET,21,77,35,42,17.8,103.8,2.0,11.6,15.6,0.7,26.0,0.3,20.7,4.5,3.1,4.1,14.3,0.071,2017
148,Deron Williams,CLE,33,64,25,39,25.9,107.5,2.1,8.6,12.3,0.5,13.5,0.1,6.5,8.1,5.6,6.4,21.6,0.071,2017
149,DeMarre Carroll,TOR,30,72,44,28,26.1,107.8,2.9,11.3,16.8,1.1,25.6,0.4,14.4,8.2,7.1,6.2,23.3,0.071,2017
150,Mike Dunleavy,ATL,36,53,34,19,15.9,102.0,1.8,10.9,16.2,0.3,12.7,0.1,10.8,5.8,4.4,3.6,12.0,0.07,2017
151,Justin Holiday,NYK,28,82,31,51,20.0,105.3,2.4,11.4,17.2,0.8,25.2,0.4,16.6,6.3,5.7,4.5,16.7,0.07,2017
152,Tristan Thompson,CLE,26,78,50,28,30.0,109.0,5.5,17.7,25.6,0.5,11.8,1.1,42.4,10.3,8.2,9.2,28.3,0.07,2017
153,Matthew Dellavedova,MIL,26,76,39,37,26.1,108.1,1.6,6.3,9.5,0.7,16.0,0.0,0.0,9.0,6.5,6.2,22.2,0.07,2017
154,Dorian Finney-Smith,DAL,24,81,33,48,20.3,105.5,2.1,10.9,16.2,0.6,19.2,0.3,17.1,5.8,5.1,5.5,16.3,0.07,2017
155,Kyrie Irving,CLE,25,72,47,25,35.1,110.3,2.5,6.8,9.9,1.2,23.3,0.3,11.2,11.1,10.1,10.4,33.6,0.07,2017
156,Damian Lillard,POR,26,75,38,37,35.9,110.4,4.3,11.8,17.6,0.9,17.4,0.3,7.2,11.3,9.6,9.9,32.6,0.069,2017
157,Cory Joseph,TOR,25,80,49,31,25.0,107.8,2.3,9.2,13.7,0.8,20.2,0.2,6.4,7.9,7.0,6.2,21.9,0.069,2017
158,Tim Frazier,NOP,26,65,26,39,23.5,107.1,2.1,8.7,12.5,0.9,22.9,0.1,3.7,7.0,5.7,6.7,20.2,0.069,2017
159,Elfrid Payton,ORL,23,82,29,53,29.4,109.2,3.6,12.0,17.5,1.1,23.8,0.5,15.5,9.0,8.1,7.8,29.1,0.069,2017
160,Trey Lyles,UTA,21,71,43,28,16.3,103.1,2.6,15.8,22.7,0.4,15.6,0.3,16.4,5.5,4.0,3.6,14.5,0.069,2017
161,Marco Belinelli,CHA,31,74,34,40,24.0,107.5,2.2,9.3,13.1,0.6,18.1,0.1,5.4,6.5,5.4,6.8,21.2,0.068,2017
162,Monta Ellis,IND,31,74,39,35,27.0,108.5,2.5,9.2,13.8,1.1,22.5,0.4,13.1,8.9,7.9,5.8,23.0,0.068,2017
163,Kelly Oubre Jr.,WAS,21,79,47,32,20.3,106.0,2.5,12.2,18.3,0.7,21.7,0.2,11.7,7.8,6.3,4.7,18.4,0.068,2017
164,Spencer Dinwiddie,BKN,24,59,13,46,22.6,106.8,2.3,9.7,14.1,0.7,21.5,0.4,18.3,7.8,6.0,6.0,20.5,0.068,2017
165,Michael Carter-Williams,CHI,25,45,25,20,18.8,105.1,2.9,15.2,21.6,0.8,27.9,0.5,22.8,5.5,4.2,5.6,16.9,0.067,2017
166,Frank Kaminsky,CHA,24,75,31,44,26.1,108.3,3.7,14.1,20.1,0.6,16.0,0.5,18.1,7.2,5.9,7.3,22.2,0.067,2017
167,Troy Daniels,MEM,25,67,33,34,17.7,104.3,1.2,6.8,9.9,0.3,11.0,0.1,4.1,5.3,4.0,4.9,12.8,0.067,2017
168,Greg Monroe,MIL,27,81,42,39,22.5,107.0,4.5,20.8,30.9,1.1,27.1,0.5,22.6,7.9,5.5,5.7,20.5,0.067,2017
169,Willie Reed,MIA,27,71,39,32,14.5,101.9,2.9,19.2,29.8,0.3,11.0,0.7,39.5,4.2,3.9,2.8,13.8,0.067,2017
170,David West,GSW,36,68,56,12,12.6,98.6,2.3,16.9,25.3,0.6,30.9,0.7,38.4,3.9,3.2,3.2,11.4,0.067,2017
171,Clint Capela,HOU,23,65,44,21,23.9,107.5,5.4,22.2,32.3,0.5,13.1,1.2,57.2,8.4,6.5,7.0,24.6,0.067,2017
172,Isaiah Whitehead,BKN,22,73,17,56,22.5,107.0,2.1,8.4,12.4,0.6,18.9,0.5,23.4,8.6,6.9,6.0,18.9,0.066,2017
173,Davis Bertans,SAS,24,67,51,16,12.1,99.2,1.1,9.3,13.5,0.3,14.2,0.4,28.6,4.2,3.1,2.5,10.4,0.066,2017
174,Sergio Rodriguez,PHI,31,68,24,44,22.3,107.0,2.0,8.8,13.3,0.7,20.6,0.1,2.4,8.4,5.9,6.9,20.1,0.066,2017
175,Matt Barnes,GSW,37,74,38,36,24.0,107.4,4.2,17.6,26.5,0.6,15.9,0.4,14.7,8.4,5.7,7.4,19.2,0.065,2017
176,Jabari Parker,MIL,22,51,22,29,33.9,110.6,4.6,13.4,20.3,1.0,17.4,0.4,10.3,11.9,9.8,8.6,31.3,0.065,2017
177,Trevor Booker,BKN,29,71,18,53,24.7,108.2,6.0,22.3,33.9,1.1,26.9,0.4,16.3,10.4,7.8,7.4,22.4,0.065,2017
178,Isaiah Thomas,BOS,28,76,51,25,33.8,110.5,2.1,6.1,9.5,0.9,18.1,0.2,5.8,10.7,10.6,8.9,31.5,0.064,2017
179,Danilo Gallinari,DEN,28,63,31,32,33.9,110.5,4.5,13.0,18.3,0.6,13.0,0.2,9.3,12.0,8.6,9.9,33.7,0.064,2017
180,Rondae Hollis-Jefferson,BKN,22,78,19,59,22.6,107.7,4.6,18.6,27.2,1.1,28.3,0.6,24.4,9.0,6.8,7.0,22.1,0.064,2017
181,Buddy Hield,SAC,24,82,31,51,23.0,107.9,2.9,12.0,17.7,0.5,13.4,0.1,5.1,8.5,6.3,6.8,22.0,0.064,2017
182,Richard Jefferson,CLE,37,79,50,29,20.4,106.5,2.2,10.3,15.2,0.3,13.5,0.1,7.7,7.3,5.6,5.4,17.8,0.064,2017
183,Mirza Teletovic,MIL,31,70,36,34,16.2,103.9,2.2,13.2,19.7,0.2,6.6,0.2,11.7,5.6,4.2,4.2,14.5,0.064,2017
184,Boris Diaw,UTA,35,73,45,28,17.6,104.8,1.5,9.0,12.9,0.2,11.2,0.1,6.8,6.0,3.6,3.7,15.2,0.064,2017
185,Denzel Valentine,CHI,23,57,28,29,17.1,104.8,2.5,14.3,21.3,0.5,17.3,0.1,8.3,5.6,4.2,5.0,16.4,0.063,2017
186,Luol Deng,LAL,32,56,18,38,26.5,108.9,4.1,15.5,22.3,0.9,21.1,0.4,17.1,10.4,6.8,9.1,26.3,0.063,2017
187,Tony Snell,MIL,25,80,42,38,29.2,109.8,2.8,9.8,14.9,0.7,15.0,0.2,5.2,9.6,7.9,7.3,26.8,0.062,2017
188,Allen Crabbe,POR,25,79,39,40,28.5,109.7,2.6,9.1,13.4,0.7,17.3,0.3,9.2,9.7,7.2,8.0,26.2,0.062,2017
189,Zach LaVine,MIN,22,47,16,31,37.2,111.2,3.0,8.7,12.8,0.9,15.0,0.2,5.8,13.5,10.3,10.0,35.7,0.062,2017
190,Andrew Wiggins,MIN,22,82,31,51,37.2,111.3,2.8,7.7,11.5,1.0,16.9,0.4,10.6,13.5,10.0,10.9,35.5,0.062,2017
191,Evan Turner,POR,28,65,34,31,25.5,108.8,3.2,12.5,18.7,0.8,21.5,0.4,14.3,8.0,7.1,6.6,21.8,0.062,2017
192,Mike Muscala,ATL,25,70,36,34,17.7,105.4,2.3,13.0,19.1,0.4,16.0,0.6,32.5,6.4,5.1,4.8,14.9,0.061,2017
193,Andre Drummond,DET,23,81,36,45,29.7,109.9,9.5,34.1,46.6,1.5,33.5,1.1,46.1,8.1,6.6,6.5,26.8,0.061,2017
194,Jeff Green,ORL,30,69,26,43,22.2,107.8,2.5,10.9,16.2,0.5,18.3,0.2,7.9,7.0,6.9,5.9,19.9,0.061,2017
195,Cristiano Felicio,CHI,24,66,31,35,15.8,104.1,2.8,17.6,25.5,0.4,14.1,0.3,20.7,5.4,3.5,4.2,14.5,0.06,2017
196,Terrence Ross,ORL,26,78,39,39,25.1,108.9,2.4,9.6,14.2,1.1,24.4,0.4,16.6,7.5,7.0,6.2,23.9,0.06,2017
197,Iman Shumpert,CLE,27,76,48,28,25.5,109.0,2.4,8.8,12.9,0.8,24.9,0.4,17.2,8.8,7.6,7.1,22.4,0.06,2017
198,Larry Nance Jr.,LAL,24,63,21,42,22.9,108.2,4.0,18.0,27.0,1.3,26.8,0.6,32.0,8.9,6.1,7.0,22.8,0.06,2017
199,Nikola Jokic,DEN,22,73,37,36,27.9,109.7,6.9,24.8,33.9,0.8,21.9,0.8,37.4,9.8,6.5,8.0,26.9,0.06,2017
200,Jonas Valanciunas,TOR,25,80,50,30,25.8,109.1,6.7,26.4,38.7,0.5,11.2,0.8,32.0,8.3,6.8,6.6,22.8,0.06,2017
201,Caris LeVert,BKN,22,57,15,42,21.7,107.9,2.9,12.4,18.3,0.9,23.2,0.1,6.3,7.5,6.4,5.8,20.7,0.06,2017
202,Jusuf Nurkic,POR,22,65,34,31,21.4,107.7,4.8,21.2,30.3,0.8,24.0,1.1,46.3,8.5,6.0,6.1,20.6,0.059,2017
203,Jerian Grant,CHI,24,63,29,34,16.3,104.8,1.5,9.0,12.8,0.7,29.6,0.1,8.8,4.7,3.7,4.6,14.7,0.059,2017
204,Jameer Nelson,DEN,35,75,34,41,27.3,109.6,2.2,8.0,11.1,0.7,18.4,0.1,4.8,9.5,6.6,7.4,24.5,0.059,2017
205,Ian Clark,GSW,26,77,63,14,14.8,103.6,1.3,7.8,12.4,0.5,21.5,0.1,5.6,5.8,4.8,4.6,14.6,0.059,2017
206,Sam Dekker,HOU,23,77,52,25,18.4,106.4,2.5,12.6,19.5,0.5,16.8,0.3,15.2,6.9,5.2,5.3,17.8,0.059,2017
207,Kris Humphries,ATL,32,56,31,25,12.3,101.1,2.6,21.4,31.9,0.3,13.6,0.4,36.2,4.5,2.7,3.4,10.6,0.059,2017
208,Corey Brewer,LAL,31,82,47,35,15.6,104.6,1.6,10.4,15.6,0.7,25.4,0.2,16.1,5.7,4.7,4.3,14.7,0.058,2017
209,Luke Babbitt,MIA,28,68,35,33,15.7,104.5,1.9,11.6,17.3,0.3,13.5,0.2,9.2,4.2,4.2,3.8,15.1,0.058,2017
210,Alec Burks,UTA,25,42,26,16,15.5,104.9,2.5,15.8,22.7,0.4,19.4,0.1,8.2,4.9,3.3,3.9,14.5,0.058,2017
211,Jamal Murray,DEN,20,82,40,42,21.5,108.0,2.1,9.5,13.3,0.6,20.3,0.3,15.6,7.9,5.3,6.2,21.3,0.058,2017
212,Lou Williams,HOU,30,81,34,47,24.6,109.1,2.2,8.4,13.0,1.0,22.4,0.2,11.3,9.0,7.8,7.4,25.4,0.058,2017
213,Tomas Satoransky,WAS,25,57,33,24,12.6,101.6,1.0,7.8,12.1,0.5,23.6,0.1,8.6,3.9,4.1,2.7,10.6,0.057,2017
214,Ty Lawson,SAC,29,69,25,44,25.1,109.4,2.0,7.7,11.6,1.1,27.7,0.1,4.4,9.5,7.0,6.8,20.9,0.057,2017
215,Norman Powell,TOR,24,76,47,29,18.0,106.5,1.9,10.7,15.6,0.7,20.8,0.2,9.6,5.6,4.9,4.2,15.7,0.057,2017
216,Gerald Henderson,PHI,29,72,24,48,23.2,108.8,2.1,9.2,13.7,0.6,13.2,0.2,8.7,9.2,6.2,7.4,21.4,0.057,2017
217,Enes Freedom,OKC,25,72,43,29,21.3,108.0,4.0,18.5,27.1,0.4,15.3,0.5,25.2,7.7,5.6,5.2,21.7,0.057,2017
218,Noah Vonleh,POR,21,74,38,36,17.1,105.9,3.5,19.9,28.7,0.4,14.8,0.4,23.1,5.3,3.9,4.1,14.8,0.056,2017
219,Aaron Gordon,ORL,21,80,29,51,28.7,110.4,3.6,12.4,18.2,0.8,18.5,0.5,17.4,9.5,7.9,8.0,29.0,0.056,2017
220,Raymond Felton,LAC,33,80,50,30,21.2,108.2,2.3,10.6,15.7,0.8,27.3,0.3,13.8,7.0,6.3,6.7,20.2,0.056,2017
221,Jaylen Brown,BOS,20,78,50,28,17.2,106.2,2.2,12.7,18.7,0.4,17.0,0.2,17.5,6.0,4.3,4.0,15.0,0.056,2017
222,Jakob Poeltl,TOR,21,54,38,16,11.6,101.0,1.6,15.0,21.3,0.3,13.7,0.4,38.5,3.5,2.5,3.2,9.3,0.056,2017
223,Aaron Brooks,IND,32,65,36,29,13.7,103.4,0.8,5.6,8.3,0.4,19.4,0.1,11.0,4.3,3.2,3.2,10.4,0.055,2017
224,Devin Booker,PHX,20,78,24,54,35.0,111.6,2.6,7.3,10.8,0.9,15.9,0.3,7.7,13.8,10.0,12.1,32.8,0.055,2017
225,Salah Mejri,DAL,31,73,29,44,12.4,102.0,2.9,25.4,36.4,0.4,22.2,0.8,73.5,3.7,2.6,2.8,9.1,0.055,2017
226,Brandon Jennings,WAS,27,81,37,44,22.2,108.6,2.1,8.9,13.4,0.9,24.1,0.0,1.9,7.9,6.5,5.9,21.6,0.055,2017
227,Patrick McCaw,GSW,21,71,57,14,15.1,105.0,1.1,6.9,10.5,0.5,15.5,0.2,9.7,6.4,4.4,6.0,16.0,0.055,2017
228,Sean Kilpatrick,BKN,27,70,14,56,25.1,109.6,3.7,13.6,20.1,0.6,18.6,0.1,3.6,10.5,7.5,6.8,23.8,0.055,2017
229,Ricky Rubio,MIN,26,75,28,47,32.9,111.3,3.2,10.0,14.7,1.7,33.2,0.1,4.6,11.5,9.0,10.1,31.1,0.055,2017
230,Alan Williams,PHX,24,47,11,36,15.1,105.1,4.2,25.5,38.7,0.6,22.3,0.7,39.0,5.1,4.7,4.3,13.3,0.054,2017
231,Maurice Harkless,POR,24,77,38,39,28.9,110.6,2.8,9.3,14.0,1.1,26.2,0.9,28.5,9.7,7.7,7.9,26.4,0.054,2017
232,Tarik Black,LAL,25,67,24,43,16.3,105.9,3.0,17.7,26.2,0.4,15.1,0.7,42.7,5.8,4.8,4.9,14.5,0.054,2017
233,Wesley Johnson,LAC,29,68,40,28,11.9,102.4,2.3,18.6,27.3,0.4,22.0,0.4,41.1,3.4,3.1,3.5,10.6,0.053,2017
234,Shabazz Muhammad,MIN,24,78,29,49,19.4,107.9,1.7,9.4,14.1,0.3,8.1,0.1,4.4,7.0,5.2,5.9,19.2,0.053,2017
235,Anthony Morrow,CHI,31,49,25,24,14.6,105.1,0.4,2.6,3.9,0.5,23.1,0.0,2.7,4.9,3.6,4.0,14.3,0.053,2017
236,Mindaugas Kuzminskas,NYK,27,68,24,44,14.9,105.4,1.2,7.5,11.3,0.4,16.8,0.2,8.6,5.8,4.2,4.0,14.6,0.052,2017
237,Karl-Anthony Towns,MIN,21,82,31,51,37.0,112.1,8.7,24.7,36.5,0.7,11.6,1.3,36.0,13.1,10.3,11.0,35.7,0.052,2017
238,Willy Hernangomez,NYK,23,72,27,45,18.4,107.6,4.6,23.7,35.6,0.6,20.1,0.5,26.3,6.2,5.4,5.3,18.7,0.052,2017
239,Doug McDermott,OKC,25,66,35,31,22.8,109.1,2.4,10.5,15.0,0.2,7.0,0.1,3.8,8.3,5.8,6.0,22.5,0.052,2017
240,Bobby Portis,CHI,22,64,30,34,15.6,105.9,3.5,22.0,32.0,0.3,9.4,0.2,15.9,4.8,4.3,4.2,14.6,0.052,2017
241,Bismack Biyombo,ORL,24,81,29,52,22.1,108.9,5.1,22.7,33.4,0.3,10.5,1.1,48.4,7.6,6.1,5.7,20.1,0.052,2017
242,Joe Harris,BKN,25,52,10,42,21.9,109.1,2.5,10.3,15.3,0.6,20.8,0.2,8.1,10.0,6.7,6.9,20.9,0.052,2017
243,Eric Bledsoe,PHX,27,66,22,44,33.0,111.6,4.1,12.4,18.0,1.4,25.1,0.5,15.0,12.2,8.6,11.8,30.5,0.052,2017
244,Darren Collison,SAC,29,68,26,42,30.3,111.2,1.9,6.6,9.6,1.0,19.8,0.1,5.1,10.0,7.4,9.0,25.9,0.051,2017
245,Ron Baker,NYK,24,52,14,38,16.5,106.5,1.7,10.0,15.0,0.7,24.8,0.2,10.1,5.4,4.8,3.9,14.5,0.051,2017
246,Marreese Speights,LAC,29,82,51,31,15.7,106.3,3.5,21.8,33.1,0.3,13.4,0.5,36.3,4.8,4.5,4.2,15.0,0.051,2017
247,John Henson,MIL,26,58,26,32,19.4,108.2,3.5,17.9,27.6,0.5,17.2,1.3,46.4,6.1,5.7,4.9,17.4,0.051,2017
248,Kosta Koufos,SAC,28,71,27,44,20.0,108.5,4.0,20.2,29.1,0.5,15.7,0.7,40.3,6.8,5.1,6.4,16.1,0.05,2017
249,Reggie Jackson,DET,27,52,23,29,27.4,110.8,1.8,7.2,9.4,0.7,16.9,0.1,4.8,8.3,5.7,6.0,24.1,0.05,2017
250,Garrett Temple,SAC,31,65,25,40,26.6,110.6,2.3,9.0,13.6,1.3,28.8,0.4,19.7,10.1,7.2,7.6,21.4,0.05,2017
251,Will Barton,DEN,26,60,31,29,28.4,111.0,3.4,12.0,17.0,0.8,18.8,0.5,20.1,11.1,7.4,8.5,28.0,0.05,2017
252,DeAndre Liggins,DAL,29,62,40,22,12.5,104.2,1.4,11.2,16.4,0.8,38.8,0.2,22.6,4.6,3.1,3.9,11.5,0.05,2017
253,Ben McLemore,SAC,24,61,27,34,19.3,108.4,1.8,9.6,13.6,0.5,15.9,0.1,6.7,7.1,4.6,5.6,15.4,0.049,2017
254,Meyers Leonard,POR,25,74,37,37,16.5,107.0,2.8,17.1,25.0,0.2,8.0,0.4,25.9,4.8,4.2,4.2,14.6,0.049,2017
255,Sasha Vujacic,NYK,33,42,14,28,9.7,100.5,1.1,10.9,15.8,0.3,16.7,0.0,3.8,2.9,2.5,2.6,9.1,0.049,2017
256,Tyson Chandler,PHX,34,47,15,32,27.6,110.8,8.2,30.6,44.0,0.7,13.8,0.5,25.3,10.1,6.9,9.6,23.8,0.049,2017
257,Jerami Grant,OKC,23,80,43,37,19.1,108.4,2.1,10.6,15.7,0.4,14.5,1.0,41.8,6.6,5.0,5.1,19.7,0.049,2017
258,C.J. Watson,ORL,33,62,20,42,16.3,107.0,1.2,7.5,10.6,0.7,27.9,0.0,2.4,5.5,4.6,4.4,14.6,0.049,2017
259,Tyler Ulis,PHX,21,61,15,46,18.4,108.2,1.2,6.3,9.7,0.8,24.0,0.1,3.9,6.7,5.6,5.5,17.2,0.048,2017
260,Roy Hibbert,DEN,30,48,24,24,14.2,105.6,2.0,12.7,17.7,0.2,9.9,1.0,54.8,4.3,3.6,4.1,10.8,0.048,2017
261,Kyle Korver,CLE,36,67,33,34,26.2,110.8,2.7,10.0,15.2,0.5,13.2,0.3,11.9,10.5,7.1,7.0,23.5,0.048,2017
262,Bojan Bogdanovic,WAS,28,81,23,58,25.7,110.9,3.0,11.1,16.4,0.4,10.8,0.1,3.3,10.4,7.9,7.7,24.5,0.047,2017
263,Ramon Sessions,CHA,31,50,23,27,16.2,107.5,1.2,7.1,10.0,0.5,25.0,0.1,3.7,5.5,4.0,4.6,14.4,0.047,2017
264,Richaun Holmes,PHI,23,57,16,41,20.9,109.6,3.8,17.8,26.4,0.7,21.0,1.0,47.4,9.0,6.1,7.2,20.5,0.047,2017
265,Jason Smith,WAS,31,74,45,29,14.4,106.4,2.6,17.8,26.9,0.3,13.5,0.7,46.2,5.3,4.8,3.3,12.3,0.046,2017
266,Pascal Siakam,TOR,23,55,35,20,15.6,107.3,2.2,14.8,22.0,0.5,16.0,0.8,50.6,5.5,3.8,4.6,13.8,0.045,2017
267,Tyler Ennis,LAL,22,53,28,25,11.1,103.4,0.7,6.5,9.1,0.5,19.4,0.0,4.4,3.8,2.4,3.9,9.8,0.045,2017
268,Jonas Jerebko,BOS,30,78,51,27,15.8,107.4,2.7,16.4,25.7,0.3,13.8,0.2,15.7,4.8,4.4,4.0,14.5,0.045,2017
269,Jahlil Okafor,PHI,21,50,15,35,22.7,110.1,3.2,14.5,21.5,0.4,10.9,1.0,48.5,7.8,6.8,8.0,22.0,0.045,2017
270,Courtney Lee,NYK,31,77,29,48,31.9,112.1,2.7,8.2,12.6,1.1,24.0,0.3,9.2,10.6,9.9,9.9,32.0,0.045,2017
271,Anthony Tolliver,SAC,32,65,26,39,22.7,110.5,2.9,13.2,19.2,0.5,15.2,0.3,18.3,8.3,5.7,6.6,19.5,0.044,2017
272,Wilson Chandler,DEN,30,71,35,36,30.9,112.1,5.0,16.2,22.8,0.7,16.1,0.4,18.0,11.0,7.8,9.1,29.4,0.044,2017
273,Jeremy Lamb,CHA,25,62,27,35,18.4,108.9,3.8,20.0,28.6,0.4,20.5,0.4,19.8,4.8,4.5,4.6,15.5,0.044,2017
274,Montrezl Harrell,HOU,23,58,39,19,18.3,109.0,2.4,12.3,19.0,0.3,11.9,0.7,40.4,7.2,6.2,5.2,18.9,0.044,2017
275,JaVale McGee,GSW,29,77,62,15,9.6,102.5,1.9,16.7,24.9,0.2,14.4,0.9,58.3,3.1,2.9,3.2,8.8,0.043,2017
276,Alex Abrines,OKC,23,68,37,31,15.5,107.8,1.0,6.6,9.4,0.5,22.7,0.1,7.5,5.4,4.1,3.4,15.7,0.043,2017
277,Joffrey Lauvergne,CHI,25,70,41,29,14.0,106.9,2.6,18.2,26.9,0.4,17.4,0.1,7.0,4.9,3.7,3.9,14.5,0.043,2017
278,Timofey Mozgov,LAL,30,54,16,38,20.4,109.8,3.0,14.6,20.2,0.3,10.4,0.6,41.9,8.1,4.6,7.5,18.9,0.043,2017
279,Carmelo Anthony,NYK,33,74,29,45,34.3,112.7,5.1,14.3,21.7,0.8,17.1,0.5,12.3,12.0,10.9,10.6,33.9,0.043,2017
280,Channing Frye,CLE,34,74,44,30,18.9,109.3,3.4,17.2,24.9,0.4,20.0,0.5,35.9,6.2,4.7,4.9,16.4,0.043,2017
281,Willie Cauley-Stein,SAC,23,75,29,46,18.9,109.5,3.4,18.0,26.9,0.7,23.3,0.6,43.1,6.8,5.6,5.4,16.6,0.042,2017
282,Kris Dunn,MIN,23,78,30,48,17.1,108.9,1.8,11.2,17.2,1.0,31.6,0.5,24.2,6.3,4.8,4.4,16.1,0.042,2017
283,Derrick Williams,CLE,26,50,16,34,16.1,108.2,2.2,13.2,20.2,0.3,14.6,0.1,9.9,5.1,4.4,3.5,15.7,0.041,2017
284,Leandro Barbosa,PHX,34,67,20,47,14.4,107.2,1.3,9.3,13.6,0.5,20.1,0.1,8.3,5.0,3.8,4.1,12.6,0.041,2017
285,Dwight Powell,DAL,25,77,30,47,17.3,109.0,2.8,17.9,26.8,0.8,27.5,0.5,39.8,4.7,4.8,4.7,15.1,0.041,2017
286,Dragan Bender,PHX,19,43,13,30,13.3,106.7,1.9,13.5,20.3,0.2,11.9,0.5,36.7,5.0,4.1,4.0,11.1,0.04,2017
287,Justin Anderson,PHI,23,75,24,51,16.4,108.6,2.3,15.1,22.9,0.5,19.4,0.3,22.5,5.3,4.6,4.4,15.1,0.04,2017
288,Justin Hamilton,BKN,27,64,14,50,18.4,109.8,3.0,15.2,22.9,0.5,16.1,0.7,38.1,7.7,5.3,5.5,18.0,0.039,2017
289,D.J. Augustin,ORL,29,78,29,49,19.7,110.1,1.3,6.7,10.0,0.4,15.7,0.0,0.7,7.1,5.6,5.5,18.2,0.039,2017
290,Al Jefferson,IND,32,66,33,33,14.1,107.6,3.1,22.5,32.4,0.3,14.8,0.2,24.6,4.0,3.0,3.8,11.1,0.039,2017
291,Randy Foye,BKN,33,69,17,52,18.6,109.9,2.1,10.8,16.2,0.5,16.7,0.1,6.7,7.0,5.5,5.3,17.6,0.039,2017
292,Tyler Zeller,BOS,27,51,32,19,10.3,104.6,1.6,14.3,22.6,0.1,9.6,0.4,40.4,3.6,2.8,2.4,9.4,0.039,2017
293,Michael Beasley,MIL,28,56,23,33,16.7,109.3,2.7,16.2,24.5,0.5,17.3,0.5,30.7,5.9,4.5,4.3,14.6,0.038,2017
294,Mason Plumlee,DEN,27,81,38,43,26.5,111.9,5.4,20.0,29.6,0.9,22.5,1.1,42.6,9.2,7.3,7.6,24.6,0.038,2017
295,Derrick Rose,NYK,28,64,26,38,32.5,113.0,2.8,8.2,12.5,0.7,15.7,0.3,7.4,11.2,10.6,10.1,32.2,0.038,2017
296,Jordan Clarkson,LAL,25,82,26,56,29.2,112.6,2.4,8.3,12.5,1.1,21.3,0.1,3.9,11.6,8.7,9.5,29.8,0.038,2017
297,Semaj Christon,OKC,24,64,36,28,15.2,108.5,1.1,7.3,10.8,0.4,19.2,0.1,8.1,5.0,3.7,3.8,15.8,0.038,2017
298,Kyle O'Quinn,NYK,27,79,29,50,15.6,109.1,3.6,21.9,33.9,0.5,22.0,1.3,59.4,6.0,4.8,4.2,14.5,0.036,2017
299,James Michael McAdoo,GSW,24,52,43,9,8.8,103.0,1.1,11.5,17.9,0.3,20.5,0.6,36.7,3.7,2.9,3.0,9.0,0.036,2017
300,Brandon Rush,MIN,31,47,15,32,21.9,111.3,1.8,8.1,11.9,0.5,14.6,0.5,25.0,7.9,6.6,6.4,21.7,0.036,2017
301,Kevon Looney,GSW,21,53,44,9,8.4,103.5,1.5,16.4,24.9,0.3,18.5,0.3,23.6,3.8,2.4,3.0,8.1,0.034,2017
302,Kay Felder,CLE,22,42,25,17,9.2,104.9,0.9,9.2,14.1,0.4,33.3,0.2,21.9,3.7,2.7,2.0,7.1,0.034,2017
303,Brandon Ingram,LAL,19,79,26,53,28.9,112.9,3.2,11.4,17.2,0.6,12.4,0.5,19.5,10.6,8.4,9.7,29.1,0.034,2017
304,Mario Hezonja,ORL,22,65,20,45,14.8,109.2,1.9,13.3,20.2,0.5,22.1,0.2,17.6,5.4,4.2,4.2,14.2,0.034,2017
305,Tyus Jones,MIN,21,60,23,37,12.9,108.3,1.0,7.8,12.2,0.8,31.8,0.1,8.5,4.5,4.0,3.4,12.7,0.034,2017
306,Nick Young,LAL,32,60,19,41,25.9,112.6,1.9,7.4,10.7,0.6,15.9,0.2,12.8,9.1,7.2,8.7,25.6,0.033,2017
307,Lavoy Allen,IND,28,61,31,30,14.3,109.3,1.9,13.4,19.9,0.3,13.0,0.4,32.0,5.6,3.7,4.0,12.0,0.033,2017
308,Gerald Green,BOS,31,47,32,15,11.4,107.3,1.4,12.2,18.4,0.2,10.8,0.1,15.6,3.3,3.1,2.4,9.8,0.033,2017
309,Shabazz Napier,POR,25,53,26,27,9.7,105.7,1.0,10.8,15.9,0.6,38.6,0.0,5.0,2.9,2.5,1.9,7.4,0.032,2017
310,T.J. Warren,PHX,23,66,20,46,31.0,113.4,3.2,10.3,15.3,1.2,21.7,0.6,18.8,11.8,8.9,11.1,29.6,0.032,2017
311,Miles Plumlee,CHA,28,45,19,26,10.8,107.2,1.3,11.2,17.3,0.4,24.7,0.3,33.3,4.2,2.9,2.1,9.6,0.031,2017
312,Alex Len,PHX,24,77,21,56,20.3,111.9,4.6,22.2,32.9,0.5,15.3,1.3,51.9,8.2,5.6,6.8,18.6,0.03,2017
313,Thon Maker,MIL,20,57,31,26,9.9,106.6,1.3,14.5,21.4,0.2,10.4,0.5,42.6,2.6,2.1,1.9,9.1,0.03,2017
314,KJ McDaniels,BKN,24,49,28,21,10.3,107.2,1.4,12.5,19.4,0.4,24.4,0.4,34.6,3.8,3.0,2.6,9.4,0.029,2017
315,Trey Burke,WAS,24,57,35,22,12.3,108.8,0.7,5.7,8.6,0.2,10.8,0.1,7.4,4.5,4.2,3.3,10.9,0.029,2017
316,Kenneth Faried,DEN,27,61,29,32,21.2,112.3,4.6,21.8,30.7,0.7,24.7,0.7,35.7,8.1,5.2,6.9,21.0,0.029,2017
317,Lance Thomas,NYK,29,46,15,31,21.0,112.4,2.4,10.9,17.1,0.5,16.9,0.1,4.5,6.7,6.8,6.3,19.0,0.028,2017
318,Joakim Noah,NYK,32,46,17,29,22.1,112.6,5.2,22.9,34.0,0.7,23.3,0.8,34.6,7.4,6.3,7.5,21.1,0.028,2017
319,Juancho Hernangomez,DEN,21,62,30,32,13.6,110.1,2.3,17.1,24.5,0.5,23.3,0.2,15.0,5.6,3.7,4.1,14.3,0.028,2017
320,Spencer Hawes,MIL,29,54,27,27,14.8,110.7,2.8,18.7,26.8,0.3,15.3,0.6,34.9,5.1,3.8,4.8,13.5,0.028,2017
321,Arron Afflalo,SAC,31,61,23,38,25.9,113.2,1.9,7.7,11.4,0.3,9.3,0.1,5.1,9.7,6.6,9.0,23.1,0.028,2017
322,Gary Harris,DEN,22,57,29,28,31.3,113.9,2.3,7.6,10.5,1.2,26.1,0.1,6.3,11.3,7.9,9.7,32.0,0.028,2017
323,Jeff Withey,UTA,27,51,33,18,8.5,106.8,1.4,15.9,23.1,0.3,26.7,0.6,57.1,2.9,1.8,2.3,8.6,0.027,2017
324,Emmanuel Mudiay,DEN,21,55,25,30,25.6,113.3,2.7,10.4,14.8,0.7,20.8,0.2,10.7,10.6,6.9,8.8,27.9,0.027,2017
325,Brandon Knight,PHX,25,54,16,38,21.1,112.6,1.7,8.2,12.1,0.5,14.8,0.1,4.5,8.4,5.8,7.2,19.8,0.027,2017
326,Ed Davis,POR,28,46,19,27,17.2,111.7,3.2,18.6,27.0,0.3,14.6,0.5,29.3,6.1,4.3,4.7,14.1,0.027,2017
327,Cole Aldrich,MIN,28,62,23,39,8.6,107.1,1.7,21.2,31.6,0.4,28.7,0.4,51.1,3.1,2.4,2.3,8.3,0.026,2017
328,Kevin Seraphin,IND,27,49,23,26,11.4,109.4,2.1,18.1,26.9,0.1,8.2,0.4,42.6,3.7,3.1,2.5,8.3,0.026,2017
329,Julius Randle,LAL,22,74,24,50,28.8,114.0,6.6,23.1,33.7,0.7,15.5,0.5,22.0,11.2,7.8,10.7,29.1,0.024,2017
330,D'Angelo Russell,LAL,21,63,21,42,28.7,114.3,3.0,10.8,15.9,1.4,31.1,0.3,10.5,9.9,8.1,10.3,29.5,0.022,2017
331,Thomas Robinson,LAL,26,48,15,33,11.7,110.9,2.9,26.3,40.3,0.5,24.3,0.2,25.0,4.2,3.1,3.5,10.7,0.021,2017
332,Damjan Rudez,ORL,31,45,12,33,7.0,107.2,0.4,7.1,10.3,0.3,26.1,0.0,4.8,1.8,1.7,1.2,6.5,0.02,2017
333,Marquese Chriss,PHX,19,82,24,58,21.3,113.8,3.1,14.8,21.7,0.8,21.0,0.9,37.8,8.5,5.8,7.4,20.5,0.019,2017
334,Nicolas Brussino,DAL,24,54,18,36,9.7,111.1,1.3,14.8,21.3,0.3,21.0,0.1,16.3,3.0,2.4,2.6,8.1,0.017,2017
335,James Jones,CLE,36,48,28,20,7.9,110.6,0.7,8.9,14.4,0.1,11.1,0.2,24.4,3.0,2.8,1.8,7.0,0.015,2017
336,Brandon Bass,LAC,32,52,29,23,11.1,114.5,1.7,15.0,22.1,0.3,19.4,0.2,23.9,4.1,3.5,3.6,11.8,0.008,2017
