,Player,TEAM,AGE,GP,W,L,MIN,DEF RTG,DREB,DREB%,%DREB,STL,STL%,BLK,%BLK,OPP PTSOFF TOV,OPP PTS2ND CHANCE,OPP PTSFB,OPP PTSPAINT,DEFWS,Year
0,Rudy Gobert,UTA,26,56,37,19,32.4,98.3,7.8,23.4,32.6,0.8,14.1,2.3,61.7,11.5,7.1,6.5,26.5,0.18,2018
1,Joel Embiid,PHI,24,63,41,22,30.4,98.9,8.7,25.5,37.0,0.6,13.2,1.8,51.2,10.7,7.6,5.6,24.3,0.161,2018
2,Robert Covington,PHI,27,80,51,29,31.6,100.0,4.7,13.7,19.3,1.7,28.4,0.9,25.8,11.1,7.7,6.5,26.3,0.158,2018
3,Marcus Smart,BOS,24,54,38,16,29.9,99.6,2.7,8.5,12.3,1.3,27.0,0.4,15.3,9.8,7.2,6.1,26.4,0.156,2018
4,Donovan Mitchell,UTA,21,79,46,33,33.4,101.5,3.1,9.3,12.9,1.5,24.1,0.3,9.5,11.7,7.6,6.9,29.2,0.153,2018
5,Jayson Tatum,BOS,20,80,53,27,30.5,100.8,4.4,13.8,19.9,1.0,21.8,0.7,23.3,9.5,7.2,6.6,27.2,0.145,2018
6,Al Horford,BOS,32,72,47,25,31.6,101.6,5.9,17.8,25.2,0.6,12.8,1.1,35.9,10.0,7.2,6.8,28.0,0.142,2018
7,Jaylen Brown,BOS,21,70,47,23,30.7,101.3,4.0,12.4,17.7,1.0,20.6,0.4,12.3,9.5,6.9,6.0,27.3,0.142,2018
8,Ben Simmons,PHI,21,81,51,30,33.7,102.9,6.3,17.1,24.8,1.7,28.9,0.9,24.1,12.8,8.7,6.9,29.0,0.139,2018
9,Ricky Rubio,UTA,27,77,44,33,29.3,101.2,4.0,13.9,19.5,1.6,27.8,0.1,5.1,10.0,6.7,5.7,25.5,0.136,2018
10,Anthony Davis,NOP,25,75,45,30,36.4,104.3,8.6,21.3,31.6,1.5,24.3,2.6,53.5,12.2,10.6,10.9,34.8,0.135,2018
11,Joe Ingles,UTA,30,82,48,34,31.4,102.4,3.9,12.5,17.6,1.1,19.5,0.2,7.5,10.9,7.0,6.7,27.5,0.135,2018
12,Damian Lillard,POR,27,73,44,29,36.6,104.5,3.6,9.4,13.3,1.1,19.2,0.4,8.9,11.3,8.9,8.7,32.7,0.133,2018
13,JJ Redick,PHI,34,70,45,25,30.2,102.4,2.4,7.1,10.3,0.5,9.8,0.1,2.6,11.7,7.7,6.1,25.6,0.132,2018
14,Jrue Holiday,NOP,28,81,47,34,36.1,104.5,3.7,9.5,13.9,1.5,24.8,0.8,16.9,12.4,10.2,10.4,34.3,0.131,2018
15,LaMarcus Aldridge,SAS,32,75,45,30,33.4,103.3,5.2,15.6,21.7,0.6,11.1,1.2,28.4,9.6,8.1,8.4,29.0,0.131,2018
16,Victor Oladipo,IND,26,75,48,27,34.0,104.0,4.6,13.2,19.5,2.4,33.8,0.8,24.7,10.5,9.4,8.5,30.2,0.13,2018
17,Chris Paul,HOU,33,58,50,8,31.8,103.3,4.8,15.1,21.5,1.7,27.7,0.2,7.9,8.8,8.0,7.5,30.8,0.127,2018
18,Eric Gordon,HOU,29,69,55,14,31.2,103.5,2.1,6.5,9.2,0.6,12.1,0.4,12.3,10.3,8.2,7.2,31.5,0.125,2018
19,Josh Richardson,MIA,24,81,44,37,33.2,104.2,2.7,8.0,11.5,1.5,28.0,0.9,24.1,10.6,8.2,7.6,29.5,0.124,2018
20,Russell Westbrook,OKC,29,80,47,33,36.4,105.6,8.2,22.6,32.3,1.8,25.8,0.3,6.9,11.3,9.3,9.0,33.5,0.122,2018
21,Dario Saric,PHI,24,78,49,29,29.6,103.0,4.7,14.7,21.0,0.7,13.1,0.3,8.8,11.2,7.1,6.3,25.4,0.12,2018
22,Kyrie Irving,BOS,26,60,41,19,32.2,104.3,3.2,9.6,13.9,1.1,23.2,0.3,8.6,10.4,7.6,7.2,29.5,0.119,2018
23,Paul George,OKC,28,79,47,32,36.6,106.0,4.7,13.2,19.2,2.0,28.3,0.5,13.7,11.1,9.7,8.8,33.4,0.118,2018
24,Derrick Favors,UTA,26,77,46,31,28.0,102.6,4.6,16.7,23.0,0.7,14.8,1.1,38.5,9.8,6.0,5.9,24.9,0.118,2018
25,Kyle Anderson,SAS,24,74,41,33,26.7,102.0,4.2,15.8,22.4,1.6,33.7,0.8,23.1,8.6,6.6,7.2,25.2,0.118,2018
26,CJ McCollum,POR,26,81,48,33,36.1,105.8,3.3,8.9,12.6,1.0,17.3,0.4,10.8,10.6,8.5,8.9,32.1,0.118,2018
27,Andre Iguodala,GSW,34,64,46,18,25.4,101.3,3.1,10.9,16.4,0.8,20.8,0.6,14.7,10.0,7.1,6.5,24.4,0.117,2018
28,Lonzo Ball,LAL,20,52,24,28,34.2,105.3,5.6,15.3,21.6,1.7,28.0,0.8,21.8,12.3,9.5,9.3,34.8,0.117,2018
29,Dejounte Murray,SAS,21,81,47,34,21.5,98.7,4.3,19.6,27.4,1.2,32.6,0.4,13.4,6.5,5.0,5.5,18.9,0.117,2018
30,Terry Rozier,BOS,24,80,54,26,25.9,101.6,3.9,14.4,21.0,1.0,25.5,0.2,10.5,8.0,6.1,5.5,23.2,0.116,2018
31,Luc Mbah a Moute,HOU,31,61,52,9,25.6,101.7,2.7,10.2,14.2,1.2,24.5,0.4,16.0,7.9,6.3,5.6,24.2,0.115,2018
32,Draymond Green,GSW,28,70,48,22,32.7,105.2,6.6,18.3,27.5,1.4,23.7,1.3,28.1,13.0,9.2,9.3,30.9,0.114,2018
33,Klay Thompson,GSW,28,73,55,18,34.3,105.6,3.4,8.9,13.2,0.8,13.1,0.5,9.0,13.0,9.9,10.4,33.1,0.114,2018
34,Yogi Ferrell,DAL,25,82,24,58,27.8,103.2,2.7,9.7,14.1,0.8,19.1,0.1,4.7,7.6,6.5,7.5,23.2,0.113,2018
35,Trevor Ariza,HOU,33,67,51,16,33.9,105.6,3.9,11.6,16.5,1.5,23.7,0.2,6.0,12.0,8.3,9.2,35.4,0.112,2018
36,Thaddeus Young,IND,30,81,48,33,32.2,105.0,4.0,12.8,18.6,1.7,25.6,0.4,16.1,10.0,8.6,8.5,30.0,0.112,2018
37,Bradley Beal,WAS,25,82,43,39,36.3,106.3,3.7,10.1,14.7,1.2,19.3,0.4,12.8,12.5,9.9,8.4,34.1,0.111,2018
38,Giannis Antetokounmpo,MIL,23,75,39,36,36.7,106.5,8.0,21.8,32.4,1.5,21.7,1.4,32.0,11.3,9.5,7.0,34.4,0.111,2018
39,Al-Farouq Aminu,POR,27,69,40,29,30.0,104.4,6.2,19.8,28.1,1.1,23.4,0.6,15.7,9.0,7.6,7.5,26.9,0.111,2018
40,P.J. Tucker,HOU,33,82,65,17,27.8,103.4,4.4,16.0,22.8,1.0,18.4,0.3,11.5,9.4,7.0,7.0,26.7,0.11,2018
41,Jimmy Butler,MIN,28,59,37,22,36.7,106.4,4.0,11.2,16.4,2.0,28.2,0.4,11.9,11.4,9.6,9.2,33.5,0.11,2018
42,James Harden,HOU,28,72,59,13,35.4,106.2,4.8,13.7,19.3,1.8,26.8,0.7,19.4,11.9,8.8,9.2,35.7,0.11,2018
43,Bojan Bogdanovic,IND,29,80,47,33,30.8,104.9,3.0,9.7,14.2,0.7,12.0,0.1,3.6,9.9,8.5,8.4,29.8,0.109,2018
44,Jusuf Nurkic,POR,23,79,48,31,26.4,103.1,6.6,23.7,33.5,0.8,19.3,1.4,42.0,8.2,6.6,6.4,23.7,0.108,2018
45,Otto Porter Jr.,WAS,25,77,42,35,31.6,105.1,5.1,16.1,23.2,1.5,27.6,0.5,18.1,10.7,8.0,6.7,29.6,0.108,2018
46,Kyle Lowry,TOR,32,78,57,21,32.2,105.5,4.7,14.2,19.9,1.1,22.8,0.2,6.5,10.3,8.6,8.1,30.0,0.108,2018
47,Steven Adams,OKC,24,76,43,33,32.7,105.7,4.0,12.3,17.5,1.2,19.6,1.0,33.9,9.8,8.4,8.1,29.6,0.108,2018
48,Pau Gasol,SAS,37,77,45,32,23.5,101.6,6.4,25.6,36.3,0.3,8.9,1.0,38.2,7.3,6.0,6.4,21.3,0.107,2018
49,Danny Green,SAS,31,70,40,30,25.6,102.7,3.0,11.5,16.1,0.9,21.7,1.1,33.6,7.6,5.8,6.5,22.8,0.107,2018
50,DeMarcus Cousins,NOP,27,48,27,21,36.2,106.6,10.7,29.2,41.3,1.6,28.3,1.6,40.2,13.3,9.0,10.3,33.2,0.106,2018
51,Tyler Johnson,MIA,26,72,39,33,28.5,104.5,3.0,10.5,15.0,0.8,17.9,0.5,16.3,9.1,6.7,6.6,26.3,0.104,2018
52,Aron Baynes,BOS,31,81,54,27,18.3,97.7,3.8,19.6,26.3,0.3,10.2,0.6,37.2,5.6,3.9,3.6,15.4,0.104,2018
53,DeMar DeRozan,TOR,28,80,57,23,33.9,106.5,3.2,9.1,13.0,1.1,22.0,0.3,6.7,10.2,9.0,8.9,32.4,0.103,2018
54,Justise Winslow,MIA,22,68,33,35,24.7,102.9,4.5,17.8,25.2,0.8,20.8,0.5,18.2,7.8,5.5,5.8,21.1,0.103,2018
55,Goran Dragic,MIA,32,75,39,36,31.7,106.0,3.4,10.5,15.2,0.8,17.2,0.2,4.5,10.3,7.7,7.9,29.5,0.101,2018
56,E'Twaun Moore,NOP,29,82,48,34,31.5,106.1,2.2,6.5,9.5,1.0,17.9,0.1,3.6,10.7,8.9,9.4,30.8,0.1,2018
57,Carmelo Anthony,OKC,34,78,46,32,32.1,106.4,4.9,15.8,22.6,0.6,10.0,0.6,20.7,9.7,7.8,8.0,29.7,0.1,2018
58,Blake Griffin,DET,29,58,28,30,34.0,107.0,6.1,17.5,25.4,0.7,12.9,0.3,9.9,11.9,9.5,9.2,30.7,0.099,2018
59,Clint Capela,HOU,24,74,62,12,27.5,104.9,7.6,27.8,38.4,0.8,16.7,1.9,58.1,8.7,6.5,7.1,29.3,0.096,2018
60,Royce O'Neale,UTA,25,69,43,26,16.7,97.6,3.1,17.5,24.5,0.5,19.1,0.2,11.8,5.1,3.7,2.9,14.0,0.096,2018
61,Myles Turner,IND,22,65,39,26,28.2,105.3,5.0,17.4,25.6,0.6,10.7,1.8,58.7,8.1,7.7,6.5,25.2,0.096,2018
62,Kristaps Porzingis,NYK,22,48,22,26,32.4,106.7,5.3,15.4,22.4,0.8,17.5,2.4,57.5,10.6,9.2,7.1,27.5,0.096,2018
63,Wayne Ellington,MIA,30,77,42,35,26.5,104.6,2.5,9.4,13.5,0.7,17.7,0.1,3.5,8.3,6.4,5.4,23.0,0.094,2018
64,Stanley Johnson,DET,22,69,33,36,27.4,105.2,3.2,11.5,16.5,1.4,28.9,0.2,10.4,8.0,6.5,5.8,23.7,0.094,2018
65,Tyreke Evans,MEM,28,52,19,33,30.9,106.4,4.3,13.7,20.8,1.1,23.0,0.3,9.5,9.4,7.5,8.8,25.7,0.094,2018
66,Fred VanVleet,TOR,24,76,55,21,20.0,101.1,2.1,10.2,15.5,0.9,25.4,0.3,8.6,5.4,5.6,3.8,17.8,0.092,2018
67,Marcus Morris Sr.,BOS,28,54,34,20,26.7,105.3,4.6,16.6,24.2,0.6,16.7,0.2,9.0,8.4,6.5,6.8,26.3,0.092,2018
68,Nikola Mirotic,NOP,27,55,34,21,27.2,105.4,6.3,21.3,31.0,0.8,17.0,0.7,22.2,8.6,7.8,7.4,27.6,0.092,2018
69,Brandon Ingram,LAL,20,59,27,32,33.5,107.5,4.4,12.1,17.7,0.8,14.3,0.7,20.2,13.1,9.4,8.6,33.5,0.091,2018
70,Kentavious Caldwell-Pope,LAL,25,74,31,43,33.2,107.4,4.4,12.7,18.1,1.4,27.2,0.2,6.3,11.9,9.2,8.9,34.3,0.091,2018
71,Hassan Whiteside,MIA,29,54,30,24,25.3,105.0,8.2,31.7,44.8,0.7,18.2,1.7,54.7,8.2,5.8,7.4,22.8,0.089,2018
72,Pascal Siakam,TOR,24,81,59,22,20.7,102.3,3.5,16.8,25.2,0.8,20.5,0.5,19.2,6.3,5.3,4.2,18.8,0.089,2018
73,Stephen Curry,GSW,30,51,41,10,32.0,107.7,4.4,12.4,18.5,1.6,27.9,0.2,3.3,12.4,9.0,9.9,32.5,0.089,2018
74,Patty Mills,SAS,29,82,47,35,25.7,105.3,1.6,6.1,9.0,0.7,16.5,0.1,4.4,7.6,6.5,6.6,24.8,0.088,2018
75,Kemba Walker,CHA,28,80,36,44,34.2,108.0,2.7,7.7,10.5,1.1,24.3,0.3,9.0,10.8,7.9,7.6,31.5,0.088,2018
76,Serge Ibaka,TOR,28,76,53,23,27.5,106.1,5.3,18.3,25.6,0.4,10.1,1.3,39.9,8.8,7.5,7.4,26.3,0.088,2018
77,Andre Drummond,DET,24,78,37,41,33.7,108.0,10.9,32.9,46.6,1.5,27.3,1.6,59.3,11.2,8.2,7.6,31.4,0.087,2018
78,James Johnson,MIA,31,73,37,36,26.6,105.8,4.1,14.8,21.6,1.0,23.0,0.7,23.0,8.9,7.1,5.5,24.0,0.087,2018
79,Gary Harris,DEN,23,67,37,30,34.4,108.2,2.1,6.1,8.8,1.8,31.3,0.2,6.8,13.1,7.6,8.7,34.0,0.087,2018
80,Khris Middleton,MIL,26,82,44,38,36.4,108.7,4.7,13.3,19.8,1.5,21.1,0.3,6.2,11.8,9.9,7.5,35.3,0.086,2018
81,Langston Galloway,DET,26,58,28,30,14.9,97.6,1.4,8.9,12.7,0.6,23.8,0.1,7.1,4.2,3.1,2.5,12.6,0.086,2018
82,Delon Wright,TOR,26,69,49,20,20.8,102.7,2.2,10.7,15.9,1.0,27.7,0.5,16.3,6.5,6.0,4.7,19.2,0.086,2018
83,Marcin Gortat,WAS,34,82,43,39,25.3,105.3,5.4,21.3,30.3,0.5,11.7,0.7,32.3,8.7,6.3,5.9,24.2,0.086,2018
84,CJ Miles,TOR,31,70,50,20,19.1,101.8,1.9,9.7,15.1,0.5,16.2,0.3,11.2,5.4,5.7,4.2,17.9,0.085,2018
85,Evan Turner,POR,29,79,48,31,25.7,105.6,2.7,10.0,14.4,0.6,17.3,0.4,13.6,8.1,6.4,6.4,23.5,0.085,2018
86,Kyle Kuzma,LAL,22,77,34,43,31.2,107.5,5.1,15.4,22.7,0.6,13.6,0.4,15.4,11.7,9.0,8.1,31.9,0.085,2018
87,Nikola Jokic,DEN,23,75,43,32,32.6,107.8,8.1,25.4,35.6,1.2,23.5,0.8,28.1,12.4,6.9,8.4,30.7,0.085,2018
88,Nene,HOU,35,52,42,10,14.6,98.1,2.3,15.6,21.6,0.5,17.0,0.3,24.6,4.4,3.7,2.7,11.9,0.084,2018
89,Larry Nance Jr.,CLE,25,66,32,34,21.5,103.9,4.4,19.9,29.7,1.3,30.0,0.6,28.6,7.3,6.2,4.8,21.5,0.084,2018
90,Bam Adebayo,MIA,20,69,34,35,19.8,102.6,3.8,19.4,27.0,0.5,15.9,0.6,26.8,6.9,4.6,4.4,17.7,0.083,2018
91,Kelly Olynyk,MIA,27,76,42,34,23.4,104.6,4.5,20.0,28.5,0.8,20.7,0.5,20.8,7.1,5.4,4.9,21.0,0.083,2018
92,T.J. McConnell,PHI,26,76,50,26,22.5,104.4,2.5,10.0,15.0,1.2,32.9,0.2,6.8,9.6,6.4,5.0,20.1,0.083,2018
93,OG Anunoby,TOR,20,74,51,23,20.0,103.0,1.9,9.0,12.6,0.7,24.0,0.2,7.5,6.5,5.2,5.6,20.3,0.083,2018
94,Andrew Wiggins,MIN,23,82,47,35,36.3,108.9,3.4,9.4,14.0,1.1,17.3,0.6,18.2,11.1,9.7,9.9,33.8,0.083,2018
95,Dwyane Wade,MIA,36,67,37,30,22.9,105.1,3.0,12.4,18.4,0.9,26.2,0.7,32.4,7.9,6.1,5.7,21.3,0.083,2018
96,Rudy Gay,SAS,31,57,36,21,21.6,103.9,3.8,17.5,25.1,0.8,25.3,0.7,30.9,6.9,5.3,5.6,19.7,0.083,2018
97,Aaron Gordon,ORL,22,58,19,39,32.9,108.3,6.4,19.1,27.7,1.0,18.4,0.8,22.5,11.5,8.4,9.0,35.3,0.082,2018
98,Cory Joseph,IND,26,82,48,34,27.0,106.5,2.7,10.1,14.7,1.0,20.9,0.2,9.9,8.2,6.8,6.4,24.2,0.082,2018
99,Reggie Bullock,DET,27,62,32,30,27.9,106.9,2.0,7.2,10.3,0.8,18.2,0.2,8.6,8.8,6.9,6.5,25.6,0.082,2018
100,Nikola Vucevic,ORL,27,57,17,40,29.5,107.5,7.4,24.9,35.1,1.0,18.2,1.1,42.2,10.2,7.2,8.2,30.3,0.082,2018
101,Eric Bledsoe,MIL,28,74,40,34,31.4,107.9,3.1,10.0,15.2,2.0,32.4,0.6,15.0,10.2,9.2,6.8,30.4,0.082,2018
102,Ish Smith,DET,29,82,39,43,24.9,105.9,2.4,9.5,13.5,0.8,20.4,0.2,10.9,7.4,5.9,5.0,22.8,0.081,2018
103,Shabazz Napier,POR,26,74,46,28,20.7,103.6,1.9,9.0,13.0,1.1,37.0,0.2,9.1,6.3,5.2,4.3,18.1,0.081,2018
104,Luke Kennard,DET,22,73,34,39,20.0,103.2,2.1,10.4,14.9,0.6,20.2,0.2,9.6,6.2,4.5,3.4,17.7,0.08,2018
105,Justin Holiday,CHI,29,72,24,48,31.5,108.2,3.6,11.4,15.2,1.1,22.5,0.4,17.5,9.8,7.1,7.9,28.1,0.08,2018
106,Taj Gibson,MIN,33,82,47,35,33.2,108.5,4.8,14.6,21.5,0.8,12.9,0.7,22.7,9.9,9.2,8.9,31.1,0.08,2018
107,Darren Collison,IND,30,69,39,30,29.3,107.5,2.0,7.2,10.5,1.3,23.0,0.2,7.8,8.7,7.9,7.5,27.6,0.08,2018
108,Kevin Durant,GSW,29,68,49,19,34.2,108.9,6.4,16.9,25.6,0.7,13.3,1.8,33.7,13.6,10.1,10.8,34.5,0.08,2018
109,Bryn Forbes,SAS,24,80,46,34,19.0,102.8,1.2,6.5,9.4,0.4,12.2,0.0,1.3,5.9,5.0,4.5,17.7,0.079,2018
110,Domantas Sabonis,IND,22,74,45,29,24.5,105.8,5.5,22.7,33.1,0.5,12.5,0.4,25.0,8.4,6.3,6.3,22.4,0.079,2018
111,John Henson,MIL,27,76,39,37,25.9,106.3,4.8,18.5,26.9,0.6,12.8,1.4,42.6,8.1,6.8,4.7,25.3,0.079,2018
112,Frank Ntilikina,NYK,19,78,28,50,21.9,104.6,1.8,7.9,11.7,0.8,25.6,0.2,9.4,7.9,5.8,4.3,18.6,0.079,2018
113,Will Barton,DEN,27,81,46,35,33.1,108.6,4.2,12.6,18.3,1.0,19.5,0.6,18.6,13.0,7.8,8.8,33.3,0.079,2018
114,Reggie Jackson,DET,28,45,27,18,26.7,106.6,2.1,8.4,12.1,0.6,13.4,0.1,5.3,8.3,6.0,5.9,24.1,0.079,2018
115,Mario Chalmers,MEM,32,66,21,45,21.5,104.8,2.2,10.4,15.7,1.2,30.9,0.2,9.9,8.1,5.4,6.6,18.7,0.079,2018
116,Kyle Korver,CLE,37,73,43,30,21.6,104.5,2.1,9.3,13.7,0.4,13.2,0.4,18.4,6.7,5.8,4.4,19.6,0.079,2018
117,Dillon Brooks,MEM,22,82,22,60,28.7,107.4,2.5,9.2,13.5,0.9,20.6,0.2,7.9,10.1,6.9,8.3,24.5,0.079,2018
118,DeMarre Carroll,BKN,31,73,25,48,29.9,107.8,5.1,16.5,24.3,0.8,20.4,0.4,13.2,9.9,8.8,7.1,29.5,0.078,2018
119,Rajon Rondo,NOP,32,65,41,24,26.2,106.8,3.6,12.4,18.5,1.1,23.8,0.2,4.4,9.3,7.8,8.9,26.6,0.078,2018
120,Dwight Powell,DAL,26,79,23,56,21.2,104.5,3.9,19.0,27.2,0.8,25.7,0.4,33.0,6.3,4.8,6.2,17.9,0.078,2018
121,Ersan Ilyasova,PHI,31,69,36,33,25.1,106.1,4.2,16.1,23.9,0.9,21.8,0.4,14.0,8.4,6.9,6.5,23.0,0.078,2018
122,Anthony Tolliver,DET,33,79,37,42,22.2,105.0,2.4,10.9,15.6,0.4,11.7,0.3,15.4,6.3,4.7,4.3,19.0,0.078,2018
123,Shane Larkin,BOS,25,54,39,15,14.3,98.6,1.4,10.1,14.3,0.5,22.3,0.0,2.9,4.3,3.4,2.6,13.1,0.077,2018
124,Karl-Anthony Towns,MIN,22,82,47,35,35.6,109.2,9.4,27.2,39.7,0.8,13.0,1.4,43.1,10.9,9.3,9.4,33.2,0.077,2018
125,Ryan Anderson,HOU,30,66,52,14,26.1,106.9,3.6,13.9,19.3,0.4,8.7,0.3,13.5,8.8,6.1,7.2,27.5,0.077,2018
126,Doug McDermott,DAL,26,81,30,51,21.8,105.1,2.0,8.7,12.7,0.2,7.4,0.2,9.0,7.8,6.2,4.8,18.7,0.077,2018
127,Amir Johnson,PHI,31,74,47,27,15.8,101.0,2.8,16.9,23.5,0.6,19.7,0.6,40.4,6.6,3.7,3.7,14.2,0.076,2018
128,Joe Johnson,HOU,37,55,35,20,21.9,104.9,2.9,13.0,18.7,0.3,8.7,0.1,6.1,7.2,5.6,4.9,20.6,0.076,2018
129,Dwight Howard,CHA,32,81,35,46,30.4,108.2,9.3,29.5,40.8,0.6,14.7,1.6,49.6,10.1,7.2,7.0,28.2,0.076,2018
130,Avery Bradley,LAC,27,46,22,24,31.2,108.3,2.0,6.8,9.8,1.1,22.4,0.2,7.5,10.1,7.1,6.9,29.0,0.076,2018
131,Jae Crowder,UTA,27,80,52,28,26.1,107.2,2.7,10.3,14.8,0.8,18.1,0.3,11.5,9.1,6.5,6.1,24.7,0.075,2018
132,Tomas Satoransky,WAS,26,73,39,34,22.5,105.6,2.2,9.9,14.2,0.7,20.2,0.2,10.6,8.4,5.6,4.6,21.4,0.074,2018
133,Marvin Williams,CHA,32,78,33,45,25.7,107.1,3.8,14.0,19.3,0.7,20.4,0.5,17.4,8.6,6.1,5.9,23.9,0.074,2018
134,Jeff Green,CLE,31,78,47,31,23.4,106.2,2.4,9.5,14.3,0.5,15.2,0.4,22.4,7.6,6.7,5.0,22.3,0.074,2018
135,Jerami Grant,OKC,24,81,48,33,20.3,104.7,2.9,14.0,21.3,0.4,11.1,1.0,37.0,6.1,6.2,4.3,17.9,0.073,2018
136,Pat Connaughton,POR,25,82,49,33,18.1,103.5,1.5,8.0,11.3,0.3,12.4,0.3,16.7,5.4,4.4,3.9,14.8,0.072,2018
137,Jakob Poeltl,TOR,22,82,59,23,18.6,103.7,2.8,15.0,22.5,0.5,14.8,1.2,52.9,5.7,5.0,4.0,17.2,0.072,2018
138,Harrison Barnes,DAL,26,77,24,53,34.2,109.5,5.1,15.4,21.7,0.6,12.9,0.2,6.7,10.1,8.1,10.0,31.2,0.072,2018
139,D.J. Augustin,ORL,30,75,23,52,23.5,106.3,1.7,7.2,10.7,0.7,19.9,0.0,0.0,8.1,5.8,7.1,23.6,0.072,2018
140,Maurice Harkless,POR,25,59,36,23,21.4,105.5,2.0,9.0,12.7,0.8,23.2,0.7,27.0,7.4,5.1,4.6,18.5,0.072,2018
141,Jordan Clarkson,CLE,26,81,40,41,23.3,106.5,2.0,8.0,12.0,0.7,19.2,0.1,3.7,8.6,6.8,5.4,22.7,0.072,2018
142,Ed Davis,POR,29,78,48,30,18.9,103.9,5.0,25.4,36.4,0.4,17.3,0.7,37.1,5.4,4.6,3.8,15.8,0.071,2018
143,Marco Belinelli,PHI,32,80,39,41,24.3,106.8,1.6,6.6,10.1,0.8,20.1,0.2,6.6,8.6,6.5,5.8,22.5,0.071,2018
144,Markieff Morris,WAS,28,73,37,36,27.0,107.7,4.6,17.3,25.0,0.8,17.3,0.5,22.1,9.7,7.2,6.1,26.2,0.071,2018
145,Wilson Chandler,DEN,31,74,41,33,31.7,109.1,4.0,12.7,18.1,0.6,11.1,0.5,15.7,12.0,7.3,9.1,31.0,0.071,2018
146,Buddy Hield,SAC,25,80,27,53,25.3,107.2,3.2,12.9,19.0,1.1,25.0,0.3,12.6,8.0,6.1,6.0,21.5,0.071,2018
147,Michael Kidd-Gilchrist,CHA,24,74,34,40,25.0,107.2,2.9,11.5,15.6,0.7,19.7,0.4,16.7,8.1,5.4,5.8,24.1,0.071,2018
148,Milos Teodosic,LAC,31,45,29,16,25.2,107.4,2.4,9.0,13.4,0.5,14.3,0.1,5.4,8.9,7.4,8.5,25.2,0.07,2018
149,Robin Lopez,CHI,30,64,23,41,26.4,107.7,2.4,9.3,12.2,0.2,5.5,0.8,37.6,8.4,5.5,6.5,24.0,0.07,2018
150,Kelly Oubre Jr.,WAS,22,81,43,38,27.5,108.2,3.8,13.6,20.2,1.0,22.4,0.4,17.1,10.2,8.4,6.5,26.1,0.07,2018
151,Davis Bertans,SAS,25,77,43,34,14.1,100.6,1.8,12.2,17.8,0.3,14.9,0.4,23.5,4.5,3.8,3.3,12.7,0.069,2018
152,J.J. Barea,DAL,34,69,23,46,23.2,106.8,2.7,12.0,17.0,0.5,15.5,0.0,2.7,6.8,5.5,7.3,19.9,0.069,2018
153,Allen Crabbe,BKN,26,75,25,50,29.3,108.8,3.9,13.0,19.0,0.6,16.1,0.5,15.7,9.7,8.4,6.9,29.6,0.069,2018
154,Shaun Livingston,GSW,32,71,49,22,15.9,102.2,1.4,8.0,12.1,0.5,18.5,0.3,10.2,6.0,4.6,4.3,14.6,0.069,2018
155,Spencer Dinwiddie,BKN,25,80,28,52,28.8,108.6,2.7,9.4,13.4,0.9,23.4,0.3,10.6,9.4,7.8,6.6,28.1,0.068,2018
156,Dirk Nowitzki,DAL,40,77,24,53,24.7,107.5,5.4,22.7,31.7,0.6,16.3,0.6,38.8,7.0,5.6,8.4,21.5,0.068,2018
157,Isaiah Taylor,ATL,23,67,18,49,17.4,103.9,1.1,5.8,8.4,0.5,18.4,0.1,10.6,6.1,4.5,4.1,15.1,0.068,2018
158,John Collins,ATL,20,74,21,53,24.1,107.3,4.9,20.1,30.3,0.6,15.0,1.1,48.5,9.0,6.4,6.7,21.4,0.068,2018
159,Tim Hardaway Jr.,NYK,26,57,19,38,33.1,109.8,3.4,9.9,14.4,1.1,23.8,0.2,5.5,10.6,9.0,8.3,29.3,0.067,2018
160,Manu Ginobili,SAS,40,65,39,26,20.0,105.6,1.9,9.3,14.0,0.7,22.6,0.2,10.8,6.7,5.7,5.5,18.3,0.067,2018
161,Caris LeVert,BKN,23,71,25,46,26.2,108.2,2.9,10.4,15.3,1.2,33.3,0.3,12.4,9.6,7.7,6.2,25.2,0.067,2018
162,Marc Gasol,MEM,33,73,21,52,33.0,109.7,7.0,22.5,32.8,0.7,15.5,1.4,43.2,11.5,7.3,10.3,28.1,0.067,2018
163,Daniel Theis,BOS,26,63,44,19,14.9,101.9,2.9,18.9,27.8,0.5,22.2,0.8,47.1,4.9,3.4,3.3,12.6,0.066,2018
164,Timothe Luwawu-Cabarrot,PHI,23,52,29,23,15.5,102.7,1.1,6.4,9.3,0.2,11.1,0.1,6.0,6.4,3.9,4.2,13.5,0.066,2018
165,Julius Randle,LAL,23,82,35,47,26.7,108.4,5.8,20.2,29.2,0.5,14.2,0.5,21.7,10.5,7.1,7.4,27.2,0.065,2018
166,Malcolm Brogdon,MIL,25,48,25,23,29.9,109.2,2.8,9.7,14.3,0.9,16.6,0.3,9.1,9.5,7.6,5.6,28.5,0.065,2018
167,Denzel Valentine,CHI,24,77,26,51,27.2,108.6,4.5,16.8,22.9,0.8,19.8,0.1,6.8,9.4,6.1,6.4,24.5,0.065,2018
168,Nicolas Batum,CHA,29,64,27,37,31.0,109.6,3.9,12.4,17.1,1.0,23.6,0.4,10.7,10.0,7.3,7.2,30.5,0.065,2018
169,Devin Harris,DEN,35,71,33,38,18.9,105.3,1.6,8.5,12.3,0.7,23.7,0.2,9.6,6.6,4.9,5.5,16.5,0.065,2018
170,Jeff Teague,MIN,30,70,41,29,33.0,110.0,2.6,8.1,12.1,1.5,25.7,0.3,11.2,10.3,8.8,9.7,30.4,0.065,2018
171,Ekpe Udoh,UTA,31,63,36,27,12.9,100.3,1.3,10.5,15.1,0.7,25.0,1.2,67.3,4.1,2.8,2.3,11.1,0.064,2018
172,Shelvin Mack,ORL,28,69,21,48,19.8,105.7,2.1,10.2,15.7,0.8,25.5,0.1,5.6,7.1,5.1,4.9,18.1,0.064,2018
173,Tony Parker,SAS,36,55,32,23,19.5,105.8,1.6,8.3,12.0,0.5,16.7,0.0,0.9,6.1,5.4,6.1,18.7,0.063,2018
174,Jeremy Lamb,CHA,26,80,36,44,24.6,107.9,3.4,14.0,19.4,0.8,22.5,0.4,17.7,7.1,5.0,5.2,22.2,0.063,2018
175,Garrett Temple,SAC,32,65,23,42,24.8,108.1,2.0,8.4,12.3,0.9,21.1,0.4,18.0,8.0,6.0,6.3,21.0,0.063,2018
176,Ivica Zubac,LAL,21,43,19,24,9.5,94.7,1.8,16.8,23.3,0.2,13.3,0.3,34.9,3.3,2.0,2.2,8.5,0.063,2018
177,Jawun Evans,LAC,21,48,24,24,16.2,104.1,1.6,9.2,14.5,0.8,24.8,0.1,7.0,5.8,4.6,5.1,14.0,0.063,2018
178,Jonas Valanciunas,TOR,26,77,56,21,22.4,107.2,6.2,26.3,36.8,0.4,13.8,0.9,34.3,7.3,6.1,6.2,21.2,0.063,2018
179,Lou Williams,LAC,31,79,42,37,32.8,110.2,2.0,5.9,8.9,1.1,21.8,0.2,7.5,12.1,9.8,10.7,32.2,0.063,2018
180,Kent Bazemore,ATL,28,65,19,46,27.5,108.9,3.4,12.4,18.9,1.5,31.2,0.7,25.0,10.5,8.1,7.4,26.1,0.063,2018
181,Semi Ojeleye,BOS,23,73,50,23,15.8,103.6,1.7,10.6,15.3,0.3,11.9,0.1,4.3,5.4,3.6,2.9,15.1,0.063,2018
182,Joe Harris,BKN,26,78,27,51,25.3,108.4,2.7,10.1,14.6,0.4,16.1,0.3,11.0,9.5,6.7,6.0,24.4,0.062,2018
183,Eric Moreland,DET,26,67,32,35,12.0,99.3,2.9,24.3,36.9,0.5,21.2,0.8,72.9,3.0,2.4,1.6,10.0,0.062,2018
184,Frank Mason III,SAC,24,52,17,35,18.9,105.4,1.9,10.7,16.1,0.7,19.8,0.2,10.4,5.4,4.8,4.0,16.4,0.062,2018
185,Ian Clark,NOP,27,74,43,31,19.7,106.0,1.6,7.4,11.2,0.4,14.2,0.1,5.8,7.3,5.9,5.4,20.3,0.062,2018
186,Wesley Johnson,LAC,30,74,38,36,20.1,106.5,2.5,12.2,17.9,1.0,28.5,0.8,38.8,7.6,5.4,6.3,18.4,0.062,2018
187,Evan Fournier,ORL,25,57,20,37,32.2,110.3,2.8,8.4,12.6,0.8,14.9,0.3,8.7,11.2,8.8,8.2,34.4,0.062,2018
188,Dewayne Dedmon,ATL,28,62,18,44,24.9,108.3,6.3,24.9,35.5,0.6,16.0,0.8,35.9,9.4,6.3,6.3,21.7,0.061,2018
189,Rodney Hood,CLE,25,60,29,31,26.9,108.9,2.4,9.1,13.0,0.8,17.6,0.2,8.5,8.8,6.3,5.6,24.7,0.061,2018
190,Tyus Jones,MIN,22,82,47,35,17.9,105.2,1.4,8.3,12.2,1.2,35.1,0.1,4.7,5.4,4.8,4.1,17.5,0.061,2018
191,Dante Cunningham,BKN,31,73,34,39,21.4,107.3,3.0,13.3,19.7,0.5,15.9,0.4,18.3,7.9,5.7,6.6,21.8,0.061,2018
192,Jamal Murray,DEN,21,81,46,35,31.7,110.2,2.7,8.7,12.3,1.0,19.0,0.3,11.5,11.5,7.1,8.3,30.9,0.06,2018
193,Rondae Hollis-Jefferson,BKN,23,68,26,42,28.2,109.6,5.3,17.5,25.5,1.0,27.1,0.7,23.3,10.3,7.7,7.4,28.9,0.059,2018
194,Willie Cauley-Stein,SAC,24,73,23,50,28.0,109.6,5.2,19.7,29.1,1.1,22.4,0.9,38.1,9.8,6.0,7.7,23.9,0.059,2018
195,David West,GSW,37,73,52,21,13.7,101.7,2.4,16.3,24.2,0.6,27.0,1.0,44.4,5.0,4.1,3.4,13.0,0.059,2018
196,Tobias Harris,LAC,25,80,39,41,33.3,110.6,4.7,14.5,20.9,0.9,17.2,0.4,18.5,11.1,8.3,8.6,32.0,0.059,2018
197,Dennis Smith Jr.,DAL,20,69,22,47,29.7,110.1,3.0,10.6,15.0,1.0,23.1,0.3,11.7,8.9,6.9,9.0,27.0,0.058,2018
198,Raymond Felton,OKC,34,82,48,34,16.6,104.7,1.6,9.7,15.0,0.6,20.9,0.2,10.7,4.5,5.0,3.0,14.7,0.058,2018
199,Jarell Martin,MEM,24,73,21,52,22.7,108.1,3.0,13.9,20.8,0.5,15.3,0.7,27.5,8.0,5.6,6.2,19.2,0.058,2018
200,Quincy Acy,BKN,27,70,26,44,19.4,106.7,3.1,15.3,22.1,0.5,19.4,0.4,23.8,7.0,5.4,4.2,16.9,0.058,2018
201,Trevor Booker,IND,30,68,36,32,17.0,105.7,3.0,17.2,25.0,0.4,14.7,0.3,20.6,6.4,4.7,3.7,15.0,0.058,2018
202,DeAndre Jordan,LAC,29,77,39,38,31.5,110.3,10.9,33.9,48.5,0.5,10.8,0.9,33.8,11.3,8.2,10.4,29.0,0.058,2018
203,Noah Vonleh,CHI,22,54,24,30,16.2,104.6,4.5,26.5,36.7,0.4,14.7,0.3,23.3,5.7,4.0,3.1,13.7,0.058,2018
204,James Ennis III,DET,27,72,25,47,22.3,107.9,2.1,9.6,14.3,0.7,19.3,0.3,9.8,7.6,5.5,5.7,20.6,0.058,2018
205,Malcolm Delaney,ATL,29,54,16,38,18.8,106.4,1.7,9.0,13.9,0.6,21.7,0.1,7.4,6.7,5.2,4.7,16.3,0.057,2018
206,Maxi Kleber,DAL,26,72,20,52,16.8,105.3,2.3,13.7,19.2,0.4,16.0,0.7,38.2,4.4,3.8,5.0,15.1,0.057,2018
207,Kosta Koufos,SAC,29,71,22,49,19.6,106.8,4.5,23.6,34.5,0.7,21.8,0.5,26.7,5.4,5.0,4.2,16.9,0.057,2018
208,Jonas Jerebko,UTA,31,74,45,29,15.3,104.2,2.6,17.5,24.4,0.3,12.3,0.2,12.4,5.1,3.4,2.6,13.6,0.057,2018
209,Wes Iwundu,ORL,23,62,18,44,16.5,104.9,1.6,10.0,14.7,0.5,20.5,0.2,13.0,5.1,3.7,4.7,15.5,0.057,2018
210,Josh Hart,LAL,23,63,27,36,23.2,108.3,3.5,14.3,20.9,0.7,21.6,0.3,13.0,8.6,6.1,5.9,22.9,0.057,2018
211,Josh Huestis,OKC,26,69,43,26,14.2,103.2,1.7,11.7,17.6,0.2,10.0,0.6,31.4,4.0,3.8,3.1,12.1,0.057,2018
212,Jarrett Jack,NYK,34,62,26,36,25.0,109.0,2.7,10.6,15.4,0.6,18.3,0.1,2.3,8.6,6.4,6.2,22.3,0.057,2018
213,Brook Lopez,LAL,30,74,34,40,23.4,108.6,3.0,12.0,16.7,0.4,11.0,1.3,54.1,8.6,6.7,6.6,23.8,0.056,2018
214,Alec Burks,UTA,26,64,37,27,16.5,105.3,2.7,16.8,23.4,0.6,22.3,0.1,7.4,5.8,3.6,3.1,14.8,0.056,2018
215,Andrew Harrison,MEM,23,56,17,39,23.7,108.5,1.9,8.5,12.4,0.7,21.0,0.5,19.4,7.6,5.2,7.4,19.3,0.056,2018
216,Wesley Matthews,DAL,31,63,20,43,33.8,111.0,2.7,8.5,12.2,1.2,24.1,0.3,9.5,10.1,7.9,10.3,30.5,0.056,2018
217,Omri Casspi,GSW,30,53,40,13,14.0,103.4,3.2,20.5,30.7,0.3,14.4,0.4,15.7,5.4,4.3,4.4,14.3,0.056,2018
218,Darius Miller,NOP,28,82,48,34,23.7,108.7,1.8,7.0,10.4,0.3,9.3,0.2,7.9,8.4,7.0,6.7,24.1,0.056,2018
219,Nick Young,GSW,33,80,56,24,17.4,106.0,1.3,7.1,10.6,0.5,17.0,0.1,3.2,7.0,4.6,5.1,17.5,0.055,2018
220,Tyler Zeller,MIL,28,66,27,39,16.8,106.0,3.0,16.8,23.4,0.2,10.0,0.5,36.5,6.1,4.0,4.8,16.3,0.055,2018
221,Nemanja Bjelica,MIN,30,67,38,29,20.5,107.8,3.3,16.4,23.5,0.7,23.1,0.2,17.2,6.8,5.0,5.8,19.8,0.055,2018
222,Sindarius Thornwell,LAC,23,73,36,37,15.8,105.4,1.5,8.6,12.8,0.7,26.7,0.3,22.9,5.9,4.5,4.8,14.2,0.054,2018
223,Jason Terry,MIL,40,51,27,24,16.0,105.5,0.8,5.6,8.3,0.8,25.8,0.3,16.0,5.5,4.0,3.9,16.1,0.054,2018
224,Lauri Markkanen,CHI,21,68,23,45,29.7,110.5,6.3,21.7,28.8,0.6,12.7,0.6,25.5,10.7,6.4,7.4,27.7,0.054,2018
225,Mike Muscala,ATL,26,53,14,39,20.0,107.9,3.3,15.2,21.8,0.6,18.9,0.5,29.3,7.1,4.9,5.5,18.0,0.053,2018
226,Kyle O'Quinn,NYK,28,77,28,49,18.0,106.8,4.5,24.2,36.3,0.5,18.1,1.3,56.6,6.6,4.9,3.6,14.9,0.053,2018
227,Kris Dunn,CHI,24,52,19,33,29.3,110.6,3.8,13.1,17.7,2.0,40.3,0.5,21.4,10.3,6.7,6.9,28.2,0.053,2018
228,Sam Dekker,LAC,24,73,36,37,12.1,102.5,1.8,13.6,20.9,0.3,16.3,0.1,10.1,4.2,3.1,4.3,11.4,0.053,2018
229,Lucas Nogueira,TOR,25,49,36,13,8.5,96.2,1.4,16.0,24.3,0.5,25.8,0.9,60.6,2.3,2.6,1.7,7.5,0.053,2018
230,Jordan Bell,GSW,23,57,43,14,14.2,104.3,2.6,16.2,24.3,0.6,24.8,1.0,36.8,5.1,4.3,4.1,13.6,0.053,2018
231,Courtney Lee,NYK,32,76,27,49,30.4,110.8,2.6,8.2,12.2,1.1,26.0,0.2,6.5,11.2,8.4,7.9,28.1,0.053,2018
232,Justin Jackson,SAC,23,68,21,47,22.2,108.8,2.4,10.9,15.7,0.4,12.4,0.2,9.8,7.5,5.0,5.8,19.7,0.053,2018
233,Vince Carter,SAC,41,58,20,38,17.7,106.7,2.2,13.0,19.5,0.7,22.8,0.4,28.0,5.4,4.3,4.3,14.4,0.052,2018
234,Richaun Holmes,PHI,24,48,30,18,15.5,105.7,3.2,18.2,27.0,0.4,16.1,0.6,42.0,5.9,4.7,3.6,14.3,0.052,2018
235,Miles Plumlee,ATL,29,55,19,36,16.7,106.4,2.7,16.0,22.9,0.3,14.4,0.5,38.0,6.9,4.3,5.3,15.6,0.052,2018
236,Marreese Speights,ORL,30,52,15,37,13.0,103.4,2.2,15.2,24.0,0.2,12.5,0.4,40.7,4.3,3.7,3.5,11.5,0.052,2018
237,Tyler Ennis,LAL,23,54,22,32,12.7,103.0,1.4,10.1,14.6,0.6,32.3,0.2,16.1,4.6,3.5,2.9,12.3,0.052,2018
238,Lance Thomas,NYK,30,73,25,48,18.5,107.3,1.8,9.8,14.3,0.4,16.2,0.2,11.7,7.2,4.7,4.7,16.7,0.052,2018
239,Brandon Paul,SAS,27,64,38,26,9.0,98.5,1.0,10.9,16.0,0.4,25.5,0.1,12.3,3.6,2.2,2.1,8.1,0.051,2018
240,Tony Snell,MIL,26,75,42,33,27.4,110.3,1.8,6.6,10.0,0.6,12.9,0.4,12.4,9.5,7.3,5.7,27.7,0.051,2018
241,Ian Mahinmi,WAS,31,77,42,35,14.9,105.2,2.3,15.6,23.3,0.5,19.9,0.5,41.6,5.6,4.2,3.1,13.0,0.051,2018
242,Khem Birch,ORL,25,42,14,28,13.8,104.0,2.6,19.1,27.9,0.4,15.5,0.5,37.5,4.1,2.6,3.3,12.0,0.051,2018
243,Mike Scott,WAS,29,76,39,37,18.5,107.6,2.6,14.1,20.8,0.3,11.0,0.1,8.5,6.6,5.0,4.3,16.7,0.051,2018
244,Jarrett Allen,BKN,20,72,25,47,20.0,108.2,3.4,15.7,23.9,0.4,15.2,1.2,53.3,7.1,6.3,4.4,20.1,0.05,2018
245,Jerian Grant,CHI,25,74,24,50,22.8,109.1,1.9,8.4,11.6,0.9,26.3,0.1,7.3,8.0,5.3,5.4,20.5,0.05,2018
246,Channing Frye,LAL,35,53,28,25,13.1,103.7,2.3,16.4,24.5,0.3,20.5,0.2,23.2,4.4,3.3,2.3,11.8,0.05,2018
247,Montrezl Harrell,LAC,24,76,39,37,17.0,107.0,2.7,14.6,22.5,0.5,17.5,0.7,38.2,6.1,5.0,5.0,15.8,0.05,2018
248,Damyean Dotson,NYK,24,44,11,33,10.8,101.4,1.7,14.2,21.6,0.3,17.4,0.0,3.9,3.8,3.6,2.4,9.2,0.05,2018
249,JaMychal Green,MEM,28,55,11,44,28.0,110.5,5.8,21.8,31.0,0.6,14.5,0.5,18.7,10.2,6.0,8.2,24.3,0.05,2018
250,Sterling Brown,MIL,23,54,26,28,14.4,105.0,2.1,14.7,23.0,0.6,22.3,0.2,14.9,4.8,4.4,3.6,14.7,0.05,2018
251,Mason Plumlee,DEN,28,74,40,34,19.5,108.2,3.6,18.2,27.1,0.7,21.3,1.1,47.9,8.0,5.0,5.3,18.5,0.05,2018
252,Patrick Patterson,OKC,29,82,48,34,15.5,105.7,2.0,12.8,19.8,0.6,21.5,0.3,14.7,4.1,4.7,3.1,14.1,0.05,2018
253,Kevon Looney,GSW,22,66,45,21,13.8,104.6,2.0,13.5,19.9,0.5,25.8,0.8,41.2,4.8,3.3,4.2,13.0,0.05,2018
254,Jameer Nelson,DET,36,50,25,25,20.3,108.7,1.8,8.8,13.1,0.5,18.1,0.1,4.7,7.9,5.6,4.5,18.6,0.049,2018
255,Skal Labissiere,SAC,22,60,19,41,20.7,108.8,3.2,15.7,23.2,0.4,12.6,0.8,42.2,6.7,5.8,4.8,19.0,0.049,2018
256,Lance Stephenson,IND,27,82,48,34,22.6,109.4,4.4,20.3,29.5,0.6,16.0,0.2,11.4,7.3,5.5,5.7,21.3,0.049,2018
257,Dwayne Bacon,CHA,22,53,25,28,13.5,104.7,2.3,15.8,21.4,0.3,16.3,0.0,4.0,3.8,3.2,3.0,12.5,0.049,2018
258,David Nwaba,CHI,25,70,26,44,23.5,109.7,3.4,14.2,20.0,0.8,22.6,0.4,23.0,7.9,6.0,5.2,22.6,0.049,2018
259,LeBron James,CLE,33,82,50,32,36.9,112.1,7.5,20.1,29.1,1.4,26.0,0.9,28.9,12.6,9.7,9.1,36.2,0.049,2018
260,Josh Jackson,PHX,21,77,19,58,25.4,110.3,3.3,12.3,18.3,1.0,27.5,0.5,19.9,9.9,7.4,8.1,25.6,0.048,2018
261,Salah Mejri,DAL,32,61,21,40,11.9,103.1,2.6,21.6,31.2,0.4,21.2,1.1,68.4,3.0,3.5,3.0,9.4,0.048,2018
262,Zach Collins,POR,20,66,41,25,15.8,106.3,2.7,16.3,22.8,0.3,14.7,0.5,34.8,4.5,3.7,3.8,13.0,0.048,2018
263,Bobby Portis,CHI,23,73,25,48,22.5,109.5,4.6,20.7,29.5,0.7,18.2,0.3,21.7,7.1,5.5,5.1,20.3,0.048,2018
264,Austin Rivers,LAC,25,61,30,31,33.7,111.6,1.9,5.8,8.5,1.2,23.3,0.3,9.2,11.9,8.7,11.1,32.7,0.048,2018
265,Marquese Chriss,PHX,20,72,19,53,21.2,109.2,4.4,20.0,29.3,0.7,21.0,1.0,41.4,9.0,5.9,6.3,21.6,0.047,2018
266,Trey Lyles,DEN,22,73,41,32,19.1,108.4,4.0,21.5,30.7,0.4,14.4,0.5,22.2,7.0,3.6,4.6,18.3,0.047,2018
267,Taurean Prince,ATL,24,82,24,58,30.0,111.4,4.1,13.8,20.3,1.0,20.7,0.5,18.1,11.8,8.2,8.5,28.7,0.047,2018
268,Mario Hezonja,ORL,23,75,21,54,22.1,109.6,3.2,14.4,21.9,1.1,30.7,0.4,19.4,8.0,6.4,5.7,21.7,0.046,2018
269,Alex Abrines,OKC,24,75,42,33,15.1,106.5,1.2,7.9,12.2,0.5,19.0,0.1,6.7,4.3,4.3,3.2,13.5,0.046,2018
270,Tyler Ulis,PHX,22,71,20,51,23.4,110.0,1.5,6.1,9.0,1.0,28.9,0.1,4.7,9.1,6.3,7.1,22.6,0.046,2018
271,Michael Carter-Williams,CHA,26,52,23,29,16.1,106.9,1.9,13.1,18.4,0.8,31.7,0.4,29.5,4.2,2.8,3.0,14.5,0.046,2018
272,Devin Booker,PHX,21,54,16,38,34.5,112.2,4.0,11.2,16.4,0.9,17.3,0.3,7.7,14.2,9.3,11.6,33.9,0.046,2018
273,Jonathon Simmons,ORL,28,69,21,48,29.4,111.4,2.6,8.7,13.0,0.8,19.3,0.2,7.6,11.3,7.8,7.6,30.6,0.045,2018
274,Norman Powell,TOR,25,70,51,19,15.2,106.7,1.5,10.0,15.0,0.5,19.5,0.2,13.8,5.4,4.5,3.1,14.4,0.045,2018
275,Corey Brewer,OKC,32,72,32,40,16.8,108.1,1.5,8.9,13.2,1.1,36.2,0.2,13.0,6.3,4.9,4.9,16.9,0.045,2018
276,Frank Kaminsky,CHA,25,79,35,44,23.2,110.0,3.1,13.9,19.1,0.5,14.0,0.2,12.7,6.4,4.7,4.7,22.1,0.045,2018
277,Bogdan Bogdanovic,SAC,25,78,26,52,27.9,111.2,2.5,9.4,13.8,0.9,21.0,0.2,9.0,9.2,6.5,7.1,24.7,0.044,2018
278,Kevin Love,CLE,29,59,37,22,28.0,111.3,7.5,27.4,38.7,0.7,16.9,0.4,20.3,10.3,7.1,6.8,27.8,0.043,2018
279,Dennis Schroder,ATL,24,67,21,46,31.0,111.8,2.4,8.1,12.1,1.1,19.6,0.1,2.9,11.8,8.7,8.7,30.1,0.043,2018
280,Jared Dudley,PHX,32,48,7,41,14.3,106.4,1.8,12.6,19.4,0.5,22.4,0.2,21.2,4.6,3.1,3.6,12.5,0.043,2018
281,Dragan Bender,PHX,20,82,21,61,25.2,110.9,3.9,14.9,21.7,0.3,8.0,0.6,29.1,9.5,7.0,7.7,24.9,0.043,2018
282,Treveon Graham,CHA,24,63,28,35,16.7,108.0,1.3,7.9,10.7,0.5,20.8,0.0,2.6,4.8,3.8,3.3,14.9,0.043,2018
283,Willy Hernangomez,CHA,24,48,20,28,10.3,103.1,2.5,24.8,34.4,0.4,23.7,0.3,39.0,3.8,2.6,2.4,9.0,0.043,2018
284,T.J. Warren,PHX,24,65,18,47,33.0,112.2,3.2,9.3,13.9,1.0,22.8,0.6,17.9,13.1,9.5,10.7,33.6,0.042,2018
285,Tyler Dorsey,ATL,22,56,15,41,17.4,108.7,2.0,11.2,15.5,0.3,14.7,0.1,7.1,6.8,4.1,5.6,16.3,0.042,2018
286,Jose Calderon,CLE,36,57,33,24,16.0,107.7,1.2,7.9,11.2,0.5,18.6,0.0,3.0,5.2,4.0,3.6,15.6,0.042,2018
287,Tyson Chandler,PHX,35,46,15,31,25.0,111.1,6.2,24.1,34.8,0.3,10.7,0.6,27.0,10.1,7.0,8.3,23.4,0.04,2018
288,Zaza Pachulia,GSW,34,69,47,22,14.1,107.1,3.4,22.3,32.4,0.6,24.4,0.2,15.0,5.1,3.7,4.4,14.6,0.04,2018
289,De'Aaron Fox,SAC,20,73,24,49,27.7,111.8,2.3,8.7,12.9,1.0,21.1,0.3,12.3,9.5,7.0,7.7,25.2,0.04,2018
290,Michael Beasley,NYK,29,74,24,50,22.3,110.6,4.3,19.1,28.4,0.5,14.9,0.6,24.7,8.1,6.1,5.4,20.6,0.04,2018
291,Enes Freedom,NYK,26,71,27,44,25.8,111.5,7.1,27.9,40.3,0.5,14.4,0.5,23.0,9.7,6.5,7.4,24.8,0.039,2018
292,Greg Monroe,BOS,28,51,21,30,20.4,110.5,4.7,24.4,36.5,0.9,27.0,0.5,32.4,8.3,4.8,6.4,22.0,0.038,2018
293,Willie Reed,DET,28,42,20,22,10.2,105.1,2.0,20.5,31.4,0.2,12.0,0.5,50.0,4.2,3.0,3.3,10.1,0.038,2018
294,Alex Len,PHX,25,69,20,49,20.2,110.4,5.0,22.8,33.8,0.4,13.8,0.9,41.8,7.7,5.6,5.6,19.2,0.038,2018
295,Tarik Black,HOU,26,51,40,11,10.5,105.0,2.0,18.1,26.3,0.4,23.1,0.6,57.7,4.7,2.7,3.0,10.2,0.038,2018
296,George Hill,CLE,32,67,28,39,27.0,111.8,2.1,8.1,11.6,0.9,21.7,0.4,17.9,8.6,6.6,6.7,24.8,0.037,2018
297,Luke Babbitt,MIA,29,50,15,35,14.3,108.3,1.8,12.3,18.5,0.2,6.5,0.1,11.5,4.7,3.4,3.2,12.9,0.036,2018
298,Tim Frazier,WAS,27,59,31,28,14.2,108.0,1.6,12.1,17.6,0.8,32.9,0.1,11.3,4.8,3.6,2.7,12.0,0.036,2018
299,Deyonta Davis,MEM,21,62,16,46,15.2,109.3,2.8,18.2,28.8,0.2,9.7,0.6,36.8,6.1,4.9,4.7,14.5,0.034,2018
300,Arron Afflalo,ORL,32,53,16,37,12.9,107.6,1.2,8.2,13.1,0.1,5.2,0.2,12.2,4.9,3.6,3.4,12.2,0.034,2018
301,Patrick McCaw,GSW,22,57,41,16,16.9,109.8,1.2,6.5,10.1,0.8,25.4,0.2,5.9,6.6,4.9,4.9,18.1,0.034,2018
302,Malik Beasley,DEN,21,62,34,28,9.4,105.3,0.9,9.5,13.9,0.2,17.2,0.1,12.5,3.9,2.3,2.1,8.8,0.034,2018
303,D'Angelo Russell,BKN,22,48,16,32,25.7,112.4,3.3,12.2,18.6,0.8,20.3,0.4,11.8,9.9,8.2,7.5,28.5,0.033,2018
304,Jodie Meeks,WAS,30,77,41,36,14.5,109.2,1.4,10.2,15.2,0.4,17.2,0.1,5.1,5.2,4.0,3.2,13.8,0.033,2018
305,Joe Young,IND,26,53,28,25,10.5,106.7,1.0,9.1,13.2,0.3,17.5,0.0,2.7,3.2,2.7,3.0,10.7,0.031,2018
306,Gorgui Dieng,MIN,28,79,45,34,16.9,110.5,3.2,20.1,30.4,0.6,19.8,0.5,40.2,5.6,4.6,4.7,16.5,0.031,2018
307,Joffrey Lauvergne,SAS,26,55,30,25,9.7,106.3,2.0,20.7,31.8,0.2,9.5,0.1,7.0,3.8,2.7,2.4,10.0,0.031,2018
308,Abdel Nader,BOS,24,48,33,15,10.9,107.3,1.2,11.1,14.9,0.3,20.0,0.2,23.3,4.8,2.3,3.0,9.8,0.031,2018
309,Ben McLemore,MEM,25,56,7,49,19.5,111.4,1.9,10.1,15.0,0.7,21.7,0.3,13.5,8.5,4.8,6.2,17.4,0.031,2018
310,Emmanuel Mudiay,NYK,22,64,29,35,19.4,111.5,2.0,9.9,14.7,0.6,23.8,0.2,8.3,8.5,5.1,5.3,18.9,0.03,2018
311,Paul Zipser,CHI,24,54,17,37,15.3,109.9,2.2,14.7,21.5,0.4,17.4,0.3,25.9,5.1,3.8,3.2,14.9,0.03,2018
312,Cedi Osman,CLE,23,61,35,26,11.0,107.9,1.7,14.9,21.0,0.4,21.8,0.0,6.1,3.9,2.9,2.4,10.1,0.029,2018
313,Thon Maker,MIL,21,74,40,34,16.7,110.8,2.0,13.0,21.1,0.5,16.7,0.7,41.7,5.4,5.0,3.6,16.6,0.029,2018
314,Cristiano Felicio,CHI,25,55,13,42,17.8,111.2,2.7,15.8,22.0,0.3,10.5,0.2,18.3,6.6,4.2,4.1,15.9,0.028,2018
315,JR Smith,CLE,32,80,49,31,28.1,113.2,2.6,9.2,13.5,0.9,20.9,0.1,6.6,10.0,7.7,6.9,28.5,0.028,2018
316,Bismack Biyombo,ORL,25,82,25,57,18.2,111.4,4.0,20.9,33.3,0.3,10.1,1.2,52.5,7.1,5.7,5.0,18.3,0.027,2018
317,Terrance Ferguson,OKC,20,61,37,24,12.5,109.4,0.5,3.8,5.7,0.4,18.9,0.2,12.0,4.1,3.7,3.6,11.6,0.027,2018
318,JaVale McGee,GSW,30,65,45,20,9.5,107.9,1.7,16.6,24.6,0.3,21.0,0.9,49.6,4.2,2.6,2.9,9.6,0.025,2018
319,Sean Kilpatrick,CHI,28,52,22,30,12.3,110.3,1.6,13.1,18.5,0.3,11.9,0.1,10.6,4.5,2.8,2.7,11.8,0.023,2018
320,Jamal Crawford,MIN,38,80,45,35,20.7,112.8,1.0,5.0,7.6,0.5,15.9,0.1,6.6,7.2,5.8,5.6,20.8,0.023,2018
321,Cheick Diallo,NOP,21,52,29,23,11.2,110.0,3.2,26.2,39.0,0.2,14.3,0.4,36.8,4.5,3.0,2.6,11.5,0.022,2018
322,Tristan Thompson,CLE,27,53,27,26,20.2,113.2,4.3,21.0,28.7,0.3,11.6,0.3,24.6,7.7,4.4,5.8,20.2,0.02,2018
323,Troy Daniels,PHX,26,79,20,59,20.5,113.3,1.5,6.9,10.5,0.3,11.9,0.1,3.8,8.4,5.6,5.6,20.3,0.02,2018
324,DeAndre Liggins,NOP,30,58,34,24,12.5,111.2,1.2,10.0,15.6,0.6,28.9,0.2,17.1,3.9,2.8,2.9,12.1,0.019,2018
325,Malik Monk,CHA,20,63,26,37,13.5,112.6,0.9,6.9,9.7,0.3,16.5,0.1,14.1,4.6,3.0,3.5,13.8,0.016,2018
326,Zach Randolph,SAC,36,59,18,41,25.6,114.7,5.1,21.5,30.4,0.7,18.1,0.2,9.5,9.3,5.9,8.2,23.3,0.014,2018
327,Marcus Georges-Hunt,MIN,24,42,24,18,5.3,109.9,0.2,4.3,7.0,0.1,12.5,0.0,0.0,1.5,2.0,1.4,4.9,0.011,2018
328,T.J. Leaf,IND,21,53,31,22,8.7,113.1,1.0,11.9,18.2,0.1,7.7,0.1,12.5,2.6,2.5,2.2,9.1,0.009,2018
329,Elfrid Payton,PHX,24,63,13,50,28.7,115.6,3.3,11.7,17.3,1.3,28.1,0.3,11.6,11.0,8.2,8.2,31.5,0.007,2018
330,Shabazz Muhammad,MIL,25,43,25,18,9.7,115.7,1.2,13.6,20.4,0.2,12.2,0.1,10.0,3.1,3.2,2.7,10.7,0.002,2018
