,Player,TEAM,AGE,GP,W,L,MIN,DEF RTG,DREB,DREB%,%DREB,STL,STL%,BLK,%BLK,OPP PTSOFF TOV,OPP PTS2ND CHANCE,OPP PTSFB,OPP PTSPAINT,DEFWS,Year
0,Luol Deng,CHI,27,54,42,12,39.4,96.2,5.1,12.5,18.8,1.0,18.5,0.7,14.5,12.1,9.5,9.9,30.3,0.194,2012
1,Andre Iguodala,PHI,28,62,33,29,35.6,97.0,5.2,14.4,21.9,1.7,28.3,0.5,12.2,8.9,9.0,7.4,25.9,0.165,2012
2,Rajon Rondo,BOS,26,53,31,22,36.9,97.9,3.7,9.8,15.2,1.8,29.4,0.1,1.4,11.8,11.0,9.3,31.4,0.164,2012
3,Kevin Garnett,BOS,36,60,37,23,31.1,95.3,7.1,23.1,36.0,0.9,19.2,1.0,33.0,9.1,8.7,6.4,24.4,0.162,2012
4,LeBron James,MIA,27,62,45,17,37.5,98.4,6.4,17.1,26.7,1.9,24.6,0.8,18.3,11.8,10.2,8.6,28.7,0.16,2012
5,Jrue Holiday,PHI,22,65,35,30,33.8,96.9,2.4,7.1,10.6,1.6,27.1,0.3,7.4,8.1,8.0,7.4,25.6,0.158,2012
6,Chris Bosh,MIA,28,57,42,15,35.2,97.7,6.3,17.7,27.1,0.9,13.2,0.8,20.2,11.2,9.3,8.4,26.6,0.157,2012
7,Marc Gasol,MEM,27,65,40,25,36.5,98.3,7.1,20.4,31.4,1.0,12.9,1.9,46.9,11.7,9.5,8.9,29.8,0.154,2012
8,Paul Pierce,BOS,34,61,38,23,34.0,97.7,4.6,13.4,20.8,1.1,21.3,0.4,11.7,11.3,9.5,8.4,29.2,0.153,2012
9,Dwyane Wade,MIA,30,49,32,17,33.2,97.8,3.3,9.8,15.1,1.7,25.7,1.3,30.1,10.4,8.9,8.4,25.3,0.148,2012
10,Taj Gibson,CHI,27,63,48,15,20.4,89.4,3.1,14.1,21.9,0.4,14.2,1.3,44.5,6.1,5.1,4.5,14.4,0.145,2012
11,Dirk Nowitzki,DAL,34,62,33,29,33.5,98.1,6.0,18.1,26.5,0.7,11.2,0.5,14.1,10.8,7.5,9.6,26.6,0.144,2012
12,Brandon Bass,BOS,27,59,37,22,31.7,97.6,4.6,14.4,22.3,0.6,11.5,0.9,25.2,10.7,8.6,7.7,27.2,0.141,2012
13,Mario Chalmers,MIA,26,64,45,19,28.5,96.4,2.4,8.6,12.9,1.5,27.0,0.2,5.2,9.0,7.3,6.7,22.6,0.139,2012
14,Elton Brand,PHI,33,60,32,28,28.9,96.3,4.7,16.2,24.1,1.0,19.5,1.6,47.8,6.6,7.0,6.0,20.9,0.139,2012
15,Dwight Howard,ORL,26,54,33,21,38.3,100.5,10.8,28.4,41.8,1.5,28.5,2.1,61.1,13.4,9.3,8.3,26.6,0.136,2012
16,Ray Allen,BOS,36,46,23,23,34.0,99.2,2.8,8.2,12.8,1.1,20.6,0.2,4.7,11.2,9.9,8.4,28.9,0.135,2012
17,Josh Smith,ATL,26,66,40,26,35.3,99.8,7.5,21.9,32.9,1.4,23.3,1.7,48.9,10.8,8.8,8.6,29.3,0.134,2012
18,Tony Parker,SAS,30,60,47,13,32.1,98.4,2.5,7.6,11.3,1.0,19.3,0.1,2.7,9.2,7.5,9.1,26.6,0.134,2012
19,Mike Conley,MEM,24,62,38,24,35.1,99.6,2.2,6.6,10.3,2.2,30.2,0.2,4.6,10.6,9.0,8.5,28.6,0.134,2012
20,Gerald Wallace,NJN,29,58,26,32,35.8,100.1,5.2,14.6,22.6,1.5,23.0,0.6,18.0,11.9,10.3,10.8,31.8,0.133,2012
21,Landry Fields,NYK,24,66,36,30,28.7,97.4,3.3,11.7,18.2,1.2,21.2,0.3,10.6,11.4,7.6,7.5,23.7,0.131,2012
22,Jodie Meeks,PHI,24,66,35,31,24.9,95.3,2.2,8.6,12.7,0.6,15.0,0.0,1.8,5.3,6.5,5.6,18.9,0.131,2012
23,Tyson Chandler,NYK,29,62,34,28,33.2,99.2,6.5,19.6,29.7,0.9,14.9,1.4,48.9,13.1,8.5,9.1,26.5,0.131,2012
24,Thaddeus Young,PHI,24,63,33,30,27.9,97.4,3.0,10.7,16.2,1.0,22.7,0.7,21.8,6.3,6.9,5.3,21.7,0.127,2012
25,Lou Williams,PHI,25,64,34,30,26.3,96.8,2.0,7.3,11.1,0.8,19.9,0.3,10.4,6.4,6.7,4.8,20.1,0.126,2012
26,Tony Allen,MEM,30,58,36,22,26.3,96.9,2.3,9.3,14.2,1.8,30.3,0.6,17.6,8.6,7.0,6.2,21.0,0.124,2012
27,Rudy Gay,MEM,25,65,41,24,37.3,101.3,4.4,12.6,19.4,1.5,19.5,0.8,19.9,12.4,9.4,9.8,31.1,0.123,2012
28,Pau Gasol,LAL,31,65,41,24,37.4,101.4,7.6,19.4,28.8,0.6,11.6,1.4,31.9,12.2,9.5,12.0,30.7,0.123,2012
29,Tim Duncan,SAS,36,58,45,13,28.2,97.9,7.1,24.7,35.9,0.7,15.0,1.5,52.7,8.0,6.2,7.9,22.2,0.122,2012
30,Joe Johnson,ATL,31,60,36,24,35.4,100.8,2.8,8.1,12.3,0.8,13.6,0.2,5.9,10.3,9.3,8.6,29.6,0.122,2012
31,Ronnie Brewer,CHI,27,66,50,16,24.8,96.5,2.4,9.2,14.3,1.1,28.8,0.3,10.2,8.9,6.0,7.1,21.0,0.121,2012
32,Kevin Durant,OKC,23,66,47,19,38.6,101.9,7.4,17.7,27.6,1.3,23.6,1.2,16.5,13.4,12.0,9.8,34.5,0.121,2012
33,Thabo Sefolosha,OKC,28,42,31,11,21.8,94.6,2.5,10.6,15.9,0.9,22.7,0.4,9.2,7.8,6.2,5.3,17.9,0.121,2012
34,Paul George,IND,22,66,42,24,29.7,99.1,4.8,15.7,23.8,1.6,33.0,0.6,15.4,8.7,7.8,7.2,22.5,0.12,2012
35,Vince Carter,DAL,35,61,33,28,25.3,96.9,2.8,11.1,16.3,0.9,20.7,0.4,15.1,7.6,6.0,7.0,18.6,0.119,2012
36,Avery Bradley,BOS,21,64,39,25,21.4,94.2,1.3,5.7,9.1,0.7,18.6,0.2,7.6,7.1,5.7,4.7,17.1,0.119,2012
37,Kobe Bryant,LAL,33,58,36,22,38.5,102.1,4.3,10.4,15.5,1.2,25.1,0.3,7.3,13.1,9.9,12.3,32.4,0.119,2012
38,Joakim Noah,CHI,27,64,48,16,30.4,99.6,6.0,19.4,29.5,0.6,15.3,1.4,44.2,10.1,7.8,8.2,25.3,0.118,2012
39,Danny Granger,IND,29,62,41,21,33.3,100.6,3.7,10.8,16.5,1.0,18.6,0.6,15.0,9.8,8.6,9.0,26.6,0.117,2012
40,Udonis Haslem,MIA,32,64,44,20,24.8,96.9,5.5,22.0,33.8,0.5,13.9,0.4,15.0,8.7,6.7,6.0,18.0,0.117,2012
41,Mickael Pietrus,BOS,30,42,23,19,21.9,95.4,2.7,11.7,18.5,0.5,15.4,0.2,8.8,7.8,5.7,5.4,17.0,0.116,2012
42,Andrew Bynum,LAL,24,60,38,22,35.2,101.3,8.6,23.4,34.3,0.5,11.1,1.9,48.3,12.4,9.1,10.9,29.4,0.116,2012
43,Russell Westbrook,OKC,23,66,47,19,35.3,101.5,3.1,8.2,12.7,1.7,31.8,0.3,4.8,12.6,10.8,9.0,31.8,0.115,2012
44,Jeff Teague,ATL,24,66,40,26,33.1,101.0,2.1,6.6,10.0,1.6,29.0,0.6,17.6,9.7,8.4,8.4,28.3,0.113,2012
45,Jason Kidd,DAL,39,48,27,21,28.7,99.5,3.8,13.4,19.5,1.7,32.0,0.2,7.8,9.4,7.0,8.4,23.5,0.113,2012
46,Carlos Boozer,CHI,30,66,50,16,29.5,99.8,6.8,23.1,34.9,1.0,22.4,0.4,11.7,9.8,7.1,7.8,25.1,0.111,2012
47,John Lucas III,CHI,29,49,36,13,14.8,87.7,1.1,7.0,10.2,0.4,18.3,0.0,1.0,3.7,3.4,3.1,10.7,0.111,2012
48,Carmelo Anthony,NYK,28,55,29,26,34.1,101.5,4.7,13.9,21.1,1.1,17.6,0.4,14.2,12.9,8.8,9.3,27.5,0.11,2012
49,Danilo Gallinari,DEN,23,43,27,16,31.4,100.7,4.0,12.8,18.7,1.0,18.9,0.5,19.2,11.3,7.0,7.2,25.3,0.11,2012
50,LaMarcus Aldridge,POR,26,55,26,29,36.3,102.1,5.3,15.4,23.5,0.9,14.7,0.8,21.3,11.4,9.8,10.4,30.6,0.11,2012
51,Delonte West,DAL,28,44,25,19,24.1,97.4,2.0,8.3,12.0,1.3,32.2,0.3,10.0,7.8,5.2,7.1,19.0,0.109,2012
52,Kyle Korver,CHI,31,65,49,16,22.6,96.4,2.0,8.9,13.5,0.6,17.7,0.2,8.2,6.8,5.2,5.3,16.6,0.108,2012
53,Iman Shumpert,NYK,22,59,34,25,28.9,100.2,2.4,8.9,13.6,1.7,28.6,0.1,6.3,10.7,7.4,7.1,23.1,0.105,2012
54,Evan Turner,PHI,23,65,34,31,26.3,99.3,5.4,20.5,30.2,0.6,15.3,0.3,10.6,6.7,6.2,5.6,19.9,0.105,2012
55,David West,IND,31,66,42,24,29.2,100.4,4.8,16.0,24.2,0.8,18.2,0.7,18.6,8.3,7.6,7.4,23.2,0.105,2012
56,Zaza Pachulia,ATL,28,58,34,24,28.3,100.0,5.2,19.3,29.2,0.9,20.5,0.5,19.9,9.7,7.2,7.1,24.0,0.104,2012
57,Amar'e Stoudemire,NYK,29,47,22,25,32.8,101.8,5.6,17.6,26.5,0.8,12.9,1.0,30.8,12.9,9.1,9.6,28.0,0.103,2012
58,Shawn Marion,DAL,34,63,34,29,30.5,101.3,5.1,16.9,25.0,1.1,19.3,0.6,18.0,10.5,7.6,9.6,25.4,0.101,2012
59,Mike Dunleavy,MIL,31,55,29,26,26.3,99.6,3.2,11.6,18.3,0.5,11.1,0.1,5.0,8.6,8.1,5.7,19.5,0.101,2012
60,Shane Battier,MIA,33,65,45,20,23.1,97.8,1.5,6.9,10.8,1.0,24.6,0.5,21.7,7.6,6.4,5.0,15.9,0.101,2012
61,Ryan Anderson,ORL,24,61,36,25,32.2,101.9,4.0,13.3,19.5,0.8,17.0,0.4,16.0,10.3,7.5,7.7,25.2,0.101,2012
62,Kyle Lowry,HOU,26,47,24,23,32.1,102.1,3.7,12.0,18.4,1.6,30.9,0.3,9.3,11.1,8.7,9.2,29.2,0.1,2012
63,Omer Asik,CHI,25,66,50,16,14.7,90.5,3.4,21.5,32.7,0.5,22.2,1.0,48.2,4.6,3.5,3.3,10.1,0.098,2012
64,Roy Hibbert,IND,25,65,41,24,29.8,101.4,5.5,18.3,27.7,0.5,11.0,2.0,50.4,9.1,7.7,8.3,24.0,0.097,2012
65,Beno Udrih,MIL,29,59,28,31,18.3,95.0,1.3,6.6,10.5,0.6,20.4,0.0,0.8,5.6,5.2,3.7,12.6,0.097,2012
66,Darren Collison,IND,24,60,36,24,31.3,102.0,2.6,8.2,12.6,0.8,16.4,0.2,6.1,10.0,8.6,8.9,26.1,0.097,2012
67,Serge Ibaka,OKC,22,66,47,19,27.1,100.5,4.6,15.6,24.3,0.5,12.4,3.7,61.3,10.0,8.3,7.1,24.0,0.097,2012
68,Jason Terry,DAL,34,63,34,29,31.7,102.1,2.1,6.7,10.3,1.2,21.4,0.2,5.4,10.1,8.2,9.2,25.7,0.096,2012
69,O.J. Mayo,MEM,24,66,41,25,26.8,100.6,2.7,10.4,16.7,1.1,21.8,0.3,12.4,9.0,7.2,6.3,22.7,0.096,2012
70,Kirk Hinrich,ATL,31,48,27,21,25.8,100.0,1.9,7.7,11.5,0.8,18.5,0.2,11.0,8.6,5.8,5.6,20.4,0.096,2012
71,Ekpe Udoh,MIL,25,61,29,32,21.1,97.4,2.5,11.6,18.0,0.7,18.7,1.7,59.0,6.0,6.1,4.4,16.6,0.095,2012
72,Luis Scola,HOU,32,66,34,32,31.3,102.2,4.6,15.1,23.4,0.5,10.9,0.4,11.1,11.1,8.4,8.9,28.7,0.095,2012
73,Danny Green,SAS,25,66,50,16,23.1,98.9,2.6,11.2,16.4,0.9,25.2,0.7,28.2,7.6,4.7,6.4,18.5,0.094,2012
74,Blake Griffin,LAC,23,66,40,26,36.2,103.6,7.6,21.7,33.5,0.8,13.4,0.7,20.0,10.1,9.8,8.4,28.5,0.093,2012
75,Al-Farouq Aminu,NOH,21,66,21,45,22.4,98.9,3.2,14.8,22.2,0.9,24.6,0.5,23.6,8.7,5.8,4.9,17.2,0.092,2012
76,Wesley Matthews,POR,25,66,28,38,33.8,103.2,2.5,8.0,12.4,1.5,25.0,0.2,6.9,10.6,9.0,9.9,28.7,0.091,2012
77,Kendrick Perkins,OKC,27,65,46,19,26.8,101.0,4.7,16.4,25.0,0.4,9.6,1.1,21.1,9.7,7.8,7.2,24.2,0.091,2012
78,Marvin Williams,ATL,26,57,35,22,26.3,100.8,3.8,14.6,22.6,0.8,19.3,0.3,11.7,8.5,7.1,7.0,22.6,0.091,2012
79,Derek Fisher,OKC,37,63,40,23,23.9,99.5,1.7,6.9,10.4,0.8,24.2,0.1,2.3,7.9,6.1,6.8,18.7,0.091,2012
80,Raymond Felton,POR,28,60,28,32,31.8,102.6,2.0,6.8,10.3,1.3,23.4,0.2,5.1,9.6,8.4,8.8,27.3,0.091,2012
81,Joel Anthony,MIA,29,64,45,19,21.1,98.3,2.3,11.1,17.2,0.6,13.7,1.3,48.3,7.2,5.5,5.3,16.9,0.09,2012
82,DeMar DeRozan,TOR,22,63,22,41,35.0,103.6,2.7,8.1,12.1,0.8,16.3,0.3,8.1,10.6,8.7,8.3,27.0,0.09,2012
83,Metta World Peace,LAL,32,64,40,24,26.9,101.2,2.3,8.0,12.2,1.1,32.2,0.4,13.7,8.7,7.4,9.0,22.6,0.09,2012
84,Tracy McGrady,ATL,33,52,31,21,16.1,94.4,2.5,15.4,23.9,0.3,12.0,0.3,18.1,5.4,4.6,3.4,12.8,0.089,2012
85,Chris Paul,LAC,27,60,37,23,36.3,104.1,2.9,8.4,13.1,2.5,40.2,0.1,2.0,10.5,9.5,8.2,28.9,0.088,2012
86,Paul Millsap,UTA,27,64,34,30,32.8,103.3,6.0,19.0,28.9,1.8,32.0,0.8,22.7,9.4,7.7,9.3,28.4,0.088,2012
87,Jason Richardson,ORL,31,54,30,24,29.5,102.4,2.9,10.3,15.1,1.0,22.5,0.4,15.1,9.3,7.4,7.0,22.0,0.088,2012
88,Brendan Haywood,DAL,32,54,31,23,21.2,98.8,3.4,16.0,23.5,0.4,11.5,1.0,46.2,7.2,5.3,6.4,17.9,0.087,2012
89,Greivis Vasquez,NOH,25,66,21,45,25.8,101.4,2.3,9.1,14.0,0.9,23.1,0.1,4.7,9.0,6.7,6.4,21.8,0.086,2012
90,Ty Lawson,DEN,24,61,36,25,34.8,104.0,2.8,8.3,12.5,1.3,22.9,0.1,3.0,11.6,8.9,8.9,29.3,0.085,2012
91,Kevin Love,MIN,23,55,24,31,39.0,104.8,9.2,23.6,35.9,0.9,16.1,0.5,15.1,15.0,10.7,12.8,35.1,0.085,2012
92,Ian Mahinmi,DAL,25,61,36,25,18.7,97.3,3.0,16.2,23.9,0.6,19.1,0.5,33.7,5.4,4.5,5.0,12.4,0.085,2012
93,Amir Johnson,TOR,25,64,22,42,24.3,100.6,4.0,16.6,25.4,0.5,16.7,1.1,38.3,7.1,6.2,5.6,18.3,0.085,2012
94,Chandler Parsons,HOU,23,63,33,30,28.6,102.6,3.3,11.8,18.4,1.2,26.0,0.5,14.8,10.4,7.4,8.4,25.8,0.084,2012
95,Chris Kaman,NOH,30,47,16,31,29.2,102.8,5.9,20.7,32.4,0.5,11.6,1.6,49.0,10.9,8.0,8.4,27.0,0.083,2012
96,Courtney Lee,HOU,26,58,30,28,30.3,103.0,2.3,8.0,12.7,1.2,22.7,0.4,12.6,10.1,8.1,8.3,27.7,0.083,2012
97,Kenyon Martin,LAC,34,42,24,18,22.4,100.1,3.1,14.8,23.7,1.0,23.9,1.0,48.9,6.9,5.4,5.0,15.2,0.083,2012
98,Luc Mbah a Moute,MIL,25,43,20,23,23.5,100.7,3.5,14.3,22.6,0.9,21.9,0.5,21.0,8.2,6.3,7.1,19.3,0.082,2012
99,Hedo Turkoglu,ORL,33,53,30,23,31.2,103.4,3.3,10.9,16.2,0.8,19.7,0.3,11.2,10.9,7.8,7.4,24.5,0.082,2012
100,George Hill,IND,26,50,35,15,25.5,101.5,2.4,9.1,14.5,0.8,22.0,0.3,12.2,7.8,7.1,6.0,19.4,0.082,2012
101,Grant Hill,PHX,39,49,25,24,28.1,102.6,2.9,9.9,15.2,0.8,23.2,0.6,17.6,8.8,8.1,6.5,24.9,0.082,2012
102,Ivan Johnson,ATL,28,56,35,21,16.7,96.6,2.9,17.7,28.1,0.8,27.7,0.3,21.4,6.4,4.5,4.1,13.5,0.082,2012
103,James Harden,OKC,22,62,44,18,31.4,103.5,3.6,10.9,17.7,1.0,20.7,0.2,5.4,10.4,10.2,7.5,27.4,0.081,2012
104,Al Harrington,DEN,32,64,36,28,27.5,102.5,5.0,18.1,27.9,0.9,18.7,0.2,7.2,9.3,7.5,6.8,22.2,0.081,2012
105,C.J. Watson,CHI,28,49,36,13,23.7,101.0,1.7,7.2,11.5,0.9,26.5,0.2,5.8,8.0,6.3,6.5,18.6,0.081,2012
106,Steve Nash,PHX,38,62,32,30,31.6,103.8,2.6,7.8,12.1,0.6,14.9,0.1,3.6,10.2,9.1,7.9,29.1,0.08,2012
107,Steve Novak,NYK,29,54,31,23,18.9,98.3,1.8,9.7,15.6,0.3,8.1,0.2,11.3,5.9,5.1,4.0,14.8,0.08,2012
108,Stephen Jackson,SAS,34,47,28,19,25.8,102.0,3.0,11.8,18.7,1.1,25.6,0.3,11.7,9.2,6.6,7.5,22.3,0.08,2012
109,Chris Duhon,ORL,29,63,36,27,19.5,98.8,1.4,7.3,11.2,0.6,20.1,0.1,7.8,6.3,4.8,4.4,15.0,0.08,2012
110,Linas Kleiza,TOR,27,49,17,32,21.6,100.1,3.2,14.4,22.6,0.5,16.7,0.1,4.1,7.0,6.0,6.1,15.9,0.08,2012
111,Rodrigue Beaubois,DAL,24,53,29,24,21.7,100.4,2.5,11.2,17.4,1.1,26.2,0.5,18.8,6.9,6.3,6.9,17.8,0.079,2012
112,Matt Bonner,SAS,32,65,49,16,20.4,99.5,2.8,13.8,20.8,0.2,8.3,0.3,16.7,5.6,4.9,5.7,15.4,0.079,2012
113,Sasha Pavlovic,BOS,28,45,29,16,11.7,90.6,1.5,12.9,20.2,0.4,23.5,0.3,25.0,4.0,3.2,2.1,8.3,0.078,2012
114,Vladimir Radmanovic,ATL,31,49,30,19,15.4,96.1,2.2,14.5,22.0,0.4,16.2,0.3,24.6,5.0,3.9,3.7,12.8,0.078,2012
115,Richard Jefferson,GSW,32,63,33,30,27.7,102.8,3.1,11.3,17.2,0.6,15.0,0.3,11.6,8.4,7.0,7.8,23.5,0.078,2012
116,Kevin Seraphin,WAS,22,57,16,41,20.6,99.8,3.1,14.9,22.9,0.3,10.4,1.3,49.4,8.2,5.6,5.6,16.2,0.078,2012
117,Marcin Gortat,PHX,28,66,33,33,32.0,104.2,7.2,21.9,34.0,0.7,17.4,1.5,41.3,10.4,9.2,8.2,29.1,0.077,2012
118,Damien Wilkins,DET,32,60,23,37,15.4,96.4,1.3,8.9,13.2,0.5,20.3,0.2,16.7,5.4,3.2,4.3,11.4,0.076,2012
119,James Johnson,TOR,25,62,21,41,25.2,102.3,3.5,14.5,21.6,1.1,30.3,1.4,46.4,7.6,6.6,6.6,20.4,0.076,2012
120,DeAndre Jordan,LAC,23,66,40,26,27.2,102.9,5.2,19.5,30.2,0.5,10.6,2.0,62.9,7.9,7.8,6.7,22.8,0.076,2012
121,Larry Sanders,MIL,23,52,24,28,12.4,92.3,1.9,13.8,23.0,0.6,25.6,1.5,69.7,4.3,3.8,2.2,7.0,0.076,2012
122,Marreese Speights,MEM,24,60,38,22,22.4,101.1,4.0,19.5,30.5,0.4,8.3,0.5,20.7,7.6,6.1,5.5,19.5,0.075,2012
123,Al Jefferson,UTA,27,61,32,29,34.0,104.8,7.4,22.3,34.3,0.8,13.6,1.7,42.3,9.3,8.5,9.7,29.6,0.075,2012
124,Chris Singleton,WAS,22,66,20,46,21.7,100.9,2.9,13.4,21.1,1.1,26.9,0.5,15.0,8.9,6.6,6.5,17.9,0.075,2012
125,Nikola Vucevic,PHI,21,51,26,25,15.9,97.1,3.1,19.3,28.1,0.4,16.0,0.7,42.0,4.2,3.9,3.5,12.5,0.075,2012
126,Jannero Pargo,ATL,32,50,30,20,13.4,94.5,1.3,9.6,14.7,0.4,18.2,0.0,3.5,5.4,3.2,2.9,10.0,0.075,2012
127,Jameer Nelson,ORL,30,57,33,24,29.9,103.9,2.7,9.4,13.5,0.7,16.1,0.1,3.6,10.3,7.1,6.8,22.7,0.074,2012
128,Steve Blake,LAL,32,53,35,18,23.3,101.8,1.4,6.0,9.0,0.7,24.8,0.0,1.5,8.5,5.8,7.3,19.1,0.074,2012
129,Derrick Favors,UTA,20,65,35,30,21.2,100.9,4.1,19.9,29.2,0.6,16.5,1.0,36.9,7.1,5.2,6.2,16.4,0.074,2012
130,Dante Cunningham,MEM,25,64,39,25,17.6,98.8,2.4,14.2,22.6,0.7,18.8,0.5,25.8,5.7,4.5,4.4,14.4,0.073,2012
131,Jared Dudley,PHX,26,65,32,33,31.1,104.4,3.2,10.0,15.5,0.8,18.8,0.3,8.4,9.9,9.3,7.9,28.2,0.073,2012
132,Caron Butler,LAC,32,63,39,24,29.7,103.9,3.0,10.3,15.9,0.8,18.0,0.1,4.6,8.1,7.7,7.2,23.8,0.073,2012
133,Kawhi Leonard,SAS,21,64,49,15,24.0,102.3,3.5,14.7,21.7,1.3,35.9,0.4,16.0,8.1,5.7,6.9,21.4,0.072,2012
134,Earl Watson,UTA,33,50,24,26,20.7,100.6,1.8,9.2,14.0,1.1,29.0,0.4,17.3,7.0,5.0,5.6,15.9,0.072,2012
135,Tyler Hansbrough,IND,26,66,42,24,21.8,101.4,2.7,12.7,20.7,0.8,20.5,0.1,7.6,7.2,6.0,5.2,17.1,0.071,2012
136,Jarrett Jack,NOH,28,45,10,35,34.0,105.2,3.4,10.5,16.1,0.7,14.0,0.2,5.9,13.0,9.2,10.8,29.4,0.071,2012
137,Quincy Pondexter,MEM,24,64,40,24,15.7,97.8,1.1,7.4,11.8,0.4,14.8,0.1,5.3,5.2,4.3,4.0,13.9,0.071,2012
138,Matt Barnes,LAL,32,63,40,23,22.9,102.3,3.9,16.3,24.1,0.6,20.2,0.8,28.4,8.1,5.7,6.1,18.2,0.07,2012
139,JJ Redick,ORL,28,65,37,28,27.1,103.6,2.0,7.8,11.6,0.4,12.0,0.1,4.5,9.3,6.6,5.8,20.6,0.07,2012
140,Randy Foye,LAC,28,65,40,25,25.9,103.3,1.7,7.0,10.8,0.7,16.4,0.4,14.4,7.4,7.2,6.1,20.7,0.069,2012
141,Norris Cole,MIA,23,65,46,19,19.4,100.5,1.1,5.6,9.1,0.7,21.9,0.0,1.5,7.3,5.6,5.1,14.0,0.069,2012
142,Arron Afflalo,DEN,26,62,36,26,33.7,105.2,2.5,7.6,11.4,0.6,10.6,0.2,6.3,12.6,8.7,8.7,27.9,0.069,2012
143,Kurt Thomas,POR,39,53,23,30,15.1,97.7,2.8,19.2,29.4,0.5,17.1,0.6,40.3,4.7,3.8,4.1,12.2,0.069,2012
144,Ben Wallace,DET,37,62,24,38,15.8,97.8,3.0,21.2,31.9,0.8,26.6,0.8,58.0,5.4,3.2,3.9,10.5,0.069,2012
145,Greg Stiemsma,BOS,26,55,33,22,13.9,96.5,2.3,16.2,26.5,0.7,30.6,1.5,71.4,5.2,4.2,3.9,11.6,0.068,2012
146,Nick Collison,OKC,31,63,44,19,20.7,101.3,2.5,11.5,18.7,0.5,16.0,0.4,17.8,6.7,6.4,4.6,17.4,0.068,2012
147,Quentin Richardson,ORL,32,48,25,23,18.0,99.8,2.3,13.4,19.9,0.6,21.4,0.1,8.7,5.6,4.4,3.5,13.5,0.068,2012
148,Gustavo Ayon,NOH,27,54,18,36,20.2,101.3,3.3,16.9,26.8,1.0,30.3,0.9,41.4,7.3,6.2,4.8,16.5,0.068,2012
149,Goran Dragic,HOU,26,66,34,32,26.5,103.7,1.7,6.9,10.8,1.3,29.3,0.2,6.4,8.8,7.1,7.0,23.8,0.067,2012
150,Ed Davis,TOR,23,66,23,43,23.2,102.7,4.6,20.7,30.6,0.6,20.4,1.0,38.2,8.0,5.8,6.2,18.2,0.067,2012
151,Jason Maxiell,DET,29,65,24,41,22.5,102.4,3.2,14.9,23.3,0.5,16.7,0.8,36.0,8.2,6.0,6.7,19.6,0.067,2012
152,Samuel Dalembert,HOU,32,65,34,31,22.3,102.2,4.6,21.4,32.7,0.6,16.7,1.7,67.3,8.3,5.6,6.1,19.3,0.066,2012
153,Monta Ellis,MIL,26,58,29,29,36.6,106.1,3.1,8.5,13.7,1.5,22.4,0.3,7.7,12.3,11.6,11.3,33.1,0.066,2012
154,Glen Davis,ORL,26,61,33,28,23.4,102.8,3.7,16.7,25.3,0.7,23.0,0.3,18.1,7.5,5.9,5.2,18.7,0.066,2012
155,Gordon Hayward,UTA,22,66,36,30,30.5,105.0,2.6,8.5,13.0,0.8,16.7,0.6,17.0,8.8,8.1,8.9,27.5,0.066,2012
156,Rodney Stuckey,DET,26,55,23,32,29.9,104.8,1.9,6.8,10.6,0.8,22.2,0.2,7.1,10.9,7.5,8.7,25.3,0.066,2012
157,Ramon Sessions,LAL,26,64,30,34,26.7,104.1,2.8,10.4,16.0,0.7,19.0,0.0,1.6,8.5,7.5,6.7,22.9,0.066,2012
158,Patrick Patterson,HOU,23,64,33,31,23.2,103.0,2.7,12.2,19.1,0.4,12.1,0.6,27.5,7.2,6.6,6.0,21.0,0.065,2012
159,Tiago Splitter,SAS,27,59,44,15,19.0,101.0,3.6,19.0,29.0,0.4,13.9,0.8,46.1,6.2,4.6,5.4,15.6,0.065,2012
160,Daequan Cook,OKC,25,57,41,16,17.4,100.0,1.9,10.9,16.9,0.4,13.6,0.2,6.9,5.7,4.8,4.8,16.1,0.065,2012
161,Chase Budinger,HOU,24,58,31,27,22.4,102.6,3.1,14.3,21.6,0.5,14.8,0.1,6.4,7.4,6.4,6.0,20.5,0.065,2012
162,Samardo Samuels,CLE,23,54,15,39,15.3,98.4,2.2,14.0,21.8,0.4,16.3,0.4,27.0,5.9,4.9,4.0,11.3,0.065,2012
163,CJ Miles,UTA,25,56,28,28,20.4,102.0,1.6,8.0,12.3,0.8,22.9,0.3,12.9,6.7,5.4,5.6,17.5,0.064,2012
164,Jonas Jerebko,DET,25,64,25,39,22.9,103.0,3.3,15.8,24.3,0.6,19.2,0.3,17.9,8.7,5.4,5.9,18.3,0.064,2012
165,Brandon Knight,DET,20,66,25,41,32.2,105.5,2.7,9.1,14.3,0.7,16.3,0.2,5.5,12.1,8.3,9.6,28.1,0.064,2012
166,Michael Beasley,MIN,23,47,19,28,23.1,103.1,3.6,14.8,23.1,0.4,15.1,0.4,21.6,9.2,6.6,7.4,21.1,0.064,2012
167,John Wall,WAS,21,66,20,46,36.2,106.2,3.8,10.7,16.9,1.4,24.0,0.9,17.3,14.2,11.0,11.6,31.2,0.063,2012
168,Channing Frye,PHX,29,64,33,31,26.1,104.1,4.8,17.8,28.0,0.7,20.4,1.1,37.4,8.0,8.0,6.0,23.9,0.063,2012
169,Andre Miller,DEN,36,66,38,28,27.4,104.4,2.5,9.2,14.6,1.0,20.9,0.1,4.9,9.2,7.5,6.1,21.3,0.063,2012
170,Jan Vesely,WAS,22,57,19,38,18.9,101.3,2.6,14.2,22.5,0.7,20.9,0.6,23.0,6.7,5.5,4.8,15.8,0.063,2012
171,Devin Harris,UTA,29,63,36,27,27.6,104.6,1.6,6.0,9.1,1.0,21.5,0.2,6.9,7.4,7.0,7.6,25.1,0.063,2012
172,Jose Calderon,TOR,30,53,18,35,33.9,105.9,2.7,8.2,12.3,0.9,19.9,0.1,1.7,9.8,8.9,8.2,27.2,0.062,2012
173,Marcus Camby,HOU,38,59,28,31,22.9,103.0,6.3,29.0,44.6,0.8,21.6,1.4,58.2,7.6,6.1,6.9,19.4,0.062,2012
174,DeJuan Blair,SAS,23,64,48,16,21.3,102.7,3.1,14.8,22.1,0.9,25.2,0.2,11.0,7.3,4.7,6.5,19.2,0.062,2012
175,Brandon Jennings,MIL,22,66,31,35,35.3,106.3,2.7,7.7,12.4,1.6,25.4,0.3,9.0,12.3,10.3,10.6,33.2,0.061,2012
176,Leandro Barbosa,IND,29,64,30,34,21.6,102.9,1.5,7.0,10.8,0.9,27.2,0.1,5.0,7.3,6.2,5.2,16.4,0.061,2012
177,Xavier Henry,NOH,21,45,18,27,16.9,100.5,1.8,11.0,16.9,0.6,23.6,0.2,11.8,6.2,5.0,2.9,13.5,0.06,2012
178,Josh Howard,UTA,32,43,22,21,23.0,103.5,2.8,12.9,19.3,0.7,17.1,0.2,9.1,7.5,5.4,6.3,19.5,0.06,2012
179,Marco Belinelli,NOH,26,66,21,45,29.8,105.4,2.3,8.1,12.6,0.7,17.0,0.1,2.5,10.8,8.5,8.5,26.1,0.06,2012
180,Corey Brewer,DEN,26,59,35,24,21.8,103.4,1.8,8.3,13.1,1.2,29.3,0.3,12.0,8.5,6.2,6.1,17.9,0.06,2012
181,Lamar Odom,DAL,32,50,31,19,20.5,102.6,3.4,16.5,25.7,0.4,14.0,0.4,18.2,6.7,5.9,5.9,16.5,0.059,2012
182,Brandan Wright,DAL,24,49,28,21,16.2,100.5,2.3,13.4,20.9,0.4,16.4,1.3,54.8,5.3,4.7,4.9,14.2,0.059,2012
183,Markieff Morris,PHX,22,63,31,32,19.5,102.3,3.3,17.7,27.2,0.7,21.1,0.7,28.2,6.2,5.1,5.7,16.7,0.058,2012
184,AJ Price,IND,25,44,27,17,12.9,97.7,1.1,9.2,13.9,0.5,18.9,0.0,4.5,3.9,2.9,3.0,9.4,0.057,2012
185,Luke Ridnour,MIN,31,53,24,29,33.0,106.2,2.3,7.1,11.0,1.1,22.1,0.3,10.7,12.9,9.4,11.6,30.6,0.057,2012
186,Jamal Crawford,POR,32,60,28,32,26.9,105.0,1.7,6.7,10.6,0.9,21.6,0.2,8.6,9.0,7.8,7.9,24.2,0.057,2012
187,Shelvin Mack,WAS,22,64,20,44,12.2,96.8,1.3,10.4,16.6,0.4,22.4,0.0,2.4,4.0,3.5,3.0,9.7,0.057,2012
188,Ersan Ilyasova,MIL,25,60,28,32,27.6,105.3,5.6,20.2,33.1,0.7,15.2,0.7,28.0,8.9,8.1,7.6,25.5,0.057,2012
189,Alonzo Gee,CLE,25,63,20,43,29.0,105.6,3.5,12.3,19.9,1.3,30.5,0.3,11.3,9.9,9.1,7.2,27.3,0.057,2012
190,Gary Forbes,TOR,27,48,13,35,14.9,100.4,1.6,10.5,16.1,0.5,24.5,0.1,5.2,5.5,3.6,4.6,11.8,0.055,2012
191,Wayne Ellington,MIN,24,51,19,32,19.1,102.7,1.7,8.6,13.6,0.5,19.4,0.2,12.0,6.4,5.8,5.4,16.6,0.054,2012
192,Ben Gordon,DET,29,52,20,32,26.9,105.4,2.1,8.6,13.8,0.7,15.6,0.2,9.2,10.6,7.0,7.6,22.4,0.054,2012
193,Jimmy Butler,CHI,22,42,30,12,8.5,91.8,0.8,8.5,13.2,0.3,19.3,0.1,8.6,2.5,2.4,1.6,6.6,0.054,2012
194,Derrick Williams,MIN,21,66,26,40,21.5,103.9,3.5,16.1,25.4,0.5,15.0,0.5,24.8,7.9,6.7,6.7,20.4,0.054,2012
195,James Jones,MIA,31,51,37,14,13.1,98.8,0.8,6.7,10.2,0.3,15.2,0.2,14.1,5.3,3.5,3.8,10.2,0.054,2012
196,Nicolas Batum,POR,23,59,27,32,30.4,106.2,3.2,11.3,17.7,1.0,19.9,1.0,33.9,10.0,8.6,8.0,26.9,0.053,2012
197,Nick Young,LAC,27,62,22,40,27.9,105.9,1.6,6.0,9.9,0.7,14.5,0.3,7.6,11.2,8.5,8.5,23.9,0.053,2012
198,Boris Diaw,SAS,30,57,23,34,25.0,105.0,3.7,14.8,22.4,0.6,16.6,0.4,15.7,8.6,6.9,7.5,23.9,0.053,2012
199,DeShawn Stevenson,NJN,31,51,20,31,18.8,103.0,1.8,9.8,15.6,0.4,13.0,0.1,4.8,6.8,5.3,6.1,16.7,0.053,2012
200,Shaun Livingston,MIL,26,58,26,32,18.8,102.9,1.4,7.7,12.3,0.5,16.1,0.3,17.2,7.0,5.3,5.9,16.8,0.053,2012
201,Gary Neal,SAS,27,56,43,13,21.5,104.3,1.9,8.8,13.3,0.5,15.7,0.0,2.1,7.0,5.3,6.3,17.7,0.051,2012
202,Willie Green,ATL,30,53,32,21,17.4,102.5,1.2,7.3,11.6,0.4,15.5,0.1,9.1,6.2,4.9,4.4,15.0,0.051,2012
203,Kosta Koufos,DEN,23,48,28,20,16.5,102.0,3.4,20.9,31.2,0.5,19.2,0.9,50.6,5.7,3.9,4.3,13.5,0.051,2012
204,Mo Williams,LAC,29,52,29,23,28.3,106.1,1.5,5.7,8.9,1.0,19.0,0.1,5.1,9.6,7.4,7.4,22.2,0.051,2012
205,Kris Humphries,NJN,27,62,22,40,34.9,107.2,7.2,21.7,33.5,0.8,16.0,1.2,39.2,13.0,9.6,11.4,32.3,0.05,2012
206,Reggie Jackson,OKC,22,45,34,11,11.1,97.7,0.9,7.4,12.1,0.6,26.3,0.0,1.5,3.8,3.5,3.1,9.3,0.05,2012
207,Tayshaun Prince,DET,32,63,25,38,33.1,107.0,3.3,10.9,17.7,0.4,9.4,0.5,18.0,13.0,8.8,10.0,28.8,0.05,2012
208,Francisco Garcia,SAC,30,49,16,33,16.3,102.2,1.8,11.3,17.7,0.7,24.3,0.8,38.9,6.2,4.1,5.6,13.9,0.05,2012
209,Shannon Brown,PHX,26,59,29,30,23.7,105.1,2.0,8.3,13.5,0.7,23.0,0.3,9.3,7.5,7.3,6.9,22.5,0.05,2012
210,Troy Murphy,LAL,32,59,34,25,16.2,102.0,2.6,15.6,23.1,0.3,14.0,0.3,18.0,5.2,4.0,4.7,13.2,0.049,2012
211,Keyon Dooling,BOS,32,46,26,20,14.4,101.0,0.8,5.5,9.3,0.3,15.9,0.0,2.7,5.5,4.7,3.7,12.8,0.049,2012
212,Lance Thomas,NOH,24,42,16,26,15.0,101.8,1.8,12.8,19.7,0.2,11.0,0.2,15.2,5.1,3.8,4.1,12.9,0.048,2012
213,Anthony Tolliver,MIN,27,51,17,34,17.3,103.2,2.0,11.3,18.2,0.4,14.8,0.4,24.7,6.3,5.1,6.9,14.9,0.047,2012
214,Anthony Morrow,NJN,26,62,20,42,26.4,106.2,1.5,6.3,10.2,0.7,18.6,0.1,6.3,9.5,6.8,8.3,23.9,0.047,2012
215,Tobias Harris,MIL,19,42,21,21,11.4,99.3,1.7,14.7,22.7,0.3,16.3,0.2,14.6,4.8,3.0,3.2,8.8,0.045,2012
216,Jon Leuer,MIL,23,46,22,24,12.1,100.2,1.6,14.0,22.1,0.3,14.4,0.4,30.4,4.4,3.5,3.6,9.7,0.045,2012
217,Dahntay Jones,IND,31,65,42,23,16.2,103.0,1.4,9.3,14.9,0.4,13.5,0.2,13.1,5.9,4.4,4.2,12.4,0.045,2012
218,Trevor Booker,WAS,24,50,12,38,25.2,106.2,4.1,16.2,26.5,1.0,23.6,0.9,24.7,10.2,8.1,8.2,22.0,0.044,2012
219,Dominic McGuire,GSW,26,64,21,43,17.6,104.0,2.7,14.8,24.5,0.7,22.3,0.6,25.4,6.6,5.5,4.8,15.0,0.044,2012
220,Lou Amundson,IND,29,60,38,22,12.5,100.9,2.1,17.5,28.3,0.5,19.6,0.7,66.7,4.5,3.7,3.1,8.9,0.044,2012
221,Roger Mason Jr.,WAS,31,52,9,43,13.4,101.3,1.2,9.1,14.6,0.3,14.3,0.1,5.6,4.3,4.3,3.8,10.5,0.044,2012
222,Brandon Rush,GSW,26,65,23,42,26.4,106.6,3.4,12.6,20.6,0.5,13.1,0.9,29.0,9.2,8.2,7.1,23.2,0.043,2012
223,David Lee,GSW,29,57,22,35,37.2,108.2,6.6,17.9,29.4,0.9,15.7,0.4,10.0,12.4,12.4,11.6,34.6,0.042,2012
224,Nikola Pekovic,MIN,26,47,19,28,26.9,106.8,3.5,12.9,20.0,0.6,16.0,0.7,26.7,10.3,7.7,8.1,24.6,0.042,2012
225,Jordan Williams,NJN,21,43,10,33,14.8,103.2,2.1,15.1,24.7,0.5,19.6,0.3,38.5,4.9,4.1,4.6,14.0,0.041,2012
226,Alec Burks,UTA,20,59,33,26,15.9,103.7,1.3,8.1,12.3,0.5,18.1,0.1,3.8,5.7,4.0,5.4,13.6,0.041,2012
227,John Salmons,SAC,32,46,16,30,27.2,107.0,2.5,9.4,14.7,0.8,17.8,0.2,6.3,10.2,7.8,10.0,26.8,0.041,2012
228,Donte Greene,SAC,24,53,16,37,14.7,103.4,2.2,13.7,22.0,0.3,12.4,0.5,34.5,4.6,4.3,4.2,14.7,0.04,2012
229,Wesley Johnson,MIN,24,65,26,39,22.6,106.1,2.4,10.3,15.6,0.5,16.7,0.7,32.2,9.0,6.1,7.8,21.0,0.04,2012
230,Greg Monroe,DET,22,66,25,41,31.5,107.8,6.0,21.4,33.9,1.3,30.0,0.7,26.9,12.3,8.2,9.9,28.3,0.04,2012
231,Johan Petro,NJN,26,59,16,43,15.6,103.9,2.6,18.0,28.6,0.4,13.5,0.4,29.1,5.1,3.8,4.5,12.8,0.04,2012
232,James Anderson,SAS,23,51,40,11,11.8,101.6,1.2,10.3,15.4,0.2,8.2,0.0,4.0,3.7,2.7,3.7,10.7,0.04,2012
233,Enes Freedom,UTA,20,66,36,30,13.2,102.4,2.6,20.2,30.7,0.3,12.6,0.3,20.5,5.3,3.6,4.3,11.6,0.04,2012
234,Nazr Mohammed,OKC,34,63,44,19,11.0,100.5,1.8,15.5,25.2,0.3,17.5,0.6,50.7,3.5,3.3,2.7,9.1,0.039,2012
235,Jeremy Pargo,MEM,26,44,25,19,9.6,99.5,0.6,6.0,9.3,0.3,20.3,0.0,0.0,4.0,2.4,2.6,8.0,0.039,2012
236,Sundiata Gaines,NJN,26,57,17,40,13.9,103.4,1.4,10.8,17.3,1.0,37.7,0.0,4.4,5.0,4.2,4.1,12.1,0.038,2012
237,Kemba Walker,CHA,22,66,7,59,27.2,107.4,3.1,11.9,18.9,0.9,27.6,0.3,9.6,9.6,8.1,8.8,27.2,0.038,2012
238,Deron Williams,NJN,28,55,21,34,36.3,108.5,2.9,8.5,13.7,1.2,22.3,0.4,11.0,13.3,10.1,11.6,34.7,0.037,2012
239,Nate Robinson,GSW,28,51,20,31,23.4,106.9,1.7,7.4,12.0,1.2,30.3,0.0,1.6,7.4,7.5,6.1,20.9,0.036,2012
240,Robin Lopez,PHX,24,64,32,32,14.0,103.6,1.9,13.5,21.8,0.3,13.6,0.9,53.1,4.1,4.3,3.9,12.3,0.036,2012
241,Jason Thompson,SAC,25,64,22,42,25.9,107.5,4.3,17.6,27.6,0.7,14.4,0.7,29.7,9.6,7.1,9.5,25.9,0.035,2012
242,DeMarcus Cousins,SAC,21,64,20,44,30.5,108.2,6.8,23.4,36.0,1.5,28.2,1.2,37.5,11.5,8.7,11.7,31.7,0.035,2012
243,Klay Thompson,GSW,22,66,23,43,24.4,107.2,2.1,8.6,14.2,0.7,18.5,0.3,11.0,7.7,7.6,7.0,22.1,0.035,2012
244,Marcus Thornton,SAC,25,51,19,32,34.9,108.7,2.0,6.1,9.7,1.4,21.9,0.2,7.3,13.3,10.2,12.6,36.0,0.034,2012
245,Bismack Biyombo,CHA,19,63,7,56,23.1,107.3,4.0,17.7,28.7,0.3,11.1,1.8,61.8,8.7,7.5,7.8,23.3,0.033,2012
246,Lance Stephenson,IND,21,42,25,17,10.5,102.2,1.0,9.8,16.6,0.5,23.9,0.1,13.9,3.6,3.1,3.0,8.7,0.032,2012
247,Carlos Delfino,MIL,29,54,23,31,28.5,108.2,3.5,13.0,21.0,1.5,28.9,0.2,6.1,9.8,8.0,8.9,27.5,0.032,2012
248,Gerald Henderson,CHA,24,55,6,49,33.3,108.8,2.9,9.1,14.5,0.9,22.1,0.4,9.8,11.9,10.5,10.8,34.2,0.032,2012
249,Jordan Crawford,WAS,23,64,18,46,27.4,108.2,1.9,7.3,11.6,0.9,20.4,0.1,2.2,10.4,9.2,8.5,25.2,0.032,2012
250,Sebastian Telfair,PHX,27,60,31,29,14.9,105.4,1.2,8.4,13.5,0.7,32.0,0.2,10.8,4.7,4.6,4.5,13.4,0.03,2012
251,Omri Casspi,CLE,24,65,21,44,20.6,107.3,2.5,12.9,20.0,0.6,18.0,0.3,18.4,7.8,6.0,5.1,18.0,0.03,2012
252,Derrick Brown,CHA,24,65,7,58,22.2,107.5,2.2,10.4,16.6,0.7,26.4,0.2,7.6,7.8,6.4,7.7,22.2,0.03,2012
253,Brian Cardinal,DAL,35,44,24,20,6.3,98.2,0.7,10.6,16.8,0.2,14.8,0.0,7.7,2.1,1.7,2.2,4.9,0.028,2012
254,Kenneth Faried,DEN,22,46,27,19,22.5,107.8,4.6,20.5,31.1,0.7,21.3,1.0,39.5,8.4,5.6,5.6,18.7,0.028,2012
255,Aaron Gray,TOR,27,49,17,32,16.6,106.5,4.0,26.5,38.2,0.4,19.1,0.3,24.3,4.7,4.0,4.7,13.8,0.028,2012
256,Dorell Wright,GSW,26,61,22,39,27.0,108.6,3.6,13.3,21.7,1.0,19.2,0.4,14.1,9.1,8.9,9.0,25.2,0.028,2012
257,Isaiah Thomas,SAC,23,65,22,43,25.5,108.4,1.8,7.5,12.3,0.8,17.1,0.1,4.5,9.1,8.0,9.1,26.2,0.027,2012
258,JaVale McGee,DEN,24,61,22,39,25.2,108.3,5.1,20.1,32.8,0.6,14.2,2.2,59.7,9.9,8.8,8.7,22.1,0.027,2012
259,Earl Clark,ORL,24,45,23,22,12.4,105.1,2.0,17.0,26.3,0.3,16.2,0.7,50.8,4.4,2.9,2.9,11.1,0.027,2012
260,Martell Webster,MIN,25,47,17,30,24.2,108.4,2.7,10.6,16.8,0.7,26.5,0.4,13.9,8.9,7.5,8.3,23.6,0.026,2012
261,Tyreke Evans,SAC,22,63,19,44,34.3,109.4,3.6,10.7,17.0,1.3,22.7,0.5,13.7,13.0,10.1,12.3,35.2,0.026,2012
262,Matt Carroll,CHA,31,53,4,49,11.3,104.6,0.9,8.9,14.1,0.3,20.8,0.1,10.6,3.8,3.6,4.4,10.8,0.026,2012
263,Chuck Hayes,SAC,29,54,19,35,19.2,107.5,3.0,15.8,26.4,0.7,20.5,0.3,15.2,6.7,6.3,6.8,17.7,0.026,2012
264,Tristan Thompson,CLE,21,60,18,42,23.7,108.5,3.4,14.6,23.3,0.5,13.9,1.0,50.4,7.8,6.9,6.1,22.1,0.024,2012
265,Shelden Williams,NJN,28,58,20,38,22.0,108.4,3.6,17.4,28.2,0.8,24.2,0.7,37.1,8.8,6.7,7.3,20.0,0.024,2012
266,Jimmer Fredette,SAC,23,61,20,41,18.6,107.8,0.9,4.9,8.0,0.5,15.3,0.0,2.3,7.0,5.8,6.4,18.5,0.023,2012
267,MarShon Brooks,NJN,23,56,18,38,29.4,109.4,2.3,8.5,13.6,0.9,20.2,0.3,11.7,11.3,9.0,8.7,28.0,0.022,2012
268,Reggie Evans,LAC,32,56,36,20,13.8,106.6,3.1,27.0,40.4,0.6,21.2,0.1,12.5,5.4,2.9,4.5,11.3,0.022,2012
269,Josh McRoberts,LAL,25,50,28,22,14.4,106.9,2.2,15.4,24.0,0.3,18.3,0.4,26.5,5.1,3.9,4.2,12.0,0.022,2012
270,JJ Hickson,POR,23,54,18,36,23.0,108.8,3.7,16.9,27.3,0.6,15.5,0.6,33.7,8.5,7.1,7.8,23.3,0.022,2012
271,Charles Jenkins,GSW,23,51,15,36,17.5,107.9,1.2,6.7,11.0,0.6,23.2,0.1,5.4,6.2,5.2,5.5,16.2,0.022,2012
272,Andris Biedrins,GSW,26,47,17,30,15.7,107.5,2.8,18.5,29.6,0.5,19.2,1.0,52.9,5.5,5.2,5.7,13.2,0.021,2012
273,Kyrie Irving,CLE,20,51,17,34,30.5,109.8,2.9,9.9,15.5,1.1,22.1,0.4,16.8,10.3,9.0,7.5,29.1,0.02,2012
274,DJ White,CHA,25,58,6,52,18.9,108.5,2.7,15.7,25.8,0.3,12.9,0.4,20.2,6.5,6.2,6.4,18.7,0.019,2012
275,Craig Smith,POR,28,47,20,27,9.9,106.1,1.6,17.0,27.4,0.3,22.5,0.1,9.4,3.7,2.9,3.6,7.8,0.018,2012
276,Byron Mullens,CHA,23,65,7,58,22.5,109.3,3.6,16.3,26.5,0.3,12.2,0.8,31.1,7.7,7.3,7.9,24.5,0.018,2012
277,Antawn Jamison,CLE,36,65,20,45,33.1,110.2,4.4,13.9,22.1,0.8,16.5,0.7,25.0,11.6,10.2,8.0,31.8,0.017,2012
278,Michael Redd,PHX,32,51,25,26,15.1,108.3,1.2,8.7,13.6,0.3,13.5,0.0,0.0,5.0,4.5,4.6,14.2,0.016,2012
279,Timofey Mozgov,DEN,25,44,26,18,15.6,108.6,2.9,18.6,27.6,0.3,13.4,1.0,53.8,6.3,4.4,4.3,12.6,0.016,2012
280,Anthony Parker,CLE,37,51,15,36,25.1,109.9,2.5,10.8,16.6,0.7,19.6,0.1,8.1,9.3,7.4,6.5,25.0,0.015,2012
281,Tyrus Thomas,CHA,25,54,5,49,18.8,109.6,2.8,15.8,25.2,0.7,26.7,1.1,46.2,6.8,6.1,5.7,18.4,0.013,2012
282,Drew Gooden,MIL,30,56,26,30,26.2,110.3,4.2,16.7,26.8,0.8,19.4,0.6,31.2,9.5,7.5,8.4,27.1,0.012,2012
283,Jeremy Tyler,GSW,21,42,14,28,13.5,109.0,2.0,15.9,25.8,0.4,16.2,0.5,32.8,4.9,4.0,4.8,13.4,0.012,2012
284,Nolan Smith,POR,23,44,17,27,12.3,110.5,0.9,7.7,12.9,0.4,24.3,0.1,6.3,4.3,3.5,4.5,11.9,0.005,2012
285,D.J. Augustin,CHA,24,48,7,41,29.3,111.7,1.8,6.2,10.1,0.8,21.1,0.0,0.6,10.6,10.3,10.2,31.1,0.001,2012
