,Player,TEAM,AGE,GP,W,L,MIN,DEF RTG,DREB,DREB%,%DREB,STL,STL%,BLK,%BLK,OPP PTSOFF TOV,OPP PTS2ND CHANCE,OPP PTSFB,OPP PTSPAINT,DEFWS,Year
0,Kawhi Leonard,SAS,25,72,60,12,33.0,95.9,5.5,16.4,22.7,1.8,30.5,1.0,22.7,8.4,6.8,8.6,27.0,0.185,2016
1,Draymond Green,GSW,26,81,73,8,34.7,99.1,7.8,19.8,28.8,1.5,22.9,1.4,31.5,11.5,9.4,10.3,31.2,0.162,2016
2,Al Horford,ATL,30,82,48,34,32.1,98.7,5.5,15.8,24.1,0.8,14.4,1.5,38.3,10.0,8.7,7.6,26.7,0.154,2016
3,Stephen Curry,GSW,28,79,71,8,34.2,99.8,4.6,11.7,17.1,2.1,34.8,0.2,4.3,11.6,9.3,10.2,31.1,0.153,2016
4,LaMarcus Aldridge,SAS,30,74,61,13,30.6,97.9,6.2,19.9,27.9,0.5,10.1,1.1,27.3,7.8,6.5,7.8,25.2,0.151,2016
5,Tim Duncan,SAS,40,61,50,11,25.2,94.5,5.4,21.2,28.9,0.8,17.5,1.3,36.1,6.6,5.2,6.3,19.0,0.15,2016
6,Danny Green,SAS,29,79,65,14,26.1,95.7,3.2,12.1,16.7,1.0,22.2,0.8,22.9,6.7,5.6,6.1,20.7,0.147,2016
7,Kyle Korver,ATL,35,80,46,34,30.0,98.3,3.1,9.6,14.5,0.8,13.7,0.4,11.3,9.7,8.1,7.7,25.4,0.146,2016
8,Tony Parker,SAS,34,72,59,13,27.5,97.1,2.2,8.0,11.1,0.8,15.6,0.2,4.1,7.1,5.7,7.4,22.6,0.143,2016
9,Paul George,IND,26,81,44,37,34.8,101.5,6.0,16.5,24.8,1.9,27.1,0.4,10.9,11.8,9.3,8.7,29.7,0.136,2016
10,Chris Bosh,MIA,32,53,29,24,33.5,101.0,6.5,18.8,27.1,0.7,14.9,0.6,16.0,10.5,9.0,6.7,26.8,0.134,2016
11,Manu Ginobili,SAS,38,58,47,11,19.6,93.1,2.1,10.1,14.7,1.1,33.3,0.2,9.7,6.1,4.4,4.7,16.7,0.132,2016
12,George Hill,IND,30,74,41,33,34.1,101.5,3.2,9.3,13.8,1.1,17.7,0.2,7.1,11.0,8.7,7.7,28.4,0.132,2016
13,Rudy Gobert,UTA,24,61,33,28,31.7,100.6,7.5,24.2,35.1,0.7,14.8,2.2,61.6,10.5,7.8,7.2,24.5,0.131,2016
14,Klay Thompson,GSW,26,80,71,9,33.3,101.3,3.4,9.0,13.2,0.8,13.1,0.6,14.3,11.7,9.4,9.7,31.3,0.131,2016
15,Chris Paul,LAC,31,74,50,24,32.7,101.3,3.7,10.5,15.7,2.1,35.9,0.2,4.8,8.9,8.1,7.6,27.1,0.129,2016
16,Monta Ellis,IND,30,81,44,37,33.8,101.8,2.8,8.0,12.0,1.9,27.0,0.5,13.7,11.7,9.2,9.0,29.0,0.129,2016
17,LeBron James,CLE,31,76,56,20,35.6,102.6,6.0,16.7,23.8,1.4,26.7,0.6,22.4,11.3,8.3,8.4,29.9,0.126,2016
18,Paul Millsap,ATL,31,81,48,33,32.7,101.6,6.6,18.9,28.9,1.8,29.0,1.7,38.9,10.8,9.5,8.7,28.7,0.125,2016
19,Kevin Durant,OKC,27,72,52,20,35.8,102.9,7.6,18.8,27.6,1.0,17.7,1.2,24.9,12.9,10.8,10.0,33.5,0.124,2016
20,DeAndre Jordan,LAC,27,77,51,26,33.7,102.1,10.3,28.6,42.5,0.7,11.8,2.3,59.6,9.4,9.0,8.3,28.1,0.124,2016
21,Justise Winslow,MIA,20,78,46,32,28.6,100.3,4.1,14.0,20.1,0.9,19.9,0.3,8.8,9.4,7.1,5.7,23.8,0.122,2016
22,Andre Iguodala,GSW,32,65,59,6,26.6,99.6,3.2,11.0,17.1,1.1,22.2,0.3,9.0,9.5,7.8,7.9,25.1,0.12,2016
23,Evan Turner,BOS,27,81,47,34,28.0,100.5,4.3,14.5,21.9,1.0,19.0,0.3,15.1,9.3,7.4,6.2,25.2,0.118,2016
24,Goran Dragic,MIA,30,72,44,28,32.8,102.5,3.1,9.1,13.2,1.0,21.1,0.2,5.2,10.2,9.4,7.6,29.4,0.118,2016
25,Ian Mahinmi,IND,29,71,41,30,25.6,99.3,5.2,19.7,28.3,0.9,17.2,1.1,42.6,8.4,6.0,6.0,20.8,0.118,2016
26,JJ Redick,LAC,32,75,50,25,28.0,100.5,1.7,5.7,8.5,0.6,12.2,0.1,2.2,7.3,7.0,6.5,23.5,0.117,2016
27,Kent Bazemore,ATL,26,75,44,31,27.8,100.6,4.7,15.6,24.0,1.3,24.9,0.5,13.8,9.2,8.3,7.5,23.7,0.117,2016
28,Gordon Hayward,UTA,26,80,38,42,36.2,103.6,4.2,12.1,17.4,1.2,20.7,0.3,8.4,11.9,8.6,9.0,29.9,0.117,2016
29,Harrison Barnes,GSW,24,66,59,7,30.9,101.8,3.8,11.4,16.7,0.6,11.6,0.2,4.1,9.7,8.5,8.5,29.0,0.116,2016
30,Marcus Smart,BOS,22,61,36,25,27.3,100.6,2.9,10.2,15.5,1.5,27.5,0.3,12.9,8.4,8.2,6.0,23.9,0.116,2016
31,Patty Mills,SAS,27,81,66,15,20.5,96.4,1.6,7.8,11.2,0.7,20.6,0.1,3.3,6.0,4.7,4.7,18.0,0.115,2016
32,Kentavious Caldwell-Pope,DET,23,76,41,35,36.7,103.9,2.8,7.7,10.9,1.4,26.3,0.2,8.5,10.7,8.4,7.4,34.3,0.114,2016
33,Kemba Walker,CHA,26,81,47,34,35.6,103.6,3.7,10.2,14.6,1.6,28.6,0.5,12.3,9.8,8.6,8.4,29.7,0.114,2016
34,Dennis Schroder,ATL,22,80,47,33,20.3,95.9,2.2,10.6,16.5,0.9,22.6,0.1,4.7,6.3,5.4,4.4,16.2,0.113,2016
35,Nicolas Batum,CHA,27,70,41,29,35.0,103.5,5.3,14.8,20.9,0.9,17.8,0.6,15.6,10.5,8.6,9.1,30.2,0.113,2016
36,Russell Westbrook,OKC,27,80,55,25,34.4,103.5,6.0,16.0,23.4,2.0,37.6,0.3,5.2,12.1,10.1,9.0,32.4,0.113,2016
37,Jae Crowder,BOS,25,73,43,30,31.6,102.6,4.2,12.5,19.1,1.7,26.6,0.5,16.2,8.8,10.2,6.4,28.2,0.112,2016
38,Thabo Sefolosha,ATL,32,75,42,33,23.4,98.8,3.8,15.0,22.8,1.1,23.9,0.5,17.7,7.9,6.1,5.4,20.1,0.112,2016
39,Dirk Nowitzki,DAL,38,75,38,37,31.5,102.7,5.8,18.2,26.7,0.7,16.4,0.7,28.1,9.2,8.7,10.1,25.0,0.111,2016
40,Marcus Morris Sr.,DET,26,80,42,38,35.7,104.0,3.9,11.4,15.9,0.8,15.2,0.3,11.9,10.6,7.7,7.9,33.1,0.111,2016
41,John Wall,WAS,25,77,37,40,36.2,104.1,4.4,12.2,17.8,1.9,29.2,0.8,24.4,11.8,9.0,9.1,30.4,0.11,2016
42,Steven Adams,OKC,22,80,54,26,25.2,99.9,3.9,14.2,20.7,0.5,12.7,1.1,30.6,8.3,6.9,6.8,22.4,0.11,2016
43,Matthew Dellavedova,CLE,25,76,54,22,24.6,99.7,1.7,6.8,9.7,0.6,16.4,0.1,6.3,7.6,5.5,5.1,19.0,0.109,2016
44,Kyle Lowry,TOR,30,77,54,23,37.0,104.4,4.0,11.1,16.0,2.1,32.6,0.4,10.3,11.1,9.0,8.0,30.5,0.109,2016
45,Kelly Olynyk,BOS,25,69,40,29,20.2,96.8,3.0,13.8,21.3,0.8,20.2,0.5,30.0,5.7,5.8,4.6,17.4,0.109,2016
46,Isaiah Thomas,BOS,27,82,48,34,32.2,103.2,2.4,7.1,10.8,1.1,18.3,0.1,3.9,9.7,9.8,7.0,29.0,0.109,2016
47,Rodney Hood,UTA,23,79,39,40,32.2,103.0,2.9,9.5,13.8,0.9,19.2,0.2,6.0,10.5,7.4,7.7,26.3,0.109,2016
48,Jimmy Butler,CHI,26,67,37,30,36.9,104.5,4.2,10.3,15.8,1.6,32.6,0.6,13.6,11.6,11.3,10.2,33.5,0.108,2016
49,Derrick Favors,UTA,24,62,30,32,32.0,103.2,5.4,18.0,25.6,1.2,23.4,1.5,46.0,10.4,6.8,8.4,26.3,0.107,2016
50,Jeff Teague,ATL,28,79,47,32,28.5,102.1,2.3,7.4,11.3,1.2,22.8,0.3,8.1,9.6,8.2,7.8,25.2,0.106,2016
51,Tony Snell,CHI,24,64,33,31,20.3,97.3,2.8,11.7,17.4,0.3,10.4,0.3,10.7,6.1,5.9,4.9,18.0,0.106,2016
52,Andre Drummond,DET,22,81,43,38,32.9,103.6,9.9,30.9,43.6,1.5,29.3,1.4,54.9,9.6,7.1,7.0,30.6,0.106,2016
53,Marc Gasol,MEM,31,52,30,22,34.4,103.9,5.8,17.9,26.6,1.0,15.4,1.3,44.0,10.6,8.2,10.8,26.6,0.106,2016
54,David West,SAS,35,78,63,15,18.0,95.3,3.0,16.8,23.7,0.6,17.0,0.7,36.2,5.0,4.0,4.3,14.9,0.106,2016
55,Jeremy Lamb,CHA,24,66,40,26,18.6,95.8,3.2,15.7,22.7,0.6,22.6,0.5,19.6,5.1,4.3,4.5,13.7,0.106,2016
56,Cory Joseph,TOR,24,80,54,26,25.6,100.9,2.1,8.0,12.1,0.8,19.3,0.3,8.2,6.7,6.2,5.5,20.4,0.105,2016
57,Jeremy Lin,CHA,27,78,47,31,26.3,101.2,2.7,9.7,14.0,0.7,20.0,0.5,17.7,7.8,6.2,7.0,21.2,0.105,2016
58,Iman Shumpert,CLE,26,54,39,15,24.4,100.4,3.2,12.7,18.3,1.0,27.3,0.4,16.5,7.6,5.5,5.7,19.8,0.105,2016
59,Avery Bradley,BOS,25,76,45,31,33.4,103.9,2.3,6.5,10.0,1.5,23.8,0.3,8.3,10.1,10.7,7.4,29.7,0.104,2016
60,Luol Deng,MIA,31,74,45,29,32.4,103.9,4.5,13.9,19.9,1.0,21.6,0.4,8.6,10.1,8.3,8.2,29.5,0.103,2016
61,Andrew Bogut,GSW,31,70,62,8,20.7,97.9,5.3,22.9,32.4,0.5,14.5,1.6,56.7,6.9,5.5,5.8,17.6,0.103,2016
62,Boris Diaw,SAS,34,76,64,12,18.2,96.4,2.3,12.4,17.5,0.3,11.3,0.3,13.2,5.6,4.1,4.2,16.6,0.102,2016
63,Tristan Thompson,CLE,25,82,57,25,27.7,102.2,5.7,20.9,29.3,0.5,12.1,0.6,29.0,8.6,6.1,5.7,23.6,0.102,2016
64,Kevin Love,CLE,27,77,53,24,31.5,103.6,8.0,25.8,36.3,0.8,17.6,0.5,22.9,10.2,7.2,8.0,27.4,0.101,2016
65,Serge Ibaka,OKC,26,78,54,24,32.1,104.0,5.0,14.3,21.1,0.5,9.9,1.9,41.6,10.8,9.6,8.3,29.7,0.1,2016
66,Trevor Booker,UTA,28,79,39,40,20.7,98.9,3.6,17.8,26.0,0.7,20.9,0.5,22.7,7.3,4.7,5.1,17.1,0.099,2016
67,Tobias Harris,DET,23,76,37,39,33.1,104.3,5.4,16.6,23.4,0.9,16.8,0.5,18.7,10.5,7.5,8.2,28.3,0.099,2016
68,DeMarcus Cousins,SAC,25,65,29,36,34.6,104.9,9.1,24.9,35.7,1.6,23.3,1.4,43.0,13.2,9.4,10.5,30.5,0.098,2016
69,CJ McCollum,POR,24,80,44,36,34.7,104.9,2.7,7.5,10.9,1.2,23.3,0.3,8.2,11.5,8.6,8.0,29.2,0.098,2016
70,Al Jefferson,CHA,31,47,33,14,23.3,100.7,5.2,21.6,30.2,0.6,16.6,0.9,30.6,6.0,5.5,5.7,20.4,0.097,2016
71,Patrick Patterson,TOR,27,79,54,25,25.6,101.7,3.4,12.8,19.1,0.7,17.0,0.4,13.6,6.8,6.6,5.3,20.3,0.096,2016
72,Otto Porter Jr.,WAS,23,75,36,39,30.3,103.9,3.9,13.2,18.9,1.4,25.1,0.4,17.3,10.9,7.4,8.2,25.9,0.095,2016
73,Pau Gasol,CHI,35,72,36,36,31.8,104.4,8.9,24.9,37.6,0.6,15.3,2.0,48.8,10.5,10.2,9.1,29.6,0.095,2016
74,Terrence Ross,TOR,25,73,53,20,23.9,101.2,2.2,9.2,13.6,0.7,20.5,0.3,11.3,6.9,5.6,4.7,19.4,0.094,2016
75,Mike Scott,ATL,27,75,46,29,15.3,94.4,2.0,12.6,19.0,0.3,11.6,0.2,14.8,5.1,3.5,3.3,12.2,0.094,2016
76,Garrett Temple,WAS,30,80,40,40,24.4,101.6,2.2,9.1,13.1,0.9,19.2,0.2,10.6,7.4,5.7,5.8,20.0,0.094,2016
77,Marcin Gortat,WAS,32,75,35,40,30.1,103.8,6.9,22.6,32.4,0.6,12.4,1.3,46.2,10.1,7.7,7.9,25.2,0.094,2016
78,Hassan Whiteside,MIA,27,73,42,31,29.1,103.5,8.6,28.2,41.4,0.6,16.1,3.7,74.5,9.4,8.6,6.1,25.8,0.094,2016
79,Jamal Crawford,LAC,36,79,51,28,26.9,102.8,1.6,5.8,9.2,0.7,12.7,0.2,4.6,8.8,8.3,7.1,22.8,0.093,2016
80,Lavoy Allen,IND,27,79,43,36,20.2,98.9,3.3,15.9,23.6,0.3,9.5,0.5,29.2,6.7,5.3,5.2,16.1,0.093,2016
81,Marvin Williams,CHA,30,81,47,34,28.9,103.6,4.9,16.5,23.6,0.7,16.5,1.0,28.1,8.1,6.8,7.0,23.9,0.092,2016
82,Wesley Johnson,LAC,28,80,51,29,20.8,99.9,2.6,12.1,19.1,1.1,25.7,0.7,24.9,6.5,6.2,5.6,18.0,0.092,2016
83,Deron Williams,DAL,32,65,31,34,32.4,104.8,2.6,7.9,11.5,0.9,20.6,0.2,9.6,10.3,8.8,9.9,27.4,0.092,2016
84,Mike Conley,MEM,28,56,33,23,31.4,104.5,2.5,8.2,12.3,1.2,21.5,0.3,9.8,8.6,7.5,9.1,24.8,0.092,2016
85,Festus Ezeli,GSW,26,46,42,4,16.7,96.8,3.6,19.6,28.7,0.4,12.5,1.1,52.1,6.1,3.7,5.1,15.8,0.09,2016
86,DeMar DeRozan,TOR,26,78,53,25,35.9,106.0,3.7,10.3,14.7,1.0,18.4,0.3,7.0,11.1,8.8,8.6,30.5,0.089,2016
87,Myles Turner,IND,20,60,32,28,22.8,101.6,4.4,18.2,27.5,0.4,9.6,1.4,52.8,7.3,6.4,5.5,20.3,0.089,2016
88,Courtney Lee,CHA,30,79,49,30,29.6,104.1,2.2,7.7,11.4,1.1,20.9,0.4,12.5,8.6,7.2,9.1,25.2,0.089,2016
89,Victor Oladipo,ORL,24,72,32,40,33.0,105.4,4.1,12.1,18.0,1.6,30.5,0.8,20.8,11.4,8.4,9.0,29.8,0.088,2016
90,Reggie Jackson,DET,26,79,43,36,30.7,104.8,2.5,8.3,11.7,0.7,16.5,0.1,6.3,9.1,6.8,6.7,29.2,0.088,2016
91,Mario Chalmers,MIA,30,61,38,23,22.5,101.7,2.2,9.7,14.9,1.4,33.2,0.2,10.6,7.2,6.2,6.2,17.1,0.088,2016
92,Bradley Beal,WAS,23,55,28,27,31.1,105.0,2.7,8.8,12.8,1.0,17.9,0.2,7.9,10.5,7.5,8.3,26.7,0.087,2016
93,Shelvin Mack,UTA,26,52,27,25,20.3,100.3,2.2,11.1,15.7,0.7,19.0,0.1,2.9,7.8,4.4,4.7,16.8,0.087,2016
94,Bismack Biyombo,TOR,23,82,56,26,22.0,101.3,5.8,24.9,36.4,0.2,7.3,1.6,58.6,6.6,5.3,4.7,17.6,0.087,2016
95,Rodney Stuckey,IND,30,58,33,25,22.0,101.2,2.4,10.3,15.2,0.7,19.9,0.1,6.5,7.7,6.2,5.3,19.2,0.087,2016
96,Jared Sullinger,BOS,24,81,47,34,23.6,102.1,5.9,24.3,36.1,0.9,19.7,0.6,29.7,7.0,7.3,5.0,21.0,0.086,2016
97,Khris Middleton,MIL,24,79,33,46,36.1,106.4,3.3,9.1,14.1,1.7,25.3,0.2,5.6,12.5,10.9,9.5,32.7,0.086,2016
98,Tim Hardaway Jr.,ATL,24,51,29,22,16.9,97.8,1.5,8.4,12.6,0.4,14.7,0.1,7.0,5.6,4.0,3.2,13.4,0.086,2016
99,Kristaps Porzingis,NYK,20,72,28,44,28.4,104.3,5.5,18.4,26.9,0.7,21.8,1.9,51.9,8.8,7.2,6.7,24.7,0.085,2016
100,Jared Dudley,WAS,30,81,40,41,25.9,103.3,2.9,11.3,16.6,0.9,19.2,0.2,11.6,8.2,6.2,6.1,22.2,0.085,2016
101,Brook Lopez,BKN,28,73,21,52,33.7,105.8,5.1,15.3,21.6,0.8,15.1,1.7,66.3,12.4,7.9,10.0,31.5,0.085,2016
102,Andre Roberson,OKC,24,70,48,22,22.2,101.7,2.5,10.2,14.7,0.8,20.9,0.6,18.6,7.8,6.4,5.4,20.3,0.085,2016
103,CJ Miles,IND,29,64,34,30,22.9,102.5,2.3,9.9,15.1,0.8,19.0,0.5,19.7,8.0,6.5,6.0,20.4,0.084,2016
104,Dwight Howard,HOU,30,71,34,37,32.1,105.6,8.4,26.1,39.9,1.0,14.6,1.6,50.2,13.6,9.4,9.1,28.5,0.083,2016
105,Eric Gordon,NOP,27,45,14,31,32.9,105.9,2.0,5.9,8.6,1.0,18.6,0.3,8.9,10.5,8.2,8.7,28.2,0.083,2016
106,Spencer Hawes,CHA,28,57,30,27,18.2,99.3,3.4,17.5,25.2,0.4,15.0,0.5,25.2,5.8,4.1,5.1,13.9,0.083,2016
107,Wesley Matthews,DAL,29,78,40,38,33.9,106.0,2.7,8.0,11.5,1.0,21.5,0.2,9.8,9.3,9.4,10.5,28.5,0.083,2016
108,Langston Galloway,NYK,24,82,32,50,24.8,103.4,3.0,11.5,17.2,0.9,28.7,0.3,10.2,7.5,6.5,6.0,21.5,0.083,2016
109,James Harden,HOU,26,82,41,41,38.1,106.9,5.3,14.0,21.4,1.7,21.5,0.6,15.2,15.3,11.3,11.7,34.7,0.083,2016
110,Kyle Anderson,SAS,22,78,64,14,16.0,97.5,2.8,17.9,26.1,0.8,26.9,0.4,19.7,4.5,3.7,3.9,13.6,0.082,2016
111,Chandler Parsons,DAL,27,61,29,32,29.5,105.0,4.2,14.1,20.9,0.8,18.5,0.3,17.5,8.8,8.0,9.9,25.9,0.082,2016
112,Amir Johnson,BOS,29,79,45,34,22.8,102.3,4.1,17.3,26.1,0.7,15.1,1.1,47.2,7.2,6.7,4.8,20.1,0.082,2016
113,Zaza Pachulia,DAL,32,76,40,36,26.4,103.8,6.2,23.7,33.9,0.8,23.7,0.3,18.0,7.6,6.8,8.6,22.4,0.082,2016
114,Ronnie Price,PHX,33,62,20,42,19.5,100.6,1.2,6.0,8.6,1.2,34.9,0.2,14.6,7.6,4.3,6.4,16.5,0.082,2016
115,Luc Mbah a Moute,LAC,29,75,49,26,17.0,98.6,1.5,8.1,11.8,0.6,20.5,0.3,16.7,4.6,4.1,4.0,13.8,0.081,2016
116,Elfrid Payton,ORL,22,73,32,41,29.4,105.1,2.5,8.7,12.4,1.2,23.4,0.3,9.3,9.8,6.9,8.4,27.1,0.081,2016
117,Raul Neto,UTA,24,81,40,41,18.5,99.9,1.3,7.1,10.2,0.8,26.7,0.0,1.2,6.1,4.3,4.4,15.1,0.081,2016
118,Dwyane Wade,MIA,34,74,43,31,30.5,105.5,3.0,9.6,14.0,1.1,25.9,0.6,12.5,10.6,8.4,7.8,28.1,0.081,2016
119,Frank Kaminsky,CHA,23,81,47,34,21.1,101.7,3.3,15.0,21.2,0.5,15.9,0.5,23.8,6.3,5.0,5.7,17.2,0.081,2016
120,Jordan Hill,IND,28,73,40,33,20.7,101.2,4.0,18.6,27.8,0.5,15.9,0.5,26.1,7.2,6.1,5.7,18.1,0.08,2016
121,Cody Zeller,CHA,23,73,42,31,24.3,103.4,4.3,17.8,25.1,0.8,20.7,0.9,31.2,7.2,5.6,6.0,19.4,0.08,2016
122,Omri Casspi,SAC,28,69,27,42,27.3,104.6,5.1,17.6,26.1,0.8,16.5,0.2,10.9,10.5,7.9,8.1,24.6,0.08,2016
123,Kyrie Irving,CLE,24,53,37,16,31.5,105.8,2.1,7.1,10.0,1.1,24.2,0.3,13.1,9.4,7.2,8.3,29.4,0.08,2016
124,JR Smith,CLE,30,77,53,24,30.7,105.6,2.3,7.6,10.7,1.1,25.0,0.3,12.0,9.7,7.4,7.5,27.1,0.08,2016
125,Jeff Green,LAC,29,80,48,32,28.2,104.8,3.2,11.6,17.7,0.7,14.4,0.5,16.9,8.3,7.6,7.4,22.8,0.078,2016
126,Joe Johnson,MIA,35,81,31,50,33.4,106.5,3.0,9.2,13.1,0.8,15.0,0.0,1.7,11.5,8.7,9.4,31.4,0.078,2016
127,Robert Covington,PHI,25,67,10,57,28.4,105.2,5.3,18.7,27.9,1.6,28.4,0.6,17.7,10.9,8.1,8.7,25.3,0.078,2016
128,Austin Rivers,LAC,23,67,42,25,21.8,102.8,1.6,7.0,11.3,0.7,18.1,0.1,4.9,7.8,7.6,6.0,19.5,0.078,2016
129,Gerald Green,MIA,30,69,40,29,22.6,102.9,2.0,8.5,12.3,0.6,19.1,0.3,10.4,7.0,6.1,4.2,19.1,0.078,2016
130,Michael Carter-Williams,MIL,24,54,21,33,30.5,105.9,4.2,13.8,21.0,1.5,28.0,0.8,19.9,11.6,8.8,8.3,26.1,0.078,2016
131,Nikola Vucevic,ORL,25,65,28,37,31.3,106.1,6.2,20.3,28.6,0.8,15.5,1.1,37.2,10.2,6.9,8.7,27.0,0.076,2016
132,Patrick Beverley,HOU,27,71,35,36,28.7,105.4,2.5,8.7,13.2,1.3,21.5,0.4,11.8,11.2,8.6,8.2,25.5,0.076,2016
133,Nene,WAS,33,57,28,29,19.2,101.4,3.6,19.9,28.7,0.9,23.0,0.5,32.1,6.2,4.1,4.8,16.4,0.076,2016
134,Trey Burke,UTA,23,64,31,33,21.3,102.6,1.5,7.0,10.7,0.5,16.5,0.1,4.4,6.9,5.5,5.1,17.4,0.076,2016
135,Josh Richardson,MIA,22,52,29,23,21.3,102.5,1.7,7.5,11.1,0.7,22.0,0.5,16.9,7.5,5.9,4.7,17.8,0.076,2016
136,Jonas Jerebko,BOS,29,78,47,31,15.1,98.1,2.7,17.0,26.6,0.3,9.7,0.3,23.5,4.9,4.2,3.6,13.4,0.076,2016
137,Markieff Morris,WAS,26,64,22,42,25.5,104.5,4.4,17.7,24.7,0.9,21.6,0.5,26.8,9.7,5.9,7.9,21.3,0.075,2016
138,Lance Thomas,NYK,28,59,25,34,22.3,103.5,1.6,6.9,10.6,0.4,13.3,0.1,4.9,8.0,6.1,6.1,20.9,0.074,2016
139,Devin Harris,DAL,33,64,35,29,20.0,102.6,1.9,8.9,13.7,0.9,29.4,0.2,11.8,6.5,5.7,6.9,16.7,0.074,2016
140,Rudy Gay,SAC,29,70,29,41,34.0,107.0,5.0,14.5,21.1,1.4,23.1,0.7,22.6,13.1,9.2,10.8,31.3,0.074,2016
141,Andrew Nicholson,ORL,26,56,22,34,14.7,97.8,3.0,19.1,28.2,0.2,8.2,0.4,23.2,4.3,4.0,3.2,12.1,0.073,2016
142,Brandon Knight,PHX,24,52,16,36,36.0,107.4,3.2,9.0,12.8,1.2,20.2,0.4,12.9,14.8,9.5,12.8,32.7,0.073,2016
143,Nikola Mirotic,CHI,25,66,37,29,24.9,104.7,4.6,17.4,26.4,0.9,25.6,0.7,23.4,8.3,6.9,6.8,24.7,0.073,2016
144,Nikola Jokic,DEN,21,80,31,49,21.7,103.1,4.7,22.3,31.1,1.0,27.0,0.6,31.8,7.0,4.5,5.4,17.5,0.072,2016
145,Stanley Johnson,DET,20,73,37,36,23.1,104.2,3.4,14.7,20.5,0.8,25.1,0.2,7.9,7.4,5.0,5.2,20.3,0.071,2016
146,Carmelo Anthony,NYK,32,72,32,40,35.1,107.4,6.4,17.3,25.6,0.9,21.2,0.5,12.7,11.1,9.2,9.6,31.4,0.071,2016
147,Taj Gibson,CHI,31,73,37,36,26.5,105.3,4.1,14.0,21.1,0.6,20.8,1.1,32.0,8.8,8.2,7.9,23.8,0.071,2016
148,Derrick Rose,CHI,27,66,32,34,31.8,106.9,2.7,7.8,11.8,0.7,17.6,0.2,5.4,10.4,9.9,9.1,30.8,0.071,2016
149,Aaron Gordon,ORL,20,78,32,46,23.9,104.6,4.5,18.9,27.3,0.8,18.6,0.7,25.2,7.8,5.2,6.7,21.9,0.071,2016
150,Clint Capela,HOU,22,77,39,38,19.1,102.2,3.9,20.2,30.9,0.8,18.7,1.2,51.7,7.5,5.5,5.4,17.1,0.071,2016
151,Shaun Livingston,GSW,30,78,69,9,19.5,102.1,1.6,7.8,11.9,0.7,21.7,0.3,15.4,6.2,5.8,5.0,18.4,0.07,2016
152,Nerlens Noel,PHI,22,67,10,57,29.3,106.3,5.8,19.5,30.2,1.8,32.6,1.5,40.3,13.1,8.9,10.6,27.4,0.07,2016
153,Rajon Rondo,SAC,30,72,29,43,35.2,107.7,5.0,13.6,20.1,2.0,29.8,0.1,4.2,14.5,9.9,11.3,32.1,0.07,2016
154,Raymond Felton,DAL,32,80,40,40,27.4,105.8,2.8,9.9,14.6,0.9,22.1,0.2,8.9,8.6,7.9,9.5,23.2,0.07,2016
155,Jrue Holiday,NOP,26,65,27,38,28.2,106.1,2.6,9.4,13.3,1.4,27.2,0.3,13.3,8.2,6.6,6.1,24.0,0.07,2016
156,Allen Crabbe,POR,24,81,43,38,26.0,105.5,2.3,8.6,12.8,0.8,21.3,0.2,8.0,8.7,6.9,6.1,21.6,0.07,2016
157,Damian Lillard,POR,25,75,40,35,35.7,107.8,3.4,9.3,13.8,0.9,17.3,0.4,10.7,12.2,9.2,8.6,32.5,0.069,2016
158,Ramon Sessions,WAS,30,82,41,41,20.3,103.2,2.2,10.8,16.0,0.6,15.2,0.1,3.9,6.1,4.7,5.2,18.2,0.069,2016
159,Tony Allen,MEM,34,64,34,30,25.3,105.2,3.0,12.8,19.2,1.7,33.6,0.3,13.6,8.1,6.2,7.5,21.3,0.069,2016
160,Anthony Davis,NOP,23,61,24,37,35.5,107.8,8.1,23.4,33.2,1.3,22.6,2.0,56.8,10.7,8.4,9.0,31.7,0.068,2016
161,Dion Waiters,OKC,24,78,53,25,27.6,106.0,2.1,7.3,11.0,1.0,24.3,0.2,6.2,10.5,8.1,7.8,26.3,0.068,2016
162,Arron Afflalo,NYK,30,71,27,44,33.4,107.4,3.4,9.8,14.2,0.4,11.0,0.1,3.5,10.1,8.9,8.9,30.6,0.068,2016
163,Randy Foye,OKC,32,81,37,44,20.3,103.1,1.6,7.6,11.4,0.5,15.5,0.4,17.1,7.6,5.2,5.8,18.0,0.068,2016
164,Darrell Arthur,DEN,28,70,26,44,21.7,104.0,3.0,13.2,20.1,0.8,21.8,0.7,32.7,7.7,5.9,6.2,17.8,0.068,2016
165,Ed Davis,POR,27,81,43,38,20.8,103.5,4.6,21.1,31.2,0.7,24.2,0.9,42.4,6.7,5.5,5.0,16.3,0.068,2016
166,Richard Jefferson,CLE,36,74,51,23,17.9,102.0,1.5,8.5,12.2,0.4,19.1,0.2,14.4,6.0,4.1,3.6,14.8,0.067,2016
167,Ryan Anderson,NOP,28,66,24,42,30.4,106.9,4.0,13.6,19.6,0.6,11.7,0.4,12.9,9.3,7.6,7.2,28.5,0.067,2016
168,Doug McDermott,CHI,24,81,41,40,23.0,104.6,2.0,8.0,11.8,0.2,6.5,0.1,3.1,8.0,6.5,6.9,20.7,0.067,2016
169,Chris Johnson,UTA,26,70,38,32,12.2,97.2,1.5,11.8,16.9,0.5,21.9,0.3,19.8,4.0,3.0,2.6,9.6,0.067,2016
170,Danilo Gallinari,DEN,27,53,22,31,34.7,107.8,4.3,12.7,18.2,0.8,14.3,0.4,11.1,11.8,8.3,9.4,31.2,0.067,2016
171,Joe Ingles,UTA,28,81,40,41,15.3,100.3,1.6,10.9,16.0,0.7,28.9,0.0,3.4,5.4,3.6,3.6,12.6,0.067,2016
172,Anthony Tolliver,DET,31,72,36,36,18.6,102.4,2.6,14.3,19.8,0.4,14.2,0.2,14.4,4.8,4.0,3.9,16.8,0.067,2016
173,Ricky Rubio,MIN,25,76,28,48,30.6,107.0,3.8,12.4,18.8,2.1,39.1,0.1,4.0,10.2,8.7,7.9,28.5,0.067,2016
174,Giannis Antetokounmpo,MIL,21,80,32,48,35.3,107.9,6.2,18.0,27.5,1.2,19.3,1.4,32.1,12.5,10.5,9.3,32.1,0.066,2016
175,Andrew Wiggins,MIN,21,81,29,52,35.1,107.9,2.3,6.6,10.0,1.0,16.1,0.6,15.8,12.3,9.5,9.9,33.6,0.066,2016
176,P.J. Tucker,PHX,31,82,23,59,31.0,107.1,4.2,13.8,19.6,1.3,26.2,0.2,10.8,13.8,8.0,11.0,26.8,0.066,2016
177,Al-Farouq Aminu,POR,25,82,44,38,28.5,106.7,4.9,16.8,24.5,0.9,20.2,0.6,23.0,10.0,7.5,6.5,26.2,0.066,2016
178,Corey Brewer,HOU,30,82,41,41,20.4,104.0,1.9,9.0,14.0,1.0,23.8,0.2,10.6,8.4,6.6,5.9,18.5,0.066,2016
179,Alonzo Gee,NOP,29,73,27,46,22.4,104.7,2.5,11.1,16.0,0.9,22.7,0.2,8.7,6.8,6.1,5.3,21.0,0.066,2016
180,Kirk Hinrich,ATL,35,46,26,20,13.7,98.5,1.3,9.3,14.2,0.3,15.8,0.0,3.0,4.4,4.1,3.2,11.7,0.065,2016
181,Dwight Powell,DAL,24,69,35,34,14.4,100.0,2.7,18.8,27.9,0.5,22.4,0.3,34.8,4.6,3.7,4.7,12.7,0.065,2016
182,Jeff Withey,UTA,26,51,25,26,12.9,97.8,2.3,18.3,27.1,0.4,18.9,1.0,69.7,3.4,3.0,2.5,10.0,0.065,2016
183,Marcelo Huertas,LAL,33,53,8,45,16.4,101.1,1.4,8.2,11.9,0.5,18.2,0.1,10.9,5.1,4.2,5.1,14.4,0.065,2016
184,Evan Fournier,ORL,23,79,33,46,32.5,107.6,2.4,7.7,11.3,1.2,20.6,0.0,0.8,11.2,7.7,9.4,29.7,0.064,2016
185,Will Barton,DEN,25,82,33,49,28.7,106.8,5.1,17.7,26.2,0.9,21.9,0.5,17.1,10.1,7.5,7.4,26.2,0.064,2016
186,Trevor Ariza,HOU,31,81,40,41,35.3,108.1,3.7,10.6,16.4,2.0,26.4,0.3,9.0,14.6,10.4,10.6,32.7,0.064,2016
187,Zach Randolph,MEM,34,68,37,31,29.7,106.9,5.1,18.7,28.2,0.6,12.7,0.2,8.3,9.1,7.8,9.3,24.9,0.064,2016
188,Channing Frye,CLE,33,70,35,35,17.1,102.0,2.8,17.2,25.0,0.4,14.2,0.4,28.0,5.5,3.8,4.2,13.7,0.063,2016
189,Brandon Jennings,ORL,26,48,20,28,18.1,102.9,1.7,9.2,12.8,0.6,20.0,0.1,8.1,5.6,3.9,4.6,15.8,0.063,2016
190,Mario Hezonja,ORL,21,79,33,46,17.9,102.7,1.9,10.8,15.6,0.5,17.0,0.2,11.3,5.5,3.9,4.3,16.3,0.063,2016
191,Josh Smith,HOU,30,55,31,24,16.0,101.5,2.6,15.4,24.0,0.6,18.9,0.9,40.9,6.2,4.5,4.6,14.0,0.063,2016
192,Ben McLemore,SAC,23,68,28,40,21.2,104.6,1.7,7.6,11.0,0.8,19.9,0.1,6.3,8.9,5.4,6.7,18.7,0.063,2016
193,Robin Lopez,NYK,28,82,32,50,27.1,106.5,4.1,14.5,21.0,0.2,6.8,1.6,45.9,9.0,6.8,7.5,24.7,0.063,2016
194,Gorgui Dieng,MIN,26,82,29,53,27.1,106.5,5.2,19.6,29.9,1.1,24.0,1.2,41.9,9.6,7.3,7.3,25.1,0.062,2016
195,Steve Blake,DET,36,58,34,24,17.0,102.3,1.4,8.3,11.6,0.4,17.5,0.1,6.8,5.2,3.8,3.6,14.8,0.062,2016
196,Jabari Parker,MIL,21,76,32,44,31.7,107.7,3.6,11.4,17.5,0.9,16.8,0.4,10.5,11.7,9.6,8.9,29.7,0.062,2016
197,Jerami Grant,PHI,22,77,9,68,26.8,106.6,3.4,12.2,18.8,0.7,15.9,1.6,43.1,11.4,8.2,9.0,25.2,0.062,2016
198,David Lee,DAL,33,55,27,28,16.4,102.4,3.7,21.8,32.2,0.4,13.3,0.5,37.8,6.1,4.5,4.7,13.9,0.062,2016
199,Paul Pierce,LAC,38,68,44,24,18.1,103.0,2.6,13.5,20.6,0.5,16.3,0.3,13.4,5.1,5.0,5.1,15.4,0.062,2016
200,Beno Udrih,MEM,33,44,26,18,16.1,101.7,1.5,9.1,12.5,0.3,15.1,0.0,1.1,5.0,3.4,2.9,12.7,0.062,2016
201,Thaddeus Young,BKN,28,73,21,52,33.0,108.0,6.6,20.8,29.4,1.5,30.2,0.5,21.8,12.3,7.8,10.1,32.9,0.061,2016
202,Jonathon Simmons,SAS,26,55,47,8,14.8,101.0,1.5,9.9,14.2,0.4,20.0,0.1,5.7,5.1,3.9,4.1,14.0,0.061,2016
203,E'Twaun Moore,CHI,27,59,29,30,21.4,105.0,1.9,8.2,12.5,0.6,23.9,0.3,11.9,7.4,6.6,6.6,20.2,0.061,2016
204,Jon Leuer,PHX,27,67,22,45,18.7,103.9,4.4,23.0,33.7,0.6,18.0,0.4,27.0,7.6,4.9,6.1,17.3,0.06,2016
205,Darren Collison,SAC,28,74,29,45,30.0,107.5,1.9,6.2,9.4,1.0,18.2,0.1,2.0,10.2,8.5,8.5,27.1,0.06,2016
206,Solomon Hill,IND,25,59,31,28,14.7,101.1,2.2,13.6,20.6,0.6,22.2,0.2,12.5,4.6,4.3,3.6,12.8,0.06,2016
207,Jose Calderon,NYK,34,72,29,43,28.1,107.2,2.9,9.8,14.3,0.9,29.6,0.1,2.6,9.5,7.2,8.2,25.3,0.059,2016
208,Emmanuel Mudiay,DEN,20,68,29,39,30.4,107.9,2.9,9.7,13.6,1.0,19.3,0.5,15.9,10.7,7.2,8.5,27.0,0.059,2016
209,Aaron Brooks,CHI,31,69,36,33,16.1,102.3,1.2,6.8,10.1,0.4,22.6,0.1,8.9,5.2,4.2,4.6,13.8,0.059,2016
210,Pablo Prigioni,LAC,39,59,37,22,13.9,100.4,1.3,9.2,14.5,0.9,30.8,0.0,1.0,4.3,5.0,4.1,12.8,0.058,2016
211,Cole Aldrich,LAC,27,60,41,19,13.3,99.8,3.4,25.2,40.2,0.8,25.7,1.1,65.4,4.4,4.4,3.5,11.6,0.058,2016
212,Meyers Leonard,POR,24,61,33,28,21.8,105.3,4.3,19.2,27.3,0.1,5.4,0.3,19.1,7.4,5.3,5.0,16.7,0.058,2016
213,Alex Len,PHX,23,78,23,55,23.3,105.9,5.3,22.3,31.9,0.5,13.8,0.8,39.2,10.0,6.3,8.0,20.6,0.058,2016
214,Alexis Ajinca,NOP,28,59,20,39,14.6,101.4,3.3,22.7,32.8,0.3,13.0,0.6,54.5,4.2,2.8,3.1,11.6,0.058,2016
215,Gerald Henderson,POR,28,72,39,33,19.9,104.7,2.5,12.1,17.8,0.5,20.1,0.3,13.0,6.6,5.3,4.5,15.7,0.058,2016
216,Larry Nance Jr.,LAL,23,63,14,49,20.1,104.8,3.3,16.5,24.7,0.9,26.3,0.4,20.2,6.8,5.4,5.8,18.6,0.057,2016
217,Trey Lyles,UTA,20,80,38,42,17.3,103.3,3.0,18.0,26.0,0.3,13.5,0.2,14.0,5.4,4.3,4.3,14.9,0.057,2016
218,Ty Lawson,IND,28,66,31,35,21.4,105.6,1.4,6.4,9.8,0.8,20.4,0.1,4.5,8.4,6.7,6.3,21.4,0.057,2016
219,Marcus Thornton,WAS,29,61,32,29,18.2,104.0,1.8,9.9,15.2,0.8,19.4,0.1,3.8,6.7,5.7,6.2,17.8,0.057,2016
220,Matt Barnes,MEM,36,76,38,38,28.8,107.7,4.4,16.0,23.8,1.0,20.6,0.8,27.3,8.6,7.0,9.1,22.9,0.057,2016
221,JaMychal Green,MEM,26,78,39,39,18.5,104.5,3.0,17.4,25.4,0.6,15.5,0.4,25.0,6.1,4.1,5.4,14.3,0.057,2016
222,Norris Cole,NOP,27,45,20,25,26.6,107.2,3.1,12.2,17.8,0.8,20.0,0.1,4.1,7.4,6.5,6.1,25.9,0.056,2016
223,John Henson,MIL,25,57,22,35,16.8,103.4,2.4,13.3,20.7,0.3,13.2,1.9,64.5,6.8,4.6,4.3,14.1,0.056,2016
224,Justin Anderson,DAL,22,55,28,27,11.8,99.3,2.1,16.7,23.5,0.3,21.3,0.5,35.2,3.4,2.8,4.0,9.1,0.056,2016
225,Jonas Valanciunas,TOR,24,60,40,20,25.9,107.1,6.1,24.5,34.6,0.4,10.0,1.3,48.8,7.8,6.0,6.4,22.6,0.055,2016
226,Marco Belinelli,SAC,30,68,27,41,24.6,106.7,1.6,6.4,9.6,0.5,12.4,0.0,1.6,9.3,6.7,7.4,23.4,0.055,2016
227,Hollis Thompson,PHI,25,77,10,67,28.0,107.7,2.8,9.9,15.6,0.5,9.8,0.3,9.5,11.8,9.3,9.7,26.7,0.055,2016
228,Timofey Mozgov,CLE,29,76,52,24,17.4,104.0,3.0,16.8,24.0,0.3,13.5,0.8,49.6,5.9,4.0,4.5,14.3,0.054,2016
229,Jason Smith,ORL,30,76,33,43,15.5,103.0,2.2,14.4,21.0,0.4,16.8,0.9,49.2,4.9,3.4,3.9,13.6,0.054,2016
230,Ersan Ilyasova,ORL,29,74,35,39,25.4,107.2,3.5,15.0,21.4,0.7,17.1,0.4,23.9,8.8,5.9,6.6,25.1,0.053,2016
231,Jerian Grant,NYK,23,76,29,47,16.6,103.9,1.6,9.1,14.2,0.7,28.6,0.1,7.0,5.3,4.6,3.7,14.9,0.053,2016
232,Josh McRoberts,MIA,29,42,27,15,14.2,102.0,2.0,13.9,20.0,0.4,21.7,0.2,10.0,4.2,3.6,2.8,11.5,0.053,2016
233,Greg Monroe,MIL,26,79,32,47,29.3,108.2,6.1,21.5,32.7,0.9,17.3,0.8,28.3,10.3,8.7,8.1,27.2,0.053,2016
234,Leandro Barbosa,GSW,33,68,60,8,15.9,103.4,1.3,7.9,11.7,0.6,22.1,0.1,7.1,5.1,4.6,4.8,14.5,0.053,2016
235,Mason Plumlee,POR,26,82,44,38,25.4,107.4,5.2,20.3,29.3,0.8,23.4,1.0,41.9,9.2,6.3,5.7,23.3,0.052,2016
236,Chase Budinger,PHX,28,66,29,37,14.1,102.1,1.6,11.5,16.5,0.5,19.6,0.2,11.9,5.0,4.0,3.9,13.3,0.052,2016
237,Tayshaun Prince,MIN,36,77,27,50,19.0,105.0,1.5,7.8,11.9,0.5,14.9,0.2,10.0,6.1,5.3,4.5,17.9,0.052,2016
238,Nick Collison,OKC,35,59,39,20,11.9,100.0,1.7,14.1,20.1,0.3,17.2,0.3,28.1,4.5,3.0,3.4,10.6,0.051,2016
239,Jahlil Okafor,PHI,20,53,6,47,30.0,108.4,4.7,16.0,23.8,0.4,9.4,1.2,29.5,13.7,8.6,11.1,28.3,0.051,2016
240,Nik Stauskas,PHI,22,73,8,65,24.8,107.5,2.2,8.9,13.5,0.6,14.7,0.3,8.7,10.2,7.3,8.8,23.6,0.05,2016
241,J.J. Barea,DAL,32,74,38,36,22.5,107.0,1.7,7.5,11.4,0.4,12.0,0.0,1.5,6.6,6.8,8.0,18.8,0.05,2016
242,Maurice Harkless,POR,23,78,40,38,18.7,105.5,2.3,11.7,17.7,0.6,21.1,0.4,24.1,6.4,5.3,4.2,15.6,0.05,2016
243,Brandon Bass,LAL,31,66,16,50,20.3,106.2,2.7,13.6,20.5,0.5,15.6,0.8,49.1,6.6,5.8,6.2,20.6,0.049,2016
244,Lance Stephenson,MEM,25,69,36,33,19.9,106.2,2.7,13.5,20.6,0.6,18.4,0.1,5.8,6.8,5.3,5.6,17.0,0.049,2016
245,Kevin Martin,SAS,33,55,24,31,19.9,106.4,1.7,9.0,13.2,0.5,15.6,0.1,2.6,7.5,5.3,6.0,17.9,0.049,2016
246,Wayne Ellington,BKN,28,76,18,58,21.2,106.6,2.0,9.6,14.0,0.6,19.3,0.1,3.9,7.6,5.4,6.3,21.4,0.048,2016
247,Willie Cauley-Stein,SAC,22,66,26,40,21.4,106.8,3.3,15.0,22.8,0.7,18.0,1.0,48.2,8.3,6.4,7.0,19.3,0.048,2016
248,Enes Freedom,OKC,24,82,55,27,21.0,106.6,5.1,23.0,33.8,0.3,11.0,0.4,20.0,8.2,6.0,5.6,20.3,0.048,2016
249,Sasha Vujacic,NYK,32,61,22,39,14.9,103.9,2.0,13.2,19.9,0.6,26.6,0.1,4.8,4.5,3.6,4.2,12.7,0.048,2016
250,Kevin Seraphin,NYK,26,48,15,33,11.0,100.4,2.0,17.2,26.0,0.2,12.7,0.8,64.3,3.9,2.9,2.8,9.2,0.048,2016
251,Gary Harris,DEN,21,76,31,45,32.1,109.2,2.2,6.9,10.1,1.3,23.8,0.2,7.8,11.2,7.8,8.6,29.6,0.048,2016
252,Amar'e Stoudemire,MIA,33,52,30,22,14.7,103.6,3.0,20.6,29.0,0.3,16.1,0.8,50.0,4.7,3.3,4.1,13.0,0.047,2016
253,T.J. Warren,PHX,22,47,14,33,22.8,107.3,1.9,8.8,12.9,0.8,19.0,0.3,16.7,9.9,5.7,8.4,21.7,0.047,2016
254,D.J. Augustin,DEN,28,62,35,27,19.0,106.1,1.4,7.2,10.7,0.6,24.5,0.1,3.5,7.2,5.4,5.5,18.2,0.047,2016
255,Karl-Anthony Towns,MIN,20,82,29,53,32.0,109.3,7.7,24.2,36.7,0.7,13.2,1.7,51.5,11.3,9.0,9.1,30.5,0.047,2016
256,Luis Scola,TOR,36,76,50,26,21.5,107.0,3.6,17.9,25.2,0.6,17.1,0.4,16.8,7.4,5.0,5.6,19.0,0.047,2016
257,Kyle Singler,OKC,28,68,43,25,14.4,103.8,1.3,8.7,12.9,0.4,20.5,0.1,9.1,5.8,4.0,4.3,13.7,0.046,2016
258,Miles Plumlee,MIL,27,61,23,38,14.3,103.6,2.3,15.3,23.9,0.3,14.4,0.8,44.6,5.2,3.9,3.6,13.1,0.046,2016
259,Rasual Butler,SAS,37,46,41,5,9.4,98.1,1.2,11.8,16.3,0.3,19.1,0.5,37.7,2.7,2.1,2.5,8.5,0.046,2016
260,Tyson Chandler,PHX,33,66,18,48,24.5,107.9,6.1,25.1,34.9,0.5,14.5,0.7,40.4,11.0,5.9,9.6,20.5,0.046,2016
261,T.J. McConnell,PHI,24,81,10,71,19.8,106.5,2.6,13.4,20.6,1.2,32.8,0.1,5.1,8.2,5.6,7.3,18.8,0.046,2016
262,Derrick Williams,NYK,25,80,32,48,17.9,105.9,3.1,16.9,25.6,0.4,15.9,0.1,6.5,5.4,4.7,5.0,16.9,0.046,2016
263,Ish Smith,PHI,27,77,16,61,29.1,108.9,3.4,11.4,17.4,1.1,24.0,0.3,9.4,10.7,9.1,9.2,27.9,0.046,2016
264,Isaiah Canaan,PHI,25,77,10,67,25.5,108.2,2.0,7.9,12.1,0.7,17.2,0.2,4.8,10.2,7.9,8.9,24.4,0.046,2016
265,Aron Baynes,DET,29,81,43,38,15.2,104.4,3.0,20.2,27.8,0.3,13.2,0.6,58.4,4.9,3.4,3.4,13.5,0.045,2016
266,Norman Powell,TOR,23,49,32,17,14.8,104.2,1.9,12.9,18.2,0.6,24.4,0.2,11.4,4.3,3.4,3.9,12.5,0.045,2016
267,Devin Booker,PHX,19,76,20,56,27.7,108.7,2.1,7.5,10.9,0.6,14.2,0.3,11.9,11.9,8.0,10.1,25.4,0.045,2016
268,James Johnson,TOR,29,57,35,22,16.2,105.1,1.7,11.0,15.7,0.5,19.2,0.6,33.0,4.7,3.8,3.8,14.6,0.045,2016
269,Vince Carter,MEM,39,60,33,27,16.8,105.6,1.9,11.7,17.7,0.6,19.9,0.3,19.3,5.3,4.2,5.1,11.4,0.045,2016
270,JaKarr Sampson,DEN,23,73,18,55,15.9,105.3,2.0,11.8,17.6,0.3,12.7,0.5,20.8,6.1,4.3,4.8,14.5,0.044,2016
271,Justin Holiday,CHI,27,53,28,25,14.6,104.5,1.5,9.8,14.7,0.6,25.8,0.4,25.3,5.5,3.7,4.6,12.9,0.044,2016
272,Jerryd Bayless,MIL,27,52,21,31,28.9,109.1,2.3,8.1,12.8,0.9,19.1,0.2,6.5,10.9,8.5,8.1,26.4,0.044,2016
273,Tyler Ennis,MIL,21,46,17,29,14.2,104.1,1.3,9.7,14.7,0.5,23.1,0.0,1.4,5.0,3.9,3.4,13.4,0.044,2016
274,Tyler Zeller,BOS,26,60,38,22,11.8,102.3,1.9,14.8,22.1,0.2,8.9,0.4,31.0,4.1,3.6,3.1,10.7,0.044,2016
275,James Jones,CLE,35,48,33,15,9.7,99.7,0.9,8.7,12.9,0.2,17.2,0.2,18.2,2.9,2.6,1.8,7.9,0.043,2016
276,Kris Humphries,ATL,31,53,29,24,15.7,105.5,3.0,19.0,28.0,0.3,12.1,0.4,22.5,5.1,4.0,4.8,14.6,0.043,2016
277,Tim Frazier,NOP,25,51,25,26,14.5,104.6,1.6,11.1,16.1,0.6,30.0,0.0,4.2,4.8,3.7,3.0,11.5,0.042,2016
278,Glenn Robinson III,IND,22,45,24,21,11.3,102.0,1.2,10.9,15.4,0.4,20.0,0.2,16.4,3.8,2.6,3.6,10.1,0.042,2016
279,Donald Sloan,BKN,28,61,13,48,21.6,107.9,2.6,11.9,17.3,0.5,16.5,0.1,3.8,7.2,5.6,6.3,22.0,0.041,2016
280,Quincy Acy,SAC,25,59,21,38,14.8,105.2,2.1,13.9,21.0,0.5,16.3,0.4,28.9,6.1,4.3,4.8,13.0,0.041,2016
281,Noah Vonleh,POR,20,78,41,37,15.0,105.3,2.7,18.4,26.6,0.3,15.3,0.3,22.8,5.2,3.3,3.4,13.0,0.04,2016
282,Dewayne Dedmon,ORL,26,58,21,37,12.2,103.5,2.8,22.3,34.3,0.4,18.0,0.8,48.9,4.7,3.3,2.9,11.7,0.04,2016
283,Anderson Varejao,GSW,33,53,41,12,9.4,100.0,2.0,20.4,30.1,0.3,19.8,0.2,25.0,3.3,2.6,2.3,7.6,0.04,2016
284,Mike Muscala,ATL,24,60,34,26,9.4,100.5,1.3,13.8,21.0,0.2,11.4,0.5,40.3,3.3,2.3,2.2,8.5,0.04,2016
285,Jason Terry,HOU,38,72,37,35,17.5,106.9,0.9,5.2,8.0,0.7,18.3,0.1,7.4,7.1,5.1,5.1,16.0,0.039,2016
286,Kyle O'Quinn,NYK,26,65,26,39,11.8,103.8,2.7,20.8,32.3,0.3,21.5,0.8,58.3,3.7,3.6,3.4,10.2,0.038,2016
287,Mirza Teletovic,PHX,30,79,23,56,21.3,108.4,3.1,14.6,21.5,0.4,12.3,0.3,14.9,8.8,5.8,8.2,21.1,0.037,2016
288,Kelly Oubre Jr.,WAS,20,63,31,32,10.7,103.0,1.7,15.5,23.1,0.3,21.2,0.1,13.5,2.9,2.9,3.6,9.0,0.037,2016
289,James Anderson,SAC,27,51,19,32,14.1,105.7,1.4,9.1,14.3,0.4,15.8,0.3,16.5,5.5,5.0,4.5,12.7,0.037,2016
290,Kosta Koufos,SAC,27,78,32,46,19.0,107.8,3.3,17.0,25.1,0.5,15.4,0.9,51.1,7.5,4.9,5.8,16.8,0.037,2016
291,Nemanja Bjelica,MIN,28,60,20,40,17.9,107.6,2.7,15.6,23.3,0.4,15.7,0.4,23.9,7.4,4.3,4.6,16.1,0.036,2016
292,Nick Young,LAL,31,54,13,41,19.1,107.9,1.5,8.1,12.4,0.4,14.6,0.1,7.9,6.5,5.7,5.9,19.0,0.036,2016
293,PJ Hairston,MEM,23,66,31,35,19.9,108.4,2.3,11.9,17.3,0.5,14.4,0.2,8.1,5.9,4.9,5.1,16.7,0.036,2016
294,Dante Cunningham,NOP,29,80,28,52,24.6,109.3,2.2,9.7,13.4,0.5,13.2,0.4,23.1,7.8,4.9,5.5,22.5,0.036,2016
295,Marreese Speights,GSW,28,72,64,8,11.6,104.1,2.3,18.2,27.9,0.3,14.3,0.5,33.3,3.9,3.7,3.5,11.4,0.035,2016
296,Anthony Morrow,OKC,30,68,46,22,13.6,105.6,0.8,5.4,8.0,0.3,16.7,0.1,5.3,5.1,4.0,3.9,13.4,0.035,2016
297,Omer Asik,NOP,29,68,29,39,17.3,107.5,4.3,25.8,34.3,0.3,11.9,0.3,27.1,5.1,3.4,4.4,15.0,0.035,2016
298,Shabazz Napier,ORL,24,55,23,32,10.9,103.7,0.8,7.7,11.3,0.4,29.5,0.0,1.3,3.6,2.5,3.0,9.3,0.034,2016
299,Boban Marjanovic,SAS,27,54,47,7,9.4,102.3,2.2,24.6,35.5,0.2,15.0,0.4,44.2,3.3,1.9,3.0,7.6,0.034,2016
300,Bojan Bogdanovic,BKN,27,79,21,58,26.8,109.9,2.8,10.5,15.9,0.4,9.2,0.1,2.7,10.8,6.5,8.9,27.8,0.034,2016
301,Seth Curry,SAC,25,44,17,27,15.7,107.0,1.2,7.1,11.1,0.5,17.5,0.1,5.0,5.6,4.8,5.3,13.5,0.034,2016
302,D'Angelo Russell,LAL,20,80,17,63,28.2,110.1,2.8,10.1,15.2,1.2,27.3,0.2,6.6,10.3,8.4,10.9,28.6,0.034,2016
303,Richaun Holmes,PHI,22,51,7,44,13.8,106.3,1.4,10.4,15.9,0.4,16.2,0.8,44.0,5.8,4.1,4.7,12.2,0.033,2016
304,Sonny Weems,PHX,29,43,6,37,11.6,105.0,1.1,9.8,14.1,0.2,9.6,0.0,2.9,4.6,2.8,4.1,10.3,0.033,2016
305,Bobby Portis,CHI,21,62,29,33,17.8,108.0,3.5,18.6,27.5,0.4,21.0,0.4,20.6,5.9,4.9,5.0,16.4,0.033,2016
306,Luke Babbitt,NOP,27,47,16,31,18.0,108.2,2.6,14.7,21.1,0.2,8.3,0.1,11.7,5.9,4.0,5.1,16.2,0.033,2016
307,Zach LaVine,MIN,21,82,29,53,28.0,110.4,2.5,8.9,13.5,0.8,18.4,0.2,8.4,11.6,7.4,8.0,27.6,0.032,2016
308,Shabazz Muhammad,MIN,23,82,29,53,20.5,109.1,2.0,10.2,15.6,0.3,9.4,0.1,5.1,8.3,5.6,5.9,20.2,0.032,2016
309,Jared Cunningham,CLE,25,44,31,13,9.3,103.4,0.8,8.8,13.5,0.3,21.9,0.0,7.4,4.2,2.2,1.8,7.9,0.032,2016
310,Kenneth Faried,DEN,26,67,26,41,25.3,110.0,5.2,21.0,29.5,0.5,12.4,0.9,33.7,9.0,5.7,6.9,23.3,0.031,2016
311,Troy Daniels,CHA,24,43,25,18,11.1,105.2,1.2,10.3,14.6,0.3,15.1,0.1,8.6,3.7,2.9,3.3,9.8,0.031,2016
312,Cameron Payne,OKC,21,57,44,13,12.2,105.9,1.3,10.8,15.9,0.6,32.1,0.1,8.3,4.6,3.5,3.8,11.2,0.031,2016
313,Rashad Vaughn,MIL,19,70,30,40,14.3,107.2,1.1,7.7,11.5,0.4,17.6,0.2,12.4,5.6,3.7,4.4,13.3,0.03,2016
314,Charlie Villanueva,DAL,31,62,29,33,10.7,105.2,2.1,19.3,27.6,0.3,20.5,0.2,26.8,3.1,2.5,3.5,9.6,0.03,2016
315,John Jenkins,PHX,25,43,18,25,11.2,105.6,1.1,9.4,13.3,0.2,14.0,0.0,2.4,4.2,3.2,4.3,11.6,0.03,2016
316,Johnny O'Bryant III,MIL,23,66,27,39,13.0,106.6,1.7,13.3,20.3,0.3,13.7,0.1,9.6,4.7,3.4,3.2,12.0,0.029,2016
317,Toney Douglas,NOP,30,61,22,39,20.7,109.5,1.9,9.9,13.8,1.1,33.0,0.1,5.8,6.4,4.6,5.5,18.8,0.029,2016
318,Shane Larkin,BKN,23,78,20,58,22.4,109.9,1.9,9.2,13.8,1.2,31.4,0.2,7.5,9.1,5.3,6.5,22.9,0.029,2016
319,Jason Thompson,TOR,29,47,38,9,10.0,105.5,2.2,20.9,30.1,0.3,15.8,0.4,35.1,2.9,2.7,3.3,9.2,0.027,2016
320,Lou Williams,LAL,29,67,14,53,28.5,111.0,2.1,7.2,10.7,0.9,21.9,0.3,10.6,9.8,9.0,9.7,28.8,0.026,2016
321,Brandon Rush,GSW,30,72,63,9,14.6,108.7,2.2,14.0,20.5,0.3,12.8,0.3,16.3,5.6,4.9,4.8,14.5,0.024,2016
322,Brian Roberts,POR,30,51,26,25,9.2,105.7,0.7,7.5,10.8,0.2,15.6,0.0,7.1,2.7,2.0,2.4,7.2,0.024,2016
323,Jordan Clarkson,LAL,24,79,17,62,32.3,111.9,2.8,8.6,12.9,1.1,23.6,0.1,3.3,10.9,9.9,11.5,33.0,0.021,2016
324,Archie Goodwin,PHX,21,57,14,43,19.5,110.6,2.0,10.4,15.0,0.5,17.5,0.2,15.3,8.7,5.4,7.7,18.8,0.02,2016
325,Joffrey Lauvergne,DEN,24,59,24,35,17.6,110.8,3.6,20.4,30.5,0.2,9.8,0.3,17.0,6.7,5.0,5.5,17.7,0.017,2016
326,Tyler Hansbrough,CHA,30,44,28,16,7.8,107.0,1.1,14.8,22.0,0.3,25.0,0.2,28.0,2.6,1.5,2.0,6.9,0.017,2016
327,Andrea Bargnani,BKN,30,46,11,35,13.8,110.2,1.5,11.7,18.0,0.1,5.7,0.2,15.3,5.2,3.0,3.4,13.8,0.016,2016
328,Thomas Robinson,BKN,25,71,16,55,12.9,110.3,3.1,25.5,40.0,0.5,23.8,0.5,39.6,5.3,3.9,3.8,12.8,0.015,2016
329,Terrence Jones,HOU,24,50,24,26,20.9,112.0,3.0,14.8,23.0,0.5,11.4,0.8,31.2,7.8,6.6,6.2,20.5,0.013,2016
330,Mike Miller,DEN,36,47,21,26,7.9,109.2,1.0,12.7,19.0,0.3,23.2,0.1,10.3,2.6,2.3,1.9,7.1,0.012,2016
331,Ian Clark,GSW,25,66,59,7,8.8,109.8,0.8,9.0,13.7,0.3,20.0,0.2,18.3,3.6,2.8,3.4,8.7,0.011,2016
332,Adreian Payne,MIN,25,52,18,34,9.3,110.8,1.8,19.8,29.4,0.3,20.3,0.2,23.4,4.0,2.9,3.1,10.3,0.009,2016
333,Julius Randle,LAL,21,81,17,64,28.2,113.0,8.1,29.2,43.5,0.7,16.3,0.4,15.1,10.1,8.5,11.5,29.0,0.009,2016
334,Markel Brown,BKN,24,62,12,50,15.8,113.5,1.6,10.6,16.7,0.6,24.5,0.2,16.3,6.3,4.6,4.3,15.8,0.003,2016
335,Roy Hibbert,LAL,29,81,17,64,23.2,113.7,3.3,13.9,21.1,0.4,12.2,1.4,62.5,8.3,7.5,9.4,23.4,0.002,2016
336,Kobe Bryant,LAL,37,66,13,53,28.2,114.9,3.1,11.1,16.8,0.9,22.1,0.2,8.7,10.0,9.4,11.2,29.6,-0.008,2016
