,Player,TEAM,AGE,GP,W,L,MIN,DEF RTG,DREB,DREB%,%DREB,STL,STL%,BLK,%BLK,OPP PTSOFF TOV,OPP PTS2ND CHANCE,OPP PTSFB,OPP PTSPAINT,DEFWS,Year
0,Giannis Antetokounmpo,MIL,24,72,56,16,32.8,101.8,10.3,27.3,37.4,1.3,24.2,1.5,32.9,9.5,7.8,6.3,28.0,0.164,2019
1,Paul George,OKC,29,77,46,31,36.9,103.9,6.8,17.3,24.6,2.2,30.1,0.4,11.4,11.7,8.9,8.6,35.9,0.161,2019
2,Joe Ingles,UTA,31,82,50,32,31.3,101.6,3.6,10.8,15.3,1.2,21.7,0.2,6.5,10.2,7.4,7.4,30.6,0.159,2019
3,Donovan Mitchell,UTA,22,77,49,28,33.7,103.7,3.3,9.3,13.0,1.4,24.0,0.4,9.7,11.8,7.4,8.1,32.7,0.149,2019
4,Rudy Gobert,UTA,27,81,50,31,31.8,103.6,9.0,27.0,37.4,0.8,15.2,2.3,60.1,11.1,7.3,7.9,30.3,0.141,2019
5,Chris Paul,HOU,34,58,39,19,32.0,104.2,3.9,12.3,18.9,2.0,31.5,0.3,10.2,10.5,8.3,8.3,33.2,0.139,2019
6,Joel Embiid,PHI,25,64,43,21,33.7,104.8,11.1,29.2,41.4,0.7,15.0,1.9,49.6,11.8,8.7,10.1,32.9,0.138,2019
7,Malcolm Brogdon,MIL,26,64,49,15,28.6,102.7,3.5,10.7,14.6,0.7,16.3,0.2,5.8,8.7,6.5,5.8,24.5,0.135,2019
8,Pascal Siakam,TOR,25,80,57,23,31.8,104.2,5.3,15.4,22.2,0.9,17.2,0.7,19.0,9.6,8.1,8.6,30.3,0.135,2019
9,Josh Richardson,MIA,25,73,35,38,34.8,105.6,2.9,7.8,11.4,1.1,19.5,0.5,11.5,12.5,9.9,9.2,29.9,0.133,2019
10,Khris Middleton,MIL,27,77,56,21,31.1,104.2,5.3,14.9,20.4,1.0,21.2,0.1,2.1,9.6,7.9,6.8,27.6,0.133,2019
11,Kyle Lowry,TOR,33,65,47,18,34.1,105.5,4.2,11.4,16.7,1.4,23.7,0.5,13.3,10.8,9.0,9.1,32.2,0.131,2019
12,JJ Redick,PHI,35,76,49,27,31.3,104.7,2.2,6.2,8.9,0.4,9.2,0.2,6.0,11.8,8.2,10.0,32.7,0.131,2019
13,Stephen Curry,GSW,31,69,52,17,33.8,105.8,4.7,12.2,17.7,1.3,23.7,0.4,8.2,12.0,9.4,10.6,32.5,0.13,2019
14,Brook Lopez,MIL,31,81,60,21,28.7,103.4,4.5,13.5,18.1,0.6,13.6,2.2,56.1,8.6,7.4,6.1,24.8,0.13,2019
15,Mike Conley,MEM,31,70,30,40,33.5,105.6,2.8,8.8,12.8,1.3,22.7,0.3,7.9,11.4,8.1,10.9,29.0,0.129,2019
16,Draymond Green,GSW,29,66,48,18,31.3,105.0,6.4,18.0,26.2,1.4,26.0,1.1,27.2,11.0,8.8,8.8,29.2,0.127,2019
17,Aaron Gordon,ORL,23,78,40,38,33.8,105.9,5.7,16.5,22.8,0.7,16.0,0.7,19.6,10.4,7.4,8.1,33.5,0.127,2019
18,Justise Winslow,MIA,23,66,30,36,29.7,104.2,4.4,14.1,19.9,1.1,22.5,0.3,8.6,10.6,7.9,7.9,25.6,0.127,2019
19,Jerami Grant,OKC,25,80,48,32,32.7,105.6,4.0,11.8,16.5,0.8,12.1,1.3,37.6,10.7,8.0,8.3,32.5,0.126,2019
20,Steven Adams,OKC,25,80,47,33,33.4,105.9,4.6,13.3,18.5,1.5,22.6,1.0,30.4,11.3,7.9,8.1,33.2,0.126,2019
21,Eric Bledsoe,MIL,29,78,59,19,29.1,104.2,3.6,10.8,14.7,1.5,29.7,0.4,9.4,8.4,7.4,6.2,25.6,0.124,2019
22,Jayson Tatum,BOS,21,79,48,31,31.1,105.1,5.2,15.7,23.2,1.1,19.1,0.7,20.1,8.8,8.5,8.4,28.9,0.123,2019
23,Kyle Anderson,MEM,25,43,19,24,29.8,104.7,4.7,16.1,23.5,1.3,25.4,0.9,21.5,10.7,6.9,9.6,26.4,0.121,2019
24,Cory Joseph,IND,27,82,48,34,25.2,102.4,2.9,11.1,16.2,1.1,25.5,0.3,11.3,7.1,6.4,6.9,23.4,0.121,2019
25,Marc Gasol,TOR,34,79,39,40,30.8,104.9,6.9,22.7,32.7,1.1,19.1,1.1,32.6,9.9,7.0,8.6,27.2,0.12,2019
26,Ricky Rubio,UTA,28,68,40,28,27.9,104.1,3.1,10.7,15.1,1.3,26.5,0.1,4.7,9.6,6.4,6.9,26.3,0.12,2019
27,Bojan Bogdanovic,IND,30,81,47,34,31.8,105.8,3.7,11.3,17.0,0.9,14.0,0.0,0.4,10.0,9.3,8.9,30.0,0.12,2019
28,Russell Westbrook,OKC,30,73,44,29,36.0,107.4,9.6,25.5,35.7,1.9,28.2,0.5,12.2,11.8,8.9,9.1,35.9,0.12,2019
29,Myles Turner,IND,23,74,43,31,28.6,104.5,5.8,19.5,29.2,0.8,15.0,2.7,76.0,9.2,8.5,7.7,26.2,0.119,2019
30,Derrick Favors,UTA,27,76,46,30,23.2,101.6,4.6,18.8,26.5,0.7,18.0,1.4,51.5,8.1,5.0,5.4,23.9,0.117,2019
31,Danny Green,TOR,32,80,56,24,27.7,104.3,3.2,10.7,15.4,0.9,20.2,0.7,22.4,8.2,6.9,7.4,26.1,0.117,2019
32,Kevin Durant,GSW,30,78,54,24,34.6,107.3,5.9,15.3,22.4,0.7,13.3,1.1,22.5,12.2,10.1,10.8,33.2,0.116,2019
33,Jaren Jackson Jr.,MEM,19,58,23,35,26.1,103.6,3.4,13.2,19.5,0.9,19.9,1.4,42.1,8.4,6.5,8.7,22.8,0.115,2019
34,Dennis Schroder,OKC,25,79,47,32,29.3,105.5,3.1,10.2,14.7,0.8,15.0,0.2,4.9,10.0,7.6,7.7,29.3,0.114,2019
35,LeBron James,LAL,34,55,28,27,35.2,107.6,7.4,19.3,27.9,1.3,23.7,0.6,14.6,13.0,9.3,11.2,37.2,0.114,2019
36,Nikola Vucevic,ORL,28,80,41,39,31.4,106.4,9.2,28.6,39.4,1.0,23.2,1.1,34.1,9.8,6.9,8.6,30.8,0.113,2019
37,Gary Harris,DEN,24,57,38,19,28.8,105.3,2.1,7.0,10.0,1.0,19.9,0.3,12.9,9.8,7.1,7.8,29.5,0.113,2019
38,Damian Lillard,POR,28,80,51,29,35.5,107.9,3.8,10.0,14.2,1.1,21.0,0.4,10.6,10.6,9.9,10.2,35.5,0.113,2019
39,Lonzo Ball,LAL,21,47,25,22,30.3,106.1,4.2,12.4,17.6,1.5,29.0,0.4,10.9,11.0,8.6,9.6,31.6,0.112,2019
40,Kyrie Irving,BOS,27,67,37,30,33.0,107.1,3.9,11.3,16.6,1.5,25.6,0.5,15.2,9.9,9.2,9.5,31.7,0.112,2019
41,Domantas Sabonis,IND,23,74,43,31,24.8,103.6,6.8,26.9,38.2,0.6,14.7,0.4,21.4,7.4,5.7,7.0,22.8,0.11,2019
42,Fred VanVleet,TOR,25,64,46,18,27.5,105.0,2.3,7.8,11.4,0.9,19.7,0.3,11.3,9.0,6.9,7.0,26.7,0.109,2019
43,Thaddeus Young,IND,31,81,47,34,30.7,106.5,4.1,13.2,19.6,1.5,25.2,0.4,14.3,9.4,8.6,9.0,28.7,0.109,2019
44,Kawhi Leonard,TOR,28,60,41,19,34.0,107.8,6.0,16.5,24.1,1.8,30.5,0.4,10.6,9.7,9.3,8.2,33.2,0.108,2019
45,Jae Crowder,UTA,28,80,48,32,27.1,105.3,4.1,13.9,20.0,0.8,18.8,0.4,11.4,9.7,6.6,6.3,26.3,0.108,2019
46,Josh Hart,LAL,24,67,31,36,25.6,104.7,3.2,10.9,15.8,1.0,23.5,0.6,20.9,9.1,7.0,7.5,26.2,0.107,2019
47,Paul Millsap,DEN,34,70,49,21,27.1,105.4,5.0,18.2,25.6,1.2,27.1,0.8,32.7,9.5,5.7,7.1,27.5,0.106,2019
48,Al Horford,BOS,33,68,41,27,29.0,106.4,5.0,16.1,23.6,0.9,17.3,1.3,38.7,8.2,8.5,8.0,27.8,0.104,2019
49,Gordon Hayward,BOS,29,72,44,28,25.9,105.2,3.8,14.1,20.6,0.9,18.2,0.3,11.6,8.2,7.1,6.6,25.8,0.104,2019
50,Jamal Murray,DEN,22,75,49,26,32.6,108.0,3.4,10.1,14.2,0.9,17.8,0.4,12.0,10.9,7.6,8.5,33.5,0.102,2019
51,Nikola Jokic,DEN,24,80,53,27,31.3,107.5,8.0,24.9,34.9,1.4,28.1,0.7,24.7,10.4,7.1,8.4,31.5,0.102,2019
52,Klay Thompson,GSW,29,78,55,23,34.0,108.5,3.4,8.9,13.3,1.1,19.8,0.6,13.5,12.5,9.8,10.7,33.7,0.101,2019
53,Royce O'Neale,UTA,26,82,50,32,20.4,101.9,3.2,14.6,20.3,0.7,20.9,0.3,11.1,7.3,4.5,4.6,19.8,0.101,2019
54,Jimmy Butler,PHI,29,65,38,27,33.6,108.3,3.4,9.4,13.6,1.9,34.2,0.6,17.3,11.5,9.0,10.8,35.8,0.101,2019
55,Andre Drummond,DET,25,79,40,39,33.5,108.4,10.2,31.1,44.7,1.7,36.1,1.7,55.4,10.9,8.1,8.6,34.4,0.101,2019
56,Terrence Ross,ORL,28,81,42,39,26.5,105.9,3.1,11.3,16.0,0.9,26.1,0.4,11.5,7.5,6.0,6.2,24.3,0.1,2019
57,Eric Gordon,HOU,30,68,44,24,31.7,108.1,1.9,5.9,9.2,0.6,10.8,0.4,12.3,9.7,8.7,8.7,33.9,0.1,2019
58,Jrue Holiday,NOP,29,67,30,37,35.8,109.1,3.9,9.9,14.1,1.6,28.4,0.8,17.9,13.5,10.1,10.5,36.8,0.099,2019
59,Jusuf Nurkic,POR,24,72,45,27,27.4,106.5,7.0,24.1,33.5,1.0,22.8,1.4,45.2,7.4,7.3,7.4,27.0,0.099,2019
60,Ben Simmons,PHI,22,79,50,29,34.2,108.9,6.6,17.9,25.5,1.4,26.8,0.8,20.6,13.4,8.7,11.1,37.6,0.099,2019
61,Brandon Ingram,LAL,21,52,25,27,33.9,108.8,4.3,11.3,16.8,0.5,11.1,0.6,14.4,13.1,9.9,12.5,36.2,0.098,2019
62,Jaylen Brown,BOS,22,74,41,33,25.9,105.9,3.4,12.2,17.8,0.9,19.4,0.4,15.0,8.2,7.3,7.0,24.6,0.098,2019
63,Andre Iguodala,GSW,35,68,47,21,23.2,104.4,3.0,11.7,17.1,0.9,24.4,0.8,21.3,7.8,6.1,6.5,21.6,0.098,2019
64,Clint Capela,HOU,25,67,44,23,33.6,108.7,8.2,24.1,36.4,0.7,12.1,1.5,43.8,11.4,9.1,10.0,35.5,0.098,2019
65,Allen Crabbe,BKN,27,43,19,24,26.4,106.1,3.1,10.8,16.2,0.5,15.0,0.3,16.0,9.7,8.7,5.9,26.3,0.098,2019
66,Marcus Smart,BOS,25,80,48,32,27.5,106.7,2.2,7.7,11.4,1.8,34.5,0.4,11.8,8.5,7.8,8.0,26.0,0.097,2019
67,Bam Adebayo,MIA,21,82,39,43,23.3,104.5,5.3,22.1,31.8,0.9,20.8,0.8,34.2,8.3,6.2,5.5,20.3,0.097,2019
68,CJ McCollum,POR,27,70,43,27,33.9,108.9,3.1,8.7,12.2,0.8,15.6,0.4,11.0,10.4,9.9,9.7,34.1,0.097,2019
69,George Hill,MIL,33,60,39,21,21.7,103.3,1.8,7.5,10.7,0.9,24.8,0.1,6.2,6.9,5.6,5.5,19.3,0.096,2019
70,Monte Morris,DEN,24,82,54,28,24.0,105.1,1.9,7.8,11.4,0.9,21.9,0.0,2.4,6.6,6.5,5.7,24.6,0.096,2019
71,D'Angelo Russell,BKN,23,81,42,39,30.2,107.9,3.2,9.9,14.8,1.2,28.2,0.2,9.0,11.1,9.9,7.7,32.7,0.096,2019
72,Blake Griffin,DET,30,75,39,36,35.0,109.3,6.2,18.2,25.7,0.7,14.4,0.4,13.7,11.7,7.8,9.2,35.6,0.095,2019
73,Dwyane Wade,MIA,37,72,35,37,26.2,106.6,3.0,10.6,16.0,0.8,19.9,0.5,17.7,9.5,7.9,7.1,23.5,0.095,2019
74,Evan Fournier,ORL,26,81,42,39,31.5,108.4,2.7,8.6,12.0,0.9,20.1,0.1,4.3,9.7,7.0,9.2,32.5,0.095,2019
75,Ersan Ilyasova,MIL,32,67,49,18,18.4,101.5,3.1,15.1,21.3,0.5,18.0,0.3,15.4,5.6,4.3,4.2,15.9,0.094,2019
76,DeMarre Carroll,BKN,32,67,36,31,25.4,106.2,4.2,15.1,22.1,0.5,14.3,0.1,7.4,8.4,6.7,5.8,26.4,0.094,2019
77,D.J. Augustin,ORL,31,81,42,39,28.0,107.2,2.0,7.1,9.8,0.6,16.7,0.0,1.7,8.5,6.2,7.8,28.2,0.094,2019
78,Rudy Gay,SAS,32,69,42,27,26.7,106.8,5.9,20.9,29.7,0.8,24.3,0.5,18.7,8.0,7.1,7.6,25.6,0.093,2019
79,Darren Collison,IND,31,76,45,31,28.2,107.4,2.6,8.9,13.5,1.4,25.8,0.1,3.9,9.2,8.4,8.4,26.4,0.092,2019
80,Dennis Smith Jr.,NYK,21,53,21,32,28.5,107.7,2.3,7.5,10.7,1.3,29.4,0.4,13.3,10.4,7.3,8.5,27.1,0.092,2019
81,Garrett Temple,LAC,33,75,37,38,27.2,106.8,2.5,9.2,13.2,1.0,20.8,0.4,12.9,9.8,6.4,8.4,24.8,0.091,2019
82,D.J. Wilson,MIL,23,48,37,11,18.4,102.2,3.7,17.4,23.8,0.4,12.7,0.4,26.7,5.8,4.3,5.8,16.0,0.091,2019
83,P.J. Tucker,HOU,34,82,53,29,34.2,109.5,4.4,12.9,19.8,1.6,25.9,0.5,13.8,11.4,9.1,10.5,36.2,0.091,2019
84,Jonathan Isaac,ORL,21,75,37,38,26.6,107.3,4.2,15.2,21.0,0.8,21.5,1.3,42.2,8.6,5.9,8.2,26.4,0.09,2019
85,Serge Ibaka,TOR,29,74,53,21,27.2,107.4,6.0,20.4,29.8,0.4,9.8,1.4,44.0,8.8,7.3,7.0,26.5,0.089,2019
86,Tyreke Evans,IND,29,69,41,28,20.3,103.9,2.4,11.4,16.5,0.8,24.2,0.3,11.9,6.4,5.3,6.4,19.4,0.089,2019
87,James Harden,HOU,29,78,51,27,36.8,110.3,5.8,15.7,24.4,2.0,30.9,0.7,20.1,12.8,10.4,11.2,39.2,0.089,2019
88,Terrance Ferguson,OKC,21,74,44,30,26.1,107.1,1.5,5.5,7.6,0.5,11.0,0.2,9.5,8.7,6.3,6.0,26.4,0.089,2019
89,De'Aaron Fox,SAC,21,81,39,42,31.4,109.1,3.2,9.5,14.1,1.6,28.9,0.6,18.1,10.6,9.4,9.8,34.4,0.089,2019
90,Al-Farouq Aminu,POR,28,81,52,29,28.3,108.2,6.1,20.4,28.9,0.8,18.9,0.4,12.5,8.2,7.9,7.9,28.2,0.088,2019
91,Derrick White,SAS,24,67,41,26,25.8,107.1,3.2,11.6,16.5,1.0,30.0,0.7,25.3,7.0,6.8,6.5,23.2,0.087,2019
92,Kyle Kuzma,LAL,23,70,33,37,33.1,109.7,4.6,12.7,18.2,0.6,11.5,0.4,9.9,12.4,9.2,10.3,35.0,0.087,2019
93,Harrison Barnes,SAC,27,77,34,43,32.9,109.4,3.9,11.1,15.8,0.6,13.2,0.2,6.0,11.0,9.0,11.5,34.5,0.087,2019
94,Ed Davis,BKN,30,81,42,39,17.9,102.2,5.9,30.7,44.0,0.4,17.1,0.4,37.9,5.8,4.3,4.3,16.9,0.086,2019
95,Dante Exum,UTA,23,42,21,21,15.8,100.6,1.2,7.7,10.5,0.3,11.6,0.1,7.2,6.1,3.3,3.5,15.4,0.086,2019
96,Kelly Olynyk,MIA,28,79,39,40,22.9,106.0,3.8,16.0,23.1,0.7,16.9,0.5,19.7,8.2,6.6,5.9,19.5,0.085,2019
97,Joakim Noah,MEM,34,42,14,28,16.5,101.7,4.3,24.7,36.3,0.5,16.0,0.7,37.3,5.2,4.1,5.7,13.3,0.085,2019
98,Hassan Whiteside,MIA,30,72,33,39,23.3,106.2,7.8,30.5,44.1,0.6,19.7,1.9,61.0,8.4,6.8,6.9,20.7,0.085,2019
99,Wes Iwundu,ORL,24,68,36,32,18.1,103.1,2.2,10.8,15.7,0.4,16.2,0.3,16.8,5.2,4.7,4.2,18.0,0.085,2019
100,Terry Rozier,BOS,25,79,47,32,22.7,105.9,3.5,14.5,22.0,0.9,22.7,0.3,9.9,7.2,6.7,5.9,21.8,0.085,2019
101,Delon Wright,MEM,27,75,45,30,22.6,106.4,2.6,11.3,16.7,1.2,27.5,0.4,17.0,7.2,6.0,7.8,22.6,0.085,2019
102,Reggie Jackson,DET,29,82,41,41,27.9,108.4,2.1,7.6,10.9,0.7,16.6,0.1,4.7,9.4,6.9,7.3,28.7,0.084,2019
103,Nikola Mirotic,MIL,28,46,24,22,27.1,108.3,6.1,19.8,28.9,0.7,16.0,0.7,21.0,9.0,7.8,8.4,30.4,0.084,2019
104,Kyle Korver,UTA,38,70,39,31,19.1,103.9,2.2,10.5,14.8,0.4,12.0,0.2,7.6,7.4,4.6,4.6,19.0,0.084,2019
105,Maxi Kleber,DAL,27,71,30,41,21.2,105.3,3.4,14.9,21.9,0.5,18.8,1.1,47.9,6.8,5.6,7.2,20.8,0.084,2019
106,Rodney McGruder,LAC,27,66,31,35,23.5,106.3,2.7,10.6,15.2,0.5,16.7,0.2,6.2,8.8,6.6,6.2,21.0,0.083,2019
107,Maurice Harkless,POR,26,60,37,23,23.6,106.8,3.2,12.8,18.3,1.1,28.5,0.9,30.5,6.7,7.0,7.3,23.0,0.083,2019
108,Wesley Matthews,IND,32,69,27,42,30.3,109.4,2.0,6.3,9.2,0.8,17.1,0.2,9.1,10.6,8.3,11.2,30.6,0.083,2019
109,Wayne Ellington,DET,31,53,26,27,24.5,107.2,1.8,7.3,10.6,1.0,24.5,0.1,4.3,8.2,6.0,6.1,23.4,0.082,2019
110,Rondae Hollis-Jefferson,BKN,24,59,27,32,20.9,105.6,3.8,17.0,24.6,0.7,26.0,0.5,25.5,7.6,6.3,4.8,22.4,0.082,2019
111,Anthony Davis,NOP,26,56,25,31,33.0,110.1,8.9,24.9,35.4,1.6,28.0,2.4,59.0,11.7,8.7,10.6,33.8,0.082,2019
112,Tobias Harris,PHI,26,82,46,36,34.7,110.5,7.0,18.8,26.7,0.6,14.2,0.5,13.7,12.1,9.1,10.8,37.3,0.082,2019
113,Stanley Johnson,NOP,23,66,28,38,18.3,103.4,2.8,14.2,20.4,0.9,31.6,0.2,14.9,7.2,4.5,4.2,19.4,0.081,2019
114,Dion Waiters,MIA,27,44,20,24,25.9,107.8,2.5,9.4,13.6,0.7,14.4,0.2,8.2,8.5,7.1,7.1,22.0,0.081,2019
115,Justin Holiday,MEM,30,82,25,57,31.8,110.1,3.4,10.3,15.4,1.5,27.9,0.4,14.6,11.3,8.6,10.0,30.5,0.081,2019
116,Buddy Hield,SAC,26,82,39,43,31.9,110.0,3.7,11.0,16.4,0.7,12.7,0.4,13.2,10.5,10.0,9.6,34.1,0.081,2019
117,Marcus Morris Sr.,BOS,29,75,44,31,27.9,108.9,5.1,17.6,25.4,0.6,12.0,0.3,12.0,9.1,7.0,8.4,26.8,0.08,2019
118,Doug McDermott,IND,27,77,43,34,17.4,103.2,1.2,6.6,9.4,0.2,8.9,0.1,6.8,5.8,4.2,5.3,16.6,0.08,2019
119,Tyler Johnson,PHX,27,57,26,31,26.8,108.5,2.4,8.7,13.2,0.9,21.1,0.5,16.5,10.3,8.4,7.6,25.8,0.08,2019
120,Tony Snell,MIL,27,74,55,19,17.6,103.4,1.7,8.6,11.9,0.4,14.4,0.2,13.1,5.6,4.8,3.8,15.7,0.08,2019
121,Aron Baynes,BOS,32,51,32,19,16.1,102.2,3.0,17.5,25.7,0.2,7.9,0.7,40.5,5.4,4.1,4.3,15.3,0.08,2019
122,Jonas Valanciunas,MEM,27,49,31,18,22.3,107.0,6.4,26.8,38.9,0.4,10.9,1.1,48.2,8.2,5.7,8.5,20.7,0.079,2019
123,Patrick Beverley,LAC,30,78,48,30,27.4,108.7,4.0,13.5,20.1,0.9,21.6,0.6,20.8,9.4,8.0,7.9,28.0,0.079,2019
124,Willie Cauley-Stein,SAC,25,81,39,42,27.3,108.7,6.1,21.3,31.3,1.2,24.0,0.6,24.8,8.8,7.9,8.1,29.1,0.079,2019
125,Mason Plumlee,DEN,29,82,54,28,21.1,106.1,4.4,19.8,29.1,0.8,23.2,0.9,43.4,5.6,6.3,4.8,20.5,0.079,2019
126,Will Barton,DEN,28,43,27,16,27.7,109.1,3.9,13.7,19.4,0.4,9.7,0.5,21.0,8.9,6.8,7.9,28.9,0.079,2019
127,Malik Beasley,DEN,22,81,53,28,23.2,107.3,2.0,8.5,12.3,0.7,18.7,0.1,6.1,7.2,6.1,5.6,24.0,0.079,2019
128,DeMar DeRozan,SAS,29,77,44,33,34.9,110.9,5.3,14.7,20.9,1.1,24.6,0.5,14.1,10.2,9.2,10.1,33.5,0.078,2019
129,Avery Bradley,MEM,28,63,31,32,30.2,110.2,2.1,6.5,9.6,0.7,17.2,0.3,9.4,11.3,8.5,10.5,31.5,0.078,2019
130,Pat Connaughton,MIL,26,61,43,18,20.7,106.1,3.2,13.5,18.9,0.5,19.3,0.4,16.8,6.5,6.0,4.9,17.9,0.077,2019
131,Nicolas Batum,CHA,30,75,35,40,31.4,110.3,4.3,13.1,19.3,0.9,20.4,0.6,17.0,9.3,8.9,8.8,31.9,0.077,2019
132,Derrick Jones Jr.,MIA,22,60,31,29,19.2,105.0,2.4,11.9,17.2,0.8,25.0,0.7,32.6,6.2,5.7,4.5,16.5,0.076,2019
133,Austin Rivers,HOU,26,76,45,31,26.7,109.1,1.8,6.5,10.1,0.6,13.5,0.3,11.2,8.8,7.7,8.3,28.2,0.076,2019
134,Luka Doncic,DAL,20,72,28,44,32.2,110.6,6.6,19.8,28.1,1.1,23.4,0.3,12.5,11.5,8.5,12.3,32.0,0.076,2019
135,Jeremy Lamb,CHA,27,79,38,41,28.5,109.6,4.7,15.9,23.4,1.1,25.5,0.4,14.2,7.9,8.0,7.6,28.0,0.075,2019
136,Bogdan Bogdanovic,SAC,26,70,32,38,27.8,109.3,2.9,9.8,14.7,1.0,22.6,0.2,8.9,9.8,8.4,7.2,27.9,0.075,2019
137,Shabazz Napier,BKN,27,56,26,30,17.6,104.3,1.5,7.9,11.2,0.7,31.3,0.3,20.5,6.3,3.9,4.3,18.2,0.075,2019
138,Lou Williams,LAC,32,75,47,28,26.6,109.2,2.4,8.1,12.5,0.8,19.8,0.1,5.1,9.5,8.7,8.0,28.0,0.075,2019
139,Bruce Brown,DET,22,74,35,39,19.6,105.8,1.9,9.2,13.2,0.5,18.2,0.5,26.3,6.9,4.4,5.2,20.1,0.075,2019
140,Seth Curry,POR,28,74,49,25,18.9,105.1,1.3,6.2,9.0,0.5,22.1,0.2,8.9,6.1,5.4,5.7,17.7,0.075,2019
141,Norman Powell,TOR,26,60,45,15,18.8,105.5,2.1,10.2,15.2,0.7,18.6,0.2,10.1,6.7,5.3,5.9,19.0,0.074,2019
142,DeAndre Jordan,NYK,30,69,25,44,29.7,110.1,9.8,31.5,44.4,0.6,14.6,1.1,44.2,11.8,7.8,11.2,29.3,0.073,2019
143,Mike Muscala,LAL,27,64,35,29,20.4,106.5,2.9,13.3,19.2,0.3,10.3,0.6,27.5,7.2,5.5,6.6,21.6,0.073,2019
144,OG Anunoby,TOR,21,67,46,21,20.2,106.5,2.1,10.0,14.6,0.7,18.6,0.3,14.8,7.3,5.5,6.3,20.5,0.073,2019
145,LaMarcus Aldridge,SAS,33,81,48,33,33.2,111.0,6.1,18.0,25.2,0.5,12.7,1.3,41.3,9.6,8.7,9.3,31.5,0.073,2019
146,Aaron Holiday,IND,22,50,31,19,12.9,100.2,1.2,8.8,12.8,0.4,21.6,0.3,18.8,3.9,3.6,3.5,12.0,0.073,2019
147,Ivica Zubac,LAC,22,59,32,27,17.6,104.7,4.2,21.6,30.2,0.2,8.9,0.9,49.0,6.7,4.2,5.8,18.6,0.073,2019
148,Spencer Dinwiddie,BKN,26,68,36,32,28.1,109.8,2.1,6.9,10.3,0.6,17.2,0.3,11.6,9.6,8.6,6.8,28.9,0.073,2019
149,Dorian Finney-Smith,DAL,26,81,33,48,24.5,108.7,3.1,11.9,17.6,0.9,25.4,0.4,19.6,8.1,6.7,8.0,24.0,0.072,2019
150,Jeremy Lin,TOR,30,74,31,43,19.4,106.8,2.1,10.2,14.6,0.6,20.1,0.2,8.3,8.6,5.6,6.5,18.7,0.071,2019
151,Reggie Bullock,LAL,28,63,27,36,29.8,110.3,2.4,8.2,11.7,0.6,15.6,0.2,7.8,10.7,7.3,9.2,32.3,0.071,2019
152,Rodions Kurucs,BKN,21,63,36,27,20.5,107.4,3.0,13.1,19.0,0.7,23.2,0.4,19.8,7.7,5.5,5.6,22.2,0.071,2019
153,Thon Maker,DET,22,64,44,20,15.2,103.4,2.5,14.9,22.0,0.3,13.5,0.8,44.3,4.2,3.9,4.1,14.4,0.07,2019
154,Karl-Anthony Towns,MIN,23,77,34,43,33.0,111.3,9.0,25.7,39.0,0.9,15.7,1.6,43.9,10.8,10.4,9.2,33.7,0.07,2019
155,Langston Galloway,DET,27,80,41,39,21.8,107.9,1.5,7.0,10.1,0.5,15.2,0.1,5.4,6.7,5.5,4.7,23.2,0.07,2019
156,Kemba Walker,CHA,29,82,39,43,34.9,111.8,3.8,10.6,15.3,1.2,23.9,0.4,11.8,10.0,9.4,9.8,34.9,0.07,2019
157,Kevon Looney,GSW,23,80,56,24,18.5,106.1,2.8,13.3,19.3,0.6,21.0,0.7,29.0,6.2,5.1,5.4,17.8,0.069,2019
158,Bryn Forbes,SAS,25,82,48,34,28.0,110.2,2.7,9.6,13.5,0.5,14.1,0.0,1.9,8.6,7.0,8.0,26.4,0.069,2019
159,Andrew Wiggins,MIN,24,73,31,42,34.8,111.9,3.7,9.9,14.9,1.0,17.0,0.7,18.2,11.1,11.1,9.8,35.4,0.069,2019
160,Luke Kennard,DET,23,63,30,33,22.8,108.2,2.7,12.1,17.2,0.4,13.8,0.2,8.3,6.7,5.4,5.4,23.6,0.069,2019
161,Nerlens Noel,OKC,25,77,48,29,13.7,101.7,2.6,17.6,26.3,0.9,31.6,1.2,62.3,4.5,4.0,3.8,13.8,0.069,2019
162,Wilson Chandler,LAC,32,51,35,16,23.1,108.5,3.3,13.2,19.2,0.5,13.0,0.4,15.2,9.0,5.9,6.2,23.8,0.069,2019
163,Ish Smith,DET,30,56,33,23,22.3,108.1,2.2,9.7,14.1,0.5,17.8,0.2,10.3,6.3,4.8,4.6,22.7,0.069,2019
164,Thabo Sefolosha,UTA,35,50,28,22,12.2,99.5,2.3,18.1,24.6,0.9,32.1,0.1,6.2,3.7,2.5,2.9,12.2,0.069,2019
165,Nemanja Bjelica,SAC,31,77,38,39,23.2,108.7,4.1,17.1,25.0,0.7,16.3,0.7,34.1,8.3,6.5,6.9,25.2,0.068,2019
166,Montrezl Harrell,LAC,25,82,48,34,26.3,109.9,4.3,14.6,21.9,0.9,22.5,1.3,46.0,9.9,8.1,7.7,26.9,0.068,2019
167,Trey Lyles,DEN,23,64,42,22,17.5,105.7,3.2,17.2,25.4,0.5,16.5,0.4,22.3,5.0,4.9,4.2,18.5,0.068,2019
168,Davis Bertans,SAS,26,76,44,32,21.5,108.2,3.2,13.9,19.9,0.5,17.5,0.4,19.6,6.7,4.9,6.4,20.2,0.068,2019
169,Tyson Chandler,LAL,36,55,26,29,15.9,104.4,3.9,21.3,30.5,0.4,16.5,0.4,33.8,6.2,4.5,5.0,14.8,0.068,2019
170,Tyus Jones,MIN,23,68,29,39,22.9,108.7,1.6,6.9,10.3,1.2,28.5,0.1,3.4,6.4,6.5,6.6,24.0,0.067,2019
171,Patty Mills,SAS,30,82,48,34,23.3,109.1,1.9,7.6,11.3,0.6,21.6,0.1,5.5,7.3,6.5,6.7,23.6,0.067,2019
172,Wendell Carter Jr.,CHI,20,44,10,34,25.2,109.5,5.0,19.8,28.8,0.6,13.5,1.3,54.2,8.7,6.7,7.2,22.9,0.067,2019
173,Chandler Hutchison,CHI,23,44,10,34,20.3,107.6,3.5,16.7,24.6,0.5,15.3,0.1,7.7,6.4,4.9,5.7,20.2,0.067,2019
174,Sterling Brown,MIL,24,58,45,13,17.8,106.1,2.7,13.0,18.1,0.4,15.7,0.1,7.4,5.6,4.2,5.2,16.5,0.067,2019
175,James Johnson,MIA,32,55,27,28,21.2,107.9,2.8,12.3,17.7,0.6,21.9,0.5,20.5,7.2,5.8,5.9,18.9,0.067,2019
176,Daniel Theis,BOS,27,66,38,28,13.8,102.6,2.1,14.5,20.9,0.3,12.8,0.6,53.2,4.5,3.7,3.3,12.5,0.067,2019
177,CJ Miles,MEM,32,53,33,20,16.2,105.5,1.5,9.0,13.3,0.5,17.2,0.3,14.6,4.9,4.4,5.6,15.6,0.066,2019
178,Joe Harris,BKN,27,76,41,35,30.2,111.2,3.1,9.6,14.5,0.5,12.6,0.2,8.3,11.8,9.6,6.9,32.8,0.066,2019
179,Nene,HOU,36,42,29,13,13.0,101.9,2.1,15.2,22.6,0.4,18.9,0.4,31.9,3.9,3.8,3.3,12.7,0.066,2019
180,Danilo Gallinari,LAC,30,68,40,28,30.3,111.0,5.3,17.1,24.4,0.7,17.8,0.3,12.9,10.6,8.0,9.4,32.7,0.066,2019
181,Darius Miller,NOP,29,69,31,38,25.5,109.8,1.7,5.9,8.5,0.6,15.6,0.3,11.5,9.1,7.4,7.6,26.8,0.066,2019
182,Juancho Hernangomez,DEN,23,70,44,26,19.4,107.3,2.9,14.4,20.8,0.4,12.3,0.3,16.7,5.6,5.2,4.8,18.9,0.065,2019
183,Mike Scott,PHI,30,79,44,35,17.7,106.4,2.9,14.7,21.7,0.3,13.2,0.2,9.3,5.9,5.0,5.4,18.5,0.065,2019
184,Shelvin Mack,CHA,29,57,22,35,21.9,108.4,1.5,6.9,10.8,0.8,22.9,0.1,3.0,7.5,5.7,7.0,19.5,0.065,2019
185,Julius Randle,NOP,24,73,31,42,30.6,111.4,6.5,19.8,28.6,0.7,15.0,0.6,19.2,11.7,8.6,9.7,32.3,0.065,2019
186,Marvin Williams,CHA,33,75,35,40,28.4,110.9,4.4,15.2,22.0,0.9,21.6,0.8,28.0,7.6,7.5,8.4,28.8,0.064,2019
187,DeAndre' Bembry,ATL,24,82,29,53,23.6,109.4,3.7,14.8,22.1,1.3,31.6,0.5,19.9,10.6,7.2,7.4,23.3,0.064,2019
188,Tomas Satoransky,WAS,27,80,32,48,27.0,110.5,2.5,9.0,13.6,1.0,23.2,0.2,7.3,9.6,7.6,7.4,29.8,0.064,2019
189,Luke Kornet,NYK,23,46,9,37,17.0,106.0,2.3,12.3,18.1,0.6,23.5,0.9,49.4,5.5,5.0,3.6,17.1,0.064,2019
190,Derrick Rose,MIN,30,51,24,27,27.3,110.8,2.1,7.0,10.9,0.6,12.9,0.2,7.3,8.6,10.3,7.0,26.6,0.064,2019
191,Jonathon Simmons,PHI,29,56,25,31,19.0,107.2,1.8,9.0,13.0,0.5,20.0,0.3,11.2,6.8,4.8,5.7,18.7,0.064,2019
192,Otto Porter Jr.,CHI,26,56,25,31,30.1,111.6,4.6,15.3,23.0,1.5,26.5,0.6,18.5,10.3,8.4,9.1,30.7,0.063,2019
193,Zach LaVine,CHI,24,63,16,47,34.5,112.4,4.0,11.3,16.3,1.0,18.5,0.4,12.9,12.3,9.4,9.0,34.3,0.063,2019
194,Damyean Dotson,NYK,25,73,12,61,27.4,110.8,3.1,10.8,15.8,0.8,20.4,0.1,4.6,9.9,8.3,6.9,28.2,0.063,2019
195,Justin Jackson,DAL,24,81,36,45,19.9,108.3,2.1,9.6,14.4,0.4,13.3,0.2,9.5,6.0,5.7,6.0,20.6,0.063,2019
196,Allonzo Trier,NYK,23,64,13,51,22.8,109.3,2.6,10.7,16.1,0.4,13.6,0.2,7.8,8.3,7.4,5.6,24.5,0.063,2019
197,Landry Shamet,LAC,22,79,51,28,22.8,109.3,1.4,6.0,8.6,0.5,13.4,0.1,5.8,8.5,5.6,6.5,25.2,0.063,2019
198,Kentavious Caldwell-Pope,LAL,26,82,37,45,24.8,110.1,2.3,8.8,13.1,0.9,23.0,0.2,6.4,10.0,7.8,7.4,26.4,0.062,2019
199,Jakob Poeltl,SAS,23,77,43,34,16.5,106.1,3.0,17.1,24.7,0.4,17.7,0.9,54.4,5.1,4.0,4.6,16.1,0.062,2019
200,Michael Kidd-Gilchrist,CHA,25,64,29,35,18.4,107.4,2.5,12.9,18.9,0.5,17.6,0.6,31.7,5.4,5.5,4.6,17.0,0.062,2019
201,Evan Turner,POR,30,73,47,26,22.0,109.1,4.0,16.7,23.9,0.5,18.1,0.2,12.8,6.6,6.3,6.4,20.7,0.062,2019
202,Khem Birch,ORL,26,50,26,24,12.9,102.7,2.2,16.6,23.4,0.4,20.5,0.6,39.7,3.7,2.5,2.7,13.0,0.062,2019
203,Jabari Parker,WAS,24,64,18,46,26.9,110.8,5.3,18.7,27.7,0.7,15.9,0.5,17.1,10.4,7.9,7.0,28.3,0.061,2019
204,Kent Bazemore,ATL,29,67,24,43,24.5,110.2,3.3,12.6,19.5,1.3,30.6,0.6,21.1,10.3,7.9,7.2,23.9,0.061,2019
205,Shai Gilgeous-Alexander,LAC,20,82,48,34,26.5,110.8,2.1,7.8,11.1,1.2,31.5,0.5,21.5,9.7,7.4,8.5,29.3,0.061,2019
206,Glenn Robinson III,DET,25,47,24,23,13.0,103.1,1.1,8.9,12.8,0.3,13.7,0.2,17.8,4.5,2.7,2.8,13.2,0.06,2019
207,Ryan Arcidiacono,CHI,25,81,22,59,24.2,110.2,2.4,9.6,14.0,0.8,21.3,0.0,2.4,7.8,6.9,6.5,24.1,0.06,2019
208,Iman Shumpert,HOU,29,62,39,23,23.9,110.5,2.5,10.1,15.2,1.0,23.3,0.4,16.7,8.3,7.2,7.1,26.5,0.06,2019
209,Lauri Markkanen,CHI,22,52,16,36,32.3,112.3,7.6,23.4,33.3,0.7,15.0,0.6,21.6,11.4,8.9,8.7,33.4,0.06,2019
210,Jared Dudley,BKN,33,59,28,31,20.7,108.6,2.1,9.6,14.5,0.6,21.1,0.3,17.0,7.2,5.9,4.3,20.5,0.06,2019
211,Matthew Dellavedova,CLE,28,48,20,28,16.9,107.0,1.5,8.1,12.2,0.3,12.8,0.0,3.4,5.6,4.2,3.8,16.2,0.06,2019
212,Tony Parker,CHA,37,56,30,26,17.9,107.5,1.2,6.7,10.0,0.4,14.7,0.1,6.0,4.5,5.3,4.9,18.8,0.059,2019
213,JaMychal Green,LAC,29,65,31,34,21.1,109.1,4.7,21.8,32.5,0.7,19.2,0.5,22.5,8.0,5.5,6.4,18.9,0.059,2019
214,Marco Belinelli,SAS,33,79,46,33,23.0,110.1,2.3,9.3,13.5,0.4,16.8,0.1,4.5,7.6,6.3,7.0,23.1,0.059,2019
215,Dario Saric,MIN,25,81,39,42,25.0,110.7,4.1,15.3,22.2,0.6,14.8,0.1,4.5,8.5,6.9,7.2,25.6,0.059,2019
216,Trey Burke,DAL,26,58,16,42,19.4,108.4,1.2,5.9,9.0,0.6,20.9,0.1,7.1,5.1,6.0,5.1,20.0,0.059,2019
217,Torrey Craig,DEN,28,75,50,25,20.0,108.7,2.3,11.2,16.4,0.5,15.9,0.6,29.1,6.2,4.8,5.0,19.9,0.058,2019
218,Semi Ojeleye,BOS,24,56,39,17,10.6,100.2,1.1,9.3,13.8,0.2,9.9,0.1,6.0,3.1,3.0,2.8,10.1,0.058,2019
219,Cody Zeller,CHA,26,49,22,27,25.4,110.9,4.6,17.1,25.8,0.8,18.7,0.8,36.3,7.3,7.5,6.5,24.8,0.057,2019
220,Mikal Bridges,PHX,22,82,19,63,29.5,112.0,2.5,8.5,13.4,1.6,26.9,0.5,14.6,11.6,9.7,8.8,31.8,0.057,2019
221,Josh Okogie,MIN,20,74,32,42,23.7,110.6,2.4,9.8,14.3,1.2,27.8,0.4,19.2,7.4,6.8,7.1,25.1,0.057,2019
222,Kevin Huerter,ATL,20,75,27,48,27.3,111.6,2.5,8.7,12.6,0.9,18.8,0.3,12.1,11.6,7.7,9.9,29.1,0.057,2019
223,E'Twaun Moore,NOP,30,53,21,32,27.6,111.6,1.7,5.8,8.6,0.8,17.4,0.2,4.6,9.5,8.2,9.7,29.9,0.057,2019
224,Marvin Bagley III,SAC,20,62,30,32,25.3,111.0,5.0,18.0,27.5,0.5,13.9,1.0,39.9,8.5,7.9,7.9,27.2,0.056,2019
225,Gerald Green,HOU,33,73,47,26,20.2,109.3,2.1,10.0,15.3,0.5,14.1,0.4,17.9,6.5,5.8,5.4,21.9,0.056,2019
226,T.J. McConnell,PHI,27,76,46,30,19.3,108.8,1.9,9.4,13.7,1.0,34.1,0.2,11.0,6.0,5.2,5.8,20.3,0.056,2019
227,Dwight Powell,DAL,27,77,31,46,21.6,109.9,3.5,16.0,23.3,0.6,20.6,0.6,33.8,6.0,5.6,5.9,20.8,0.056,2019
228,Robin Lopez,CHI,31,74,20,54,21.7,109.9,2.0,8.5,12.2,0.1,5.0,1.1,51.0,7.4,6.0,5.7,22.0,0.056,2019
229,Zach Collins,POR,21,77,51,26,17.6,107.8,2.8,14.4,21.0,0.3,17.0,0.9,50.8,6.1,5.7,5.2,16.6,0.056,2019
230,Vince Carter,ATL,42,76,25,51,17.5,108.0,2.1,11.4,17.2,0.6,18.6,0.4,18.0,7.4,5.3,5.1,16.7,0.055,2019
231,Bradley Beal,WAS,26,82,32,50,36.9,113.5,3.9,10.4,15.8,1.5,23.0,0.7,20.7,12.9,10.8,10.6,40.1,0.055,2019
232,Mitchell Robinson,NYK,21,66,16,50,20.6,109.6,3.7,16.6,24.6,0.8,26.9,2.4,69.7,7.2,6.6,4.8,21.1,0.055,2019
233,Lance Thomas,NYK,31,46,7,39,17.0,107.9,2.1,11.5,16.3,0.4,18.3,0.2,10.6,4.5,4.1,3.7,18.0,0.055,2019
234,Jarrett Allen,BKN,21,80,42,38,26.2,111.6,6.0,20.8,31.7,0.5,15.8,1.5,56.1,10.1,8.9,6.7,29.6,0.054,2019
235,James Ennis III,PHI,28,58,35,23,21.2,109.8,2.1,9.9,15.2,0.7,17.8,0.4,15.8,9.1,5.9,5.7,23.4,0.054,2019
236,Jake Layman,POR,25,71,46,25,18.7,108.9,2.3,11.5,16.5,0.4,18.2,0.4,23.3,6.8,5.3,4.9,19.5,0.054,2019
237,Jalen Brunson,DAL,22,73,27,46,21.8,110.4,2.0,8.7,12.7,0.5,18.4,0.1,2.9,6.6,5.4,7.2,22.2,0.052,2019
238,Jonas Jerebko,GSW,32,73,52,21,16.7,108.1,3.0,16.8,24.2,0.4,16.6,0.2,11.4,6.0,4.5,5.2,16.4,0.052,2019
239,Zaza Pachulia,DET,35,68,35,33,12.9,105.3,2.4,18.4,26.2,0.5,25.6,0.3,32.1,4.3,2.9,2.8,13.2,0.051,2019
240,Ryan Broekhoff,DAL,28,42,15,27,10.8,102.8,1.3,11.3,15.9,0.1,13.3,0.1,8.7,2.4,2.7,3.0,10.3,0.051,2019
241,Lance Stephenson,LAL,28,68,33,35,16.5,108.4,2.7,15.0,22.2,0.6,22.9,0.1,6.6,6.3,4.7,5.8,17.4,0.051,2019
242,Jerian Grant,ORL,26,60,28,32,15.6,107.7,1.3,8.3,12.0,0.7,32.6,0.1,5.2,5.0,3.8,3.8,14.8,0.051,2019
243,Frank Ntilikina,NYK,20,43,9,34,21.0,110.6,1.7,8.0,12.4,0.7,21.3,0.3,14.3,6.9,6.7,4.6,22.2,0.05,2019
244,Elfrid Payton,NOP,25,42,18,24,29.8,112.9,4.1,12.9,18.6,1.0,20.7,0.4,12.1,10.8,8.1,11.2,34.0,0.05,2019
245,Shaun Livingston,GSW,33,64,45,19,15.1,107.3,1.2,7.1,10.6,0.5,19.9,0.4,20.8,5.6,4.3,4.7,15.3,0.05,2019
246,Taj Gibson,MIN,34,70,32,38,24.1,111.6,4.1,16.1,25.0,0.8,17.3,0.6,18.9,7.7,7.7,7.5,24.9,0.05,2019
247,JaVale McGee,LAL,31,75,35,40,22.3,111.1,4.9,20.3,29.4,0.6,17.3,2.0,61.7,9.1,7.0,8.3,24.0,0.05,2019
248,Furkan Korkmaz,PHI,21,48,30,18,14.2,107.0,1.9,13.0,18.5,0.6,23.4,0.0,2.9,4.7,2.9,3.6,14.0,0.049,2019
249,Anthony Tolliver,MIN,34,65,27,38,16.6,108.6,2.5,14.3,21.3,0.3,9.9,0.3,21.2,4.7,5.2,3.8,16.2,0.049,2019
250,Alex Len,ATL,26,77,28,49,20.1,110.4,3.5,15.9,23.0,0.4,10.8,0.9,43.7,8.4,5.8,7.4,19.5,0.049,2019
251,Kenrich Williams,NOP,24,46,17,29,23.5,111.6,3.6,14.5,20.5,1.0,23.8,0.4,16.8,9.2,7.0,8.7,27.2,0.049,2019
252,Jeff Teague,MIN,31,42,23,19,30.1,113.1,2.1,6.7,10.4,1.0,19.5,0.4,11.9,11.4,9.8,9.1,29.7,0.049,2019
253,John Collins,ATL,21,61,24,37,30.0,113.0,6.2,19.6,28.7,0.4,7.1,0.6,22.0,13.5,8.9,11.1,32.3,0.049,2019
254,Richaun Holmes,PHX,25,70,16,54,16.9,108.9,3.1,17.3,28.3,0.6,19.4,1.1,51.3,6.4,5.8,4.9,16.9,0.049,2019
255,Dewayne Dedmon,ATL,29,64,24,40,25.1,112.0,5.9,22.9,33.2,1.1,25.2,1.1,42.8,11.2,6.9,8.3,25.8,0.049,2019
256,T.J. Leaf,IND,22,58,35,23,9.0,101.5,1.4,14.5,21.3,0.2,13.0,0.3,35.2,2.8,2.4,2.6,8.4,0.049,2019
257,Deandre Ayton,PHX,20,71,17,54,30.7,113.3,7.1,24.0,36.1,0.9,14.8,0.9,34.7,12.6,8.8,10.8,35.0,0.047,2019
258,Shaquille Harrison,CHI,25,73,20,53,19.6,110.5,2.6,13.2,19.5,1.2,37.6,0.4,26.8,6.3,5.8,5.3,21.0,0.047,2019
259,Jonah Bolden,PHI,23,44,24,20,14.5,107.9,2.7,17.3,24.3,0.4,16.0,0.9,43.3,6.1,3.6,4.7,16.2,0.047,2019
260,Tyler Dorsey,MEM,23,48,11,37,14.5,108.4,1.8,11.8,16.7,0.3,11.5,0.0,3.0,5.4,3.1,5.2,14.5,0.047,2019
261,Boban Marjanovic,PHI,30,58,31,27,11.7,105.3,3.1,23.2,31.9,0.3,20.3,0.5,44.3,4.5,3.4,4.2,11.3,0.047,2019
262,Patrick Patterson,OKC,30,63,40,23,13.7,107.3,1.7,11.4,17.3,0.3,9.6,0.2,11.9,5.0,4.4,3.8,15.1,0.046,2019
263,Noah Vonleh,NYK,23,68,13,55,25.3,112.4,6.1,23.4,34.7,0.7,18.5,0.8,30.5,8.8,7.1,6.2,26.6,0.046,2019
264,Josh Jackson,PHX,22,79,19,60,25.2,112.4,3.6,13.6,22.0,0.9,19.9,0.7,24.2,9.8,8.4,8.4,26.5,0.046,2019
265,Rajon Rondo,LAL,33,46,19,27,29.8,113.3,4.5,14.2,21.4,1.2,26.5,0.2,4.7,12.7,9.1,11.5,32.8,0.046,2019
266,Ante Zizic,CLE,22,59,13,46,18.3,110.2,3.6,19.3,27.5,0.2,9.8,0.4,34.9,6.2,4.5,5.8,18.8,0.046,2019
267,Mo Bamba,ORL,21,47,19,28,16.3,109.2,3.6,21.3,31.9,0.3,13.3,1.4,58.7,5.1,4.4,4.3,15.3,0.046,2019
268,Miles Bridges,CHA,21,80,38,42,21.2,111.5,3.2,14.8,21.4,0.7,21.6,0.6,29.0,6.3,5.9,5.9,22.8,0.045,2019
269,Frank Kaminsky,CHA,26,47,22,25,16.1,109.1,2.6,16.4,24.3,0.3,11.1,0.3,15.2,4.1,3.9,3.9,15.8,0.045,2019
270,Tyrone Wallace,LAC,25,62,34,28,10.1,104.2,1.3,11.1,16.7,0.3,20.8,0.1,9.9,3.8,3.5,3.2,9.8,0.045,2019
271,Kelly Oubre Jr.,PHX,23,69,21,48,28.0,113.3,3.7,12.6,20.6,1.2,25.0,0.9,24.6,10.8,9.3,9.2,29.7,0.045,2019
272,Tim Frazier,MIL,28,59,27,32,19.0,110.6,2.2,10.6,14.9,0.5,17.3,0.1,4.5,6.8,4.6,5.5,19.3,0.045,2019
273,Alfonzo McKinnie,GSW,26,72,53,19,13.9,107.9,2.3,15.2,21.9,0.3,11.7,0.2,11.6,4.9,3.8,4.6,14.2,0.045,2019
274,Ian Clark,NOP,28,60,24,36,16.2,109.6,1.3,7.1,10.3,0.4,17.3,0.1,7.6,5.9,4.7,5.3,17.1,0.044,2019
275,Abdel Nader,OKC,25,61,38,23,11.4,105.8,1.7,13.9,21.0,0.3,15.9,0.2,15.4,3.7,3.5,3.3,11.4,0.043,2019
276,Enes Freedom,POR,27,67,28,39,24.5,112.6,6.0,24.5,35.3,0.5,13.5,0.4,21.1,8.1,6.4,6.9,26.3,0.043,2019
277,Kris Dunn,CHI,25,46,14,32,30.2,113.7,3.7,11.9,17.1,1.5,32.2,0.5,15.8,10.8,8.4,7.9,31.1,0.043,2019
278,Yogi Ferrell,SAC,26,71,33,38,15.0,108.9,1.4,8.5,13.1,0.5,21.8,0.1,4.8,5.4,4.7,4.0,15.5,0.043,2019
279,Svi Mykhailiuk,DET,22,42,19,23,10.5,105.7,0.6,5.5,8.3,0.3,19.2,0.0,2.4,4.0,3.7,2.6,10.5,0.042,2019
280,Jeff Green,WAS,32,77,29,48,27.2,113.2,3.3,11.7,18.0,0.6,12.6,0.5,20.9,9.7,7.9,7.4,29.6,0.042,2019
281,Jose Calderon,DET,37,49,22,27,12.9,107.8,1.0,7.8,11.0,0.3,15.7,0.1,6.4,4.7,3.0,3.2,13.1,0.042,2019
282,Frank Jackson,NOP,21,61,22,39,19.2,111.3,1.8,8.5,12.4,0.4,13.8,0.0,1.7,7.5,5.4,6.5,21.3,0.042,2019
283,T.J. Warren,PHX,25,43,10,33,31.6,114.1,3.3,10.8,17.1,1.2,18.5,0.7,19.7,12.3,9.5,9.7,34.2,0.041,2019
284,Trevor Ariza,WAS,33,69,22,47,34.0,114.4,4.7,13.9,20.8,1.3,22.7,0.3,11.2,13.3,9.3,10.9,38.9,0.041,2019
285,Dirk Nowitzki,DAL,41,51,17,34,15.6,109.7,3.0,18.0,25.4,0.2,10.1,0.4,30.5,4.4,4.4,5.0,15.1,0.041,2019
286,Jarell Martin,ORL,25,42,20,22,7.8,101.6,1.5,18.5,26.5,0.1,5.5,0.2,23.5,2.0,1.5,2.4,6.7,0.041,2019
287,Moritz Wagner,LAL,22,43,15,28,10.4,105.5,1.6,14.2,19.9,0.3,17.2,0.3,34.2,4.9,2.7,3.8,10.1,0.041,2019
288,Kosta Koufos,SAC,30,42,21,21,11.9,107.4,3.0,22.9,35.0,0.4,17.4,0.4,40.9,3.9,3.9,3.5,11.4,0.04,2019
289,Harry Giles III,SAC,21,58,26,32,14.1,109.1,2.7,17.1,25.8,0.5,22.0,0.4,30.1,5.3,4.4,4.1,15.2,0.04,2019
290,Devin Harris,DAL,36,68,28,40,15.7,109.9,1.5,9.0,13.2,0.5,27.8,0.2,16.0,4.5,4.6,4.8,15.9,0.04,2019
291,Mario Hezonja,NYK,24,58,12,46,20.8,112.0,3.6,16.8,25.1,1.0,30.8,0.1,7.3,6.9,6.3,5.0,22.1,0.04,2019
292,Elie Okobo,PHX,21,53,7,46,18.1,111.1,1.6,9.2,14.2,0.6,17.5,0.1,7.2,6.6,6.1,5.2,19.7,0.04,2019
293,Ivan Rabb,MEM,22,49,20,29,14.7,109.5,2.8,19.7,28.6,0.3,13.4,0.3,21.9,6.0,3.4,5.8,13.8,0.04,2019
294,Gorgui Dieng,MIN,29,76,33,43,13.6,109.0,3.0,22.5,33.1,0.6,23.8,0.5,46.6,4.1,3.7,3.7,13.1,0.04,2019
295,Greg Monroe,PHI,29,43,28,15,11.2,106.7,2.4,21.8,31.3,0.3,14.7,0.2,19.5,4.4,2.8,3.7,12.5,0.039,2019
296,Malik Monk,CHA,21,73,34,39,17.2,111.1,1.7,9.5,13.8,0.5,19.9,0.3,13.9,5.1,4.8,4.8,18.0,0.038,2019
297,David Nwaba,CLE,26,51,14,37,19.3,111.9,2.4,12.8,19.1,0.7,22.9,0.3,31.5,6.3,5.1,5.4,18.9,0.038,2019
298,Tim Hardaway Jr.,DAL,27,65,14,51,31.6,114.5,2.9,9.0,13.5,0.8,17.7,0.1,4.6,10.7,9.2,8.8,33.6,0.038,2019
299,Rodney Hood,POR,26,72,29,43,26.3,113.7,1.8,7.1,10.2,0.8,23.0,0.2,9.1,8.5,7.0,7.3,27.4,0.037,2019
300,Wayne Selden,CHI,24,75,27,48,19.2,112.1,1.9,9.8,14.6,0.4,15.4,0.2,9.3,6.2,5.2,5.5,19.1,0.037,2019
301,Thomas Bryant,WAS,21,72,29,43,20.8,112.6,4.7,21.9,32.6,0.3,10.6,0.9,47.9,7.2,5.9,6.4,23.9,0.037,2019
302,Cheick Diallo,NOP,22,64,27,37,14.0,110.0,4.0,26.0,37.4,0.5,23.6,0.5,37.9,5.8,4.1,4.3,14.7,0.036,2019
303,Chasson Randle,WAS,26,49,19,30,15.2,110.6,0.9,6.2,9.2,0.5,19.1,0.1,4.5,5.4,4.3,4.7,16.7,0.036,2019
304,Devin Booker,PHX,22,64,15,49,35.0,115.1,3.5,9.9,15.6,0.9,14.1,0.2,5.9,14.4,11.4,11.3,39.7,0.036,2019
305,Markieff Morris,OKC,29,58,24,34,21.9,113.0,3.5,16.1,25.0,0.6,16.4,0.4,16.9,7.8,6.7,6.6,20.8,0.036,2019
306,Troy Daniels,PHX,27,51,13,38,14.9,110.8,1.2,7.9,12.4,0.5,19.4,0.1,6.7,5.7,4.3,3.7,16.5,0.034,2019
307,Troy Brown Jr.,WAS,19,52,20,32,14.0,110.3,2.1,14.9,21.7,0.4,17.9,0.1,8.6,4.4,3.9,3.8,15.4,0.034,2019
308,Trae Young,ATL,20,81,29,52,30.9,114.8,2.9,9.1,13.5,0.9,17.6,0.2,5.9,13.9,9.5,11.7,33.6,0.034,2019
309,Antonio Blakeney,CHI,22,57,14,43,14.5,110.8,1.7,11.4,17.2,0.2,11.2,0.2,14.5,4.6,3.8,4.0,14.9,0.034,2019
310,Sindarius Thornwell,LAC,24,64,37,27,4.9,97.7,0.6,10.8,15.7,0.2,24.1,0.1,17.5,1.9,1.1,1.6,4.9,0.033,2019
311,Jahlil Okafor,NOP,23,59,23,36,15.8,111.5,3.3,19.6,27.7,0.3,11.4,0.7,38.5,6.2,4.7,5.8,16.9,0.033,2019
312,Justin Anderson,ATL,25,48,17,31,9.7,107.6,1.3,11.9,17.8,0.5,25.6,0.3,23.2,3.7,3.2,2.7,9.8,0.033,2019
313,Solomon Hill,NOP,28,44,14,30,20.0,113.0,2.3,10.2,14.9,0.5,18.5,0.2,12.7,7.6,6.6,6.7,20.5,0.033,2019
314,Gary Clark,HOU,24,51,33,18,12.6,109.8,1.8,14.4,22.4,0.4,19.4,0.5,31.0,4.7,4.4,3.2,14.3,0.033,2019
315,Bobby Portis,WAS,24,50,14,36,26.0,114.3,5.9,22.6,33.0,0.7,18.3,0.4,19.2,8.2,7.3,6.4,28.2,0.032,2019
316,Dragan Bender,PHX,21,46,9,37,18.0,112.7,3.2,16.8,27.1,0.4,11.8,0.5,24.7,7.1,6.2,5.5,19.9,0.032,2019
317,Sam Dekker,WAS,25,47,14,33,16.8,112.2,2.0,12.3,18.9,0.8,25.0,0.1,11.7,6.2,4.7,5.4,18.2,0.031,2019
318,Larry Nance Jr.,CLE,26,67,16,51,26.8,114.6,5.7,22.4,32.0,1.5,39.1,0.6,46.0,9.7,6.6,8.0,26.4,0.031,2019
319,Emmanuel Mudiay,NYK,23,59,13,46,27.2,114.8,2.8,9.8,14.4,0.7,18.5,0.3,12.0,10.0,8.0,7.7,29.6,0.03,2019
320,Omari Spellman,ATL,21,46,15,31,17.5,112.8,2.7,14.4,22.1,0.6,19.8,0.5,30.5,8.1,5.8,6.1,18.0,0.03,2019
321,Devonte' Graham,CHA,24,46,18,28,14.7,111.8,1.2,7.8,11.5,0.5,21.9,0.0,3.5,4.0,4.0,4.1,15.3,0.03,2019
322,Kyle O'Quinn,IND,29,45,27,18,8.2,107.0,2.0,21.6,31.5,0.2,20.9,0.6,55.6,2.6,2.7,3.5,7.9,0.029,2019
323,Kevin Knox II,NYK,19,75,15,60,28.8,115.1,3.7,12.0,17.9,0.6,14.9,0.3,10.1,9.9,8.8,7.3,30.6,0.029,2019
324,Dante Cunningham,SAS,32,64,36,28,14.5,111.9,2.2,14.8,20.8,0.4,21.8,0.2,16.3,4.8,3.8,4.5,14.8,0.029,2019
325,Quincy Pondexter,SAS,31,53,29,24,5.5,101.4,0.7,12.3,16.7,0.2,28.2,0.0,3.2,2.4,1.2,1.8,5.7,0.029,2019
326,Jordan Clarkson,CLE,27,81,18,63,27.3,115.0,2.3,8.7,12.9,0.7,18.2,0.2,10.7,9.7,7.0,7.2,28.6,0.029,2019
327,Bismack Biyombo,CHA,26,54,24,30,14.5,111.8,3.1,20.5,29.0,0.2,10.2,0.8,45.6,3.9,4.0,4.4,14.4,0.029,2019
328,De'Anthony Melton,PHX,21,50,13,37,19.7,113.7,2.2,11.4,18.0,1.4,30.6,0.5,20.5,7.8,5.9,5.2,20.6,0.028,2019
329,Amir Johnson,PHI,32,51,32,19,10.4,109.7,2.0,18.5,26.4,0.3,17.4,0.3,22.8,4.1,2.5,3.0,11.5,0.028,2019
330,Dwayne Bacon,CHA,23,43,20,23,17.6,113.2,1.9,10.5,15.4,0.3,11.8,0.1,6.8,4.6,4.7,4.1,17.5,0.028,2019
331,Marcin Gortat,LAC,35,47,25,22,16.0,112.5,4.1,25.3,36.4,0.1,6.5,0.5,45.3,5.8,4.3,5.6,19.0,0.028,2019
332,Meyers Leonard,POR,27,61,35,26,14.4,112.2,3.0,20.6,29.4,0.2,14.8,0.1,18.0,5.5,3.9,4.4,13.7,0.027,2019
333,Quinn Cook,GSW,26,74,49,25,14.3,112.1,1.8,12.3,18.5,0.3,12.6,0.0,2.2,5.3,4.3,5.0,14.8,0.027,2019
334,Taurean Prince,ATL,25,55,19,36,28.2,115.4,3.2,11.0,16.1,1.0,20.5,0.3,11.4,12.7,8.6,10.9,29.4,0.027,2019
335,Cristiano Felicio,CHI,26,60,16,44,12.4,111.7,2.3,18.7,27.5,0.2,10.6,0.1,15.9,4.0,3.2,3.4,13.6,0.026,2019
336,Jordan Bell,GSW,24,68,46,22,11.6,111.2,1.9,15.4,23.2,0.3,20.6,0.8,42.5,4.8,3.5,4.2,11.6,0.025,2019
337,Hamidou Diallo,OKC,20,51,29,22,10.3,110.3,1.2,11.0,16.9,0.4,20.2,0.2,13.0,3.9,3.6,3.0,11.7,0.025,2019
338,Alec Burks,SAC,27,64,19,45,21.5,114.6,3.2,15.1,21.9,0.6,19.5,0.3,22.8,7.8,5.6,5.9,24.1,0.023,2019
339,Timothe Luwawu-Cabarrot,CHI,24,50,25,25,13.4,112.9,1.7,12.5,18.1,0.4,18.1,0.2,14.3,4.3,4.2,4.3,14.5,0.023,2019
340,Nik Stauskas,CLE,25,68,33,35,14.9,113.7,1.6,10.4,15.0,0.3,18.4,0.1,9.1,5.0,4.4,4.9,15.0,0.022,2019
341,Georges Niang,UTA,26,59,41,18,8.8,111.6,1.3,13.5,19.7,0.2,16.1,0.1,9.2,3.1,2.6,1.9,9.4,0.018,2019
342,Ekpe Udoh,UTA,32,51,35,16,6.3,110.5,1.2,18.9,26.9,0.2,21.7,0.6,70.5,2.2,1.7,1.6,7.3,0.015,2019
343,Willy Hernangomez,CHA,25,58,31,27,14.0,115.3,3.3,24.0,34.4,0.3,14.8,0.3,25.3,4.9,3.9,4.4,15.7,0.013,2019
344,Jamal Crawford,PHX,39,64,13,51,18.9,116.5,1.2,6.1,9.7,0.5,16.1,0.2,8.6,8.4,7.0,7.1,21.4,0.011,2019
345,Collin Sexton,CLE,20,82,19,63,31.8,118.1,2.2,7.2,10.4,0.5,13.3,0.1,5.2,11.0,8.5,10.0,33.5,0.003,2019
346,Marquese Chriss,CLE,21,43,17,26,11.6,117.9,2.4,21.6,34.2,0.4,21.8,0.3,35.5,4.5,3.8,3.4,12.0,0.002,2019
347,Tristan Thompson,CLE,28,43,8,35,27.9,118.8,6.2,23.7,33.9,0.7,18.3,0.4,29.1,10.0,7.7,7.6,29.7,-0.003,2019
348,Cedi Osman,CLE,24,76,17,59,32.2,118.8,4.1,13.4,19.4,0.8,18.6,0.1,9.7,11.2,8.9,9.8,34.1,-0.003,2019
