,Player,TEAM,AGE,GP,W,L,MIN,DEF RTG,DREB,DREB%,%DREB,STL,STL%,BLK,%BLK,OPP PTSOFF TOV,OPP PTS2ND CHANCE,OPP PTSFB,OPP PTSPAINT,DEFWS,Year
0,Paul Pierce,BOS,30,80,64,16,35.9,97.3,4.5,12.6,18.7,1.3,19.6,0.5,12.7,11.4,9.2,6.6,25.6,0.192,2008
1,Kevin Garnett,BOS,32,71,57,14,32.8,96.0,7.3,22.0,32.4,1.4,24.3,1.3,35.2,9.6,8.1,6.0,22.9,0.187,2008
2,Yao Ming,HOU,27,55,36,19,37.2,99.2,7.7,20.4,30.1,0.5,8.3,2.0,46.1,11.5,9.5,9.9,24.9,0.176,2008
3,Ray Allen,BOS,32,73,58,15,35.9,99.0,2.6,7.4,11.2,0.9,14.3,0.2,6.0,11.4,9.2,7.0,25.8,0.174,2008
4,Shane Battier,HOU,29,80,54,26,36.3,99.8,3.5,9.2,13.9,1.0,16.9,1.1,26.6,11.1,9.8,9.8,26.8,0.166,2008
5,Rafer Alston,HOU,31,74,51,23,34.1,99.3,3.1,8.9,13.3,1.3,24.3,0.2,6.2,9.9,8.9,9.7,25.4,0.163,2008
6,Rajon Rondo,BOS,22,77,62,15,29.9,97.1,3.2,10.5,15.4,1.7,31.7,0.2,5.7,9.0,7.3,5.3,21.3,0.163,2008
7,Tracy McGrady,HOU,29,66,46,20,37.0,100.4,4.5,11.9,17.9,1.0,18.4,0.5,11.4,10.5,9.7,9.9,27.2,0.162,2008
8,Manu Ginobili,SAS,30,74,51,23,31.1,98.2,3.9,13.0,18.8,1.5,33.1,0.4,16.1,9.2,6.5,7.6,22.4,0.162,2008
9,Tim Duncan,SAS,32,78,54,24,34.0,99.9,8.3,25.6,36.4,0.7,16.8,1.9,63.1,9.7,7.2,8.0,24.5,0.153,2008
10,Tony Parker,SAS,26,69,48,21,33.5,100.3,2.8,8.6,12.4,0.8,18.8,0.1,3.7,9.3,7.3,7.9,25.9,0.148,2008
11,Tayshaun Prince,DET,28,82,59,23,32.9,100.7,3.5,11.5,17.7,0.5,10.6,0.4,10.6,7.5,7.3,6.1,24.7,0.14,2008
12,Rasheed Wallace,DET,33,77,55,22,30.5,100.0,5.5,19.6,29.6,1.2,25.2,1.7,50.2,6.8,6.6,5.1,22.1,0.137,2008
13,Kendrick Perkins,BOS,23,78,62,16,24.5,96.6,4.2,17.1,25.3,0.4,8.9,1.5,51.8,7.0,6.2,4.9,17.9,0.136,2008
14,Lamar Odom,LAL,28,77,54,23,37.9,103.0,8.1,20.2,30.2,1.0,15.9,0.9,23.4,11.6,11.1,9.4,31.0,0.136,2008
15,Bruce Bowen,SAS,37,81,56,25,30.2,100.2,2.5,8.6,12.4,0.7,18.1,0.3,10.0,9.1,6.9,7.7,22.9,0.134,2008
16,David West,NOH,27,76,52,24,37.8,103.3,6.5,18.3,27.0,0.8,13.2,1.3,44.2,9.7,8.9,9.1,31.0,0.133,2008
17,Josh Howard,DAL,28,76,48,28,36.3,102.9,5.4,15.0,22.1,0.8,16.4,0.4,10.9,10.6,9.7,9.7,29.5,0.132,2008
18,Chauncey Billups,DET,31,78,56,22,32.3,101.4,2.2,7.3,11.2,1.3,27.5,0.2,5.7,7.3,7.2,6.1,24.5,0.132,2008
19,Kobe Bryant,LAL,29,82,57,25,38.9,103.9,5.2,12.6,19.1,1.8,28.5,0.5,11.5,12.2,11.4,9.4,33.2,0.13,2008
20,Allen Iverson,DEN,33,82,50,32,41.8,104.7,2.4,5.4,8.5,2.0,24.1,0.1,2.4,14.1,12.8,12.3,36.7,0.129,2008
21,Andre Iguodala,PHI,24,82,40,42,39.5,104.1,4.4,11.9,18.5,2.1,29.4,0.6,14.9,12.0,10.8,8.1,33.0,0.128,2008
22,Richard Hamilton,DET,30,72,52,20,33.7,102.3,2.2,7.0,10.8,1.0,20.6,0.1,3.8,8.3,8.0,6.4,25.9,0.127,2008
23,James Posey,BOS,31,74,60,14,24.6,98.2,3.9,16.3,25.4,1.0,23.6,0.3,13.5,9.3,6.6,5.1,17.4,0.126,2008
24,Rashard Lewis,ORL,28,81,52,29,38.0,104.0,4.2,10.9,16.2,1.2,24.1,0.5,15.6,12.5,10.1,9.5,29.6,0.124,2008
25,Jermaine O'Neal,IND,29,42,19,23,28.7,100.9,4.8,16.8,25.1,0.5,10.8,2.1,58.0,10.5,6.9,7.8,20.6,0.122,2008
26,Dirk Nowitzki,DAL,30,77,49,28,36.0,103.7,7.3,20.5,30.1,0.7,14.6,0.9,23.9,9.7,9.1,8.8,29.4,0.121,2008
27,Chris Kaman,LAC,26,56,20,36,37.2,104.1,9.6,26.6,39.6,0.6,11.8,2.8,66.0,12.2,9.9,7.0,32.9,0.121,2008
28,Tony Allen,BOS,26,75,61,14,18.3,93.8,1.8,9.5,14.7,0.8,24.1,0.3,17.1,6.6,4.9,3.3,12.6,0.12,2008
29,Chuck Hayes,HOU,25,79,52,27,19.9,95.4,3.7,18.4,27.1,1.1,30.0,0.5,24.4,5.5,4.9,4.5,14.1,0.12,2008
30,Shawn Marion,MIA,30,63,37,26,36.7,104.8,8.0,21.2,33.5,2.0,32.3,1.3,29.4,12.0,10.8,9.2,33.4,0.12,2008
31,Chris Bosh,TOR,24,67,37,30,36.2,103.8,6.1,17.7,26.8,0.9,18.1,1.0,31.0,9.3,8.7,7.1,27.0,0.12,2008
32,Tyson Chandler,NOH,25,79,54,25,35.2,103.9,7.7,23.2,34.3,0.6,10.1,1.1,39.6,8.9,8.5,8.5,28.7,0.117,2008
33,Grant Hill,PHX,35,70,46,24,31.7,102.9,4.0,11.5,18.4,0.9,21.7,0.8,18.3,10.5,9.6,8.1,28.3,0.116,2008
34,Hedo Turkoglu,ORL,29,82,52,30,36.9,104.5,4.7,12.5,18.9,0.9,19.1,0.3,9.6,11.6,10.0,9.4,29.2,0.116,2008
35,LeBron James,CLE,23,75,45,30,40.4,105.5,6.1,15.8,23.3,1.8,30.5,1.1,24.0,13.3,9.5,10.6,31.8,0.115,2008
36,Anderson Varejao,CLE,25,48,28,20,27.5,101.0,5.5,21.3,32.2,0.8,17.5,0.5,22.2,8.2,6.9,6.9,20.8,0.114,2008
37,Dwight Howard,ORL,22,82,52,30,37.7,105.0,10.8,27.8,41.5,0.9,18.4,2.1,66.7,12.6,10.1,9.7,29.0,0.113,2008
38,Zydrunas Ilgauskas,CLE,33,73,41,32,30.4,102.7,5.7,19.4,27.9,0.5,11.2,1.6,45.6,10.0,6.2,8.0,23.3,0.112,2008
39,Michael Finley,SAS,35,82,56,26,26.9,101.2,2.8,10.8,15.6,0.4,11.3,0.1,5.4,7.1,6.0,6.0,19.6,0.111,2008
40,Eddie House,BOS,30,78,62,16,19.0,96.0,1.9,10.0,15.9,0.8,22.9,0.1,8.2,7.6,5.1,4.1,13.2,0.111,2008
41,Josh Smith,ATL,22,81,37,44,35.5,104.7,6.2,18.1,27.9,1.5,27.7,2.8,62.5,12.9,10.3,9.7,31.9,0.111,2008
42,Luis Scola,HOU,28,82,55,27,24.7,100.3,4.3,17.3,26.7,0.7,20.1,0.2,9.6,7.2,6.9,7.0,19.9,0.11,2008
43,Chris Paul,NOH,23,80,55,25,37.6,105.3,3.2,9.2,13.7,2.7,44.2,0.1,1.8,9.6,9.0,8.9,30.9,0.109,2008
44,Marcus Camby,DEN,34,79,48,31,34.9,104.7,10.2,27.1,42.5,1.1,16.3,3.6,65.8,12.7,10.8,10.4,30.7,0.108,2008
45,Mike Dunleavy,IND,27,82,36,46,36.0,105.0,4.5,12.1,18.2,1.0,18.5,0.4,10.3,12.8,9.5,9.0,28.3,0.108,2008
46,Antonio McDyess,DET,33,78,57,21,29.3,102.6,5.9,22.5,34.4,0.8,17.7,0.7,22.3,7.0,6.4,5.9,23.2,0.107,2008
47,Peja Stojakovic,NOH,31,77,53,24,35.2,105.0,3.5,10.5,15.7,0.7,12.9,0.1,5.1,8.6,8.1,8.7,29.4,0.106,2008
48,Gerald Wallace,CHA,25,62,23,39,38.3,105.7,5.1,13.7,21.8,2.1,32.0,0.9,22.9,13.1,11.8,9.1,34.6,0.106,2008
49,Jason Terry,DAL,30,82,51,31,31.4,103.8,2.2,6.9,10.4,1.1,27.8,0.2,6.6,8.4,8.7,7.9,25.9,0.106,2008
50,Raja Bell,PHX,31,75,48,27,35.3,105.1,3.0,7.9,12.4,0.7,14.8,0.4,7.8,12.1,11.3,9.1,32.6,0.104,2008
51,Samuel Dalembert,PHI,28,82,40,42,33.2,104.5,6.6,21.5,33.2,0.5,8.6,2.3,65.3,10.8,8.9,7.4,28.3,0.104,2008
52,Vince Carter,NJN,31,76,34,42,38.9,106.1,4.5,11.8,17.7,1.2,23.7,0.4,11.5,13.1,10.2,10.3,29.9,0.103,2008
53,Daniel Gibson,CLE,22,58,32,26,30.4,103.7,1.8,6.3,9.2,0.8,19.0,0.2,8.5,9.0,6.4,6.8,22.7,0.103,2008
54,Jason Kidd,DAL,35,80,39,41,36.3,105.7,6.3,17.8,26.0,1.7,34.9,0.3,9.7,11.4,9.4,9.4,27.9,0.103,2008
55,Metta World Peace,SAC,28,57,30,27,38.1,106.0,4.0,10.7,16.3,2.3,35.2,0.7,22.0,13.7,10.3,9.7,32.0,0.102,2008
56,Delonte West,CLE,24,61,23,38,25.1,102.1,2.7,10.2,15.4,1.0,27.6,0.5,15.5,9.3,6.3,6.4,19.5,0.101,2008
57,Sasha Pavlovic,CLE,24,51,28,23,23.3,101.1,1.8,7.9,11.2,0.6,15.8,0.1,4.9,8.3,4.8,6.4,18.1,0.1,2008
58,Corey Maggette,LAC,28,70,21,49,35.7,105.7,4.5,13.0,19.5,1.0,20.1,0.1,2.8,11.9,9.6,7.9,33.4,0.1,2008
59,Pau Gasol,LAL,27,66,32,34,35.6,105.5,6.0,16.5,25.4,0.5,9.2,1.5,37.5,12.4,9.9,9.6,31.6,0.099,2008
60,Joe Johnson,ATL,27,82,37,45,40.8,106.7,3.5,8.8,13.6,1.0,16.9,0.2,5.0,13.9,11.9,10.8,36.5,0.099,2008
61,Deron Williams,UTA,24,82,54,28,37.3,106.0,2.5,7.3,11.1,1.1,16.8,0.3,8.1,12.5,10.2,10.7,32.5,0.099,2008
62,Ben Wallace,CLE,33,72,31,41,30.6,104.2,5.1,17.6,26.4,1.2,28.1,1.6,47.0,10.3,7.6,7.8,21.7,0.099,2008
63,Andre Miller,PHI,32,82,40,42,36.8,106.0,2.8,8.1,12.7,1.3,20.1,0.1,1.9,11.7,10.2,7.5,31.5,0.098,2008
64,Ime Udoka,SAS,30,73,50,23,18.0,97.6,2.6,15.1,21.7,0.8,28.1,0.2,14.4,5.5,3.9,4.4,12.8,0.097,2008
65,Mehmet Okur,UTA,29,72,50,22,33.2,105.2,5.9,19.0,28.7,0.8,13.2,0.4,12.8,11.6,9.1,9.3,28.8,0.097,2008
66,Jameer Nelson,ORL,26,69,42,27,28.4,103.9,3.1,10.6,15.6,0.9,23.1,0.1,2.4,10.0,6.9,8.0,21.8,0.097,2008
67,Caron Butler,WAS,28,58,33,25,39.9,106.8,5.1,13.8,21.0,2.2,33.6,0.3,10.0,12.2,10.2,10.2,30.6,0.097,2008
68,Eduardo Najera,DEN,31,78,48,30,21.3,100.2,2.9,12.5,19.8,0.9,20.3,0.5,18.3,7.0,6.2,6.2,18.3,0.096,2008
69,Andrei Kirilenko,UTA,27,72,47,25,30.8,104.8,3.0,10.5,15.9,1.2,20.9,1.5,48.2,10.5,8.4,8.9,27.6,0.095,2008
70,Brandon Roy,POR,23,74,40,34,37.7,106.5,3.6,10.0,15.7,1.1,25.2,0.2,6.3,11.2,10.1,10.2,32.3,0.095,2008
71,Keith Bogans,ORL,28,82,52,30,26.8,103.3,2.7,9.8,14.8,0.7,20.8,0.1,5.7,8.8,7.3,7.0,20.5,0.095,2008
72,Bobby Jackson,HOU,35,72,52,20,19.3,98.5,2.1,10.8,16.4,0.6,21.8,0.1,4.1,4.9,5.4,4.4,14.6,0.095,2008
73,Kurt Thomas,SAS,35,70,32,38,22.6,101.7,5.4,23.4,34.3,0.8,25.9,0.8,36.8,6.8,5.6,5.4,17.5,0.094,2008
74,Luther Head,HOU,25,73,46,27,18.9,98.6,1.6,8.4,12.7,0.6,22.4,0.1,6.3,5.5,5.1,4.8,14.7,0.094,2008
75,Kirk Hinrich,CHI,27,75,31,44,31.7,105.1,2.9,9.4,14.5,1.2,23.5,0.3,7.5,10.8,8.3,7.8,22.5,0.094,2008
76,Antawn Jamison,WAS,32,79,41,38,38.7,106.8,7.5,20.7,31.6,1.3,21.5,0.4,11.8,11.2,10.0,10.5,29.6,0.094,2008
77,Carlos Boozer,UTA,26,81,53,28,34.9,106.1,8.0,24.5,37.7,1.2,19.9,0.5,16.0,11.8,9.6,10.1,30.7,0.092,2008
78,Wally Szczerbiak,CLE,31,75,24,51,23.2,102.3,2.4,9.9,15.3,0.3,11.8,0.2,5.9,8.0,6.5,5.6,18.6,0.092,2008
79,Luke Walton,LAL,28,74,51,23,23.4,102.1,2.8,11.3,17.2,0.8,21.5,0.2,10.6,7.2,7.2,5.8,20.1,0.091,2008
80,Carmelo Anthony,DEN,24,77,47,30,36.4,106.6,5.1,13.3,20.9,1.3,18.9,0.5,9.5,12.8,11.2,11.1,32.7,0.09,2008
81,Tim Thomas,LAC,31,63,18,45,30.8,105.2,4.1,14.0,21.0,0.6,15.4,0.5,16.0,9.9,7.9,7.0,27.0,0.09,2008
82,LaMarcus Aldridge,POR,22,76,35,41,34.9,106.3,4.7,14.2,21.8,0.7,17.9,1.2,39.0,10.1,8.9,9.3,29.7,0.089,2008
83,Bonzi Wells,NOH,31,73,44,29,21.4,101.3,3.4,16.3,25.2,1.0,28.6,0.4,19.9,6.8,5.4,4.9,14.8,0.089,2008
84,Fabricio Oberto,SAS,33,82,56,26,20.0,100.4,3.4,18.1,25.9,0.5,18.2,0.2,16.9,6.0,4.3,5.2,14.9,0.089,2008
85,Boris Diaw,PHX,26,82,55,27,28.1,104.5,3.4,11.4,18.0,0.7,19.4,0.5,14.8,9.4,9.0,7.1,26.6,0.088,2008
86,Derek Fisher,LAL,33,82,57,25,27.4,104.3,1.8,6.3,9.3,1.0,23.8,0.0,1.3,8.8,8.1,6.8,22.6,0.088,2008
87,Jason Maxiell,DET,25,82,59,23,21.6,101.6,3.1,15.2,24.1,0.3,8.8,1.1,41.6,6.0,5.6,4.5,15.8,0.088,2008
88,Rodney Stuckey,DET,22,57,41,16,19.0,99.8,1.7,9.4,14.5,0.9,28.7,0.1,4.5,5.3,4.6,3.8,12.5,0.088,2008
89,Jamario Moon,TOR,28,78,39,39,27.8,104.4,5.0,18.7,28.0,1.0,25.1,1.4,49.8,7.7,7.2,6.1,22.3,0.088,2008
90,Rasual Butler,NOH,29,51,37,14,17.2,98.3,1.6,9.6,14.5,0.3,10.4,0.4,21.4,4.8,4.2,3.6,12.9,0.087,2008
91,Stephen Jackson,GSW,30,73,46,27,39.1,107.5,3.4,8.6,13.8,1.3,16.8,0.4,11.3,12.7,12.7,12.1,37.3,0.087,2008
92,Kyle Korver,UTA,27,75,50,25,23.1,102.4,2.0,9.0,14.0,0.6,14.4,0.4,16.0,7.4,6.2,5.0,17.0,0.086,2008
93,Anthony Parker,TOR,33,82,41,41,32.1,106.0,3.5,11.2,17.1,1.0,21.4,0.2,7.1,8.6,8.2,7.2,25.6,0.086,2008
94,Jordan Farmar,LAL,21,82,57,25,20.6,101.2,1.8,8.1,12.7,0.9,26.6,0.1,2.5,6.8,6.0,5.0,18.3,0.086,2008
95,Devin Harris,NJN,25,64,37,27,31.6,105.9,2.3,7.3,11.1,1.4,32.1,0.2,4.6,9.5,8.9,7.7,26.4,0.086,2008
96,Thaddeus Young,PHI,20,74,38,36,21.0,101.8,2.6,12.6,19.9,1.0,24.6,0.1,5.0,6.2,5.8,4.2,19.6,0.085,2008
97,Danny Granger,IND,25,80,34,46,35.9,107.0,4.9,13.5,20.4,1.2,21.3,1.1,27.6,13.4,10.1,8.9,28.4,0.085,2008
98,Raymond Felton,CHA,24,79,32,47,37.6,107.4,2.5,6.9,10.7,1.2,20.3,0.2,3.8,12.8,11.7,10.1,34.5,0.085,2008
99,Steve Blake,POR,28,81,41,40,29.9,105.6,2.0,7.1,10.9,0.7,20.4,0.0,1.7,8.7,8.1,8.0,26.0,0.084,2008
100,Paul Millsap,UTA,23,82,54,28,20.8,101.5,3.6,18.1,28.0,0.9,22.6,0.9,45.6,6.9,5.3,5.6,15.2,0.084,2008
101,Shaquille O'Neal,PHX,36,61,25,36,28.7,104.8,6.4,22.6,33.7,0.5,13.9,1.4,49.7,10.4,7.1,8.3,22.5,0.084,2008
102,Kenyon Martin,DEN,30,71,46,25,30.4,105.7,5.0,15.6,24.5,1.2,20.5,1.2,28.0,10.8,9.1,8.6,26.7,0.084,2008
103,Reggie Evans,PHI,28,81,40,41,23.2,102.8,4.8,22.8,34.9,1.1,24.5,0.1,5.3,7.2,6.1,5.2,18.1,0.084,2008
104,Jerry Stackhouse,DAL,33,58,39,19,24.4,103.9,1.7,6.9,10.5,0.5,15.6,0.2,6.3,7.7,6.8,7.4,20.8,0.084,2008
105,Jacque Vaughn,SAS,33,74,49,25,15.4,97.2,0.8,5.6,8.3,0.3,13.9,0.0,1.1,4.3,3.4,3.5,10.4,0.084,2008
106,Chris Duhon,CHI,25,66,25,41,22.6,102.8,1.5,6.6,10.4,0.7,19.6,0.0,1.2,7.7,5.9,6.5,16.5,0.084,2008
107,Willie Green,PHI,26,74,34,40,26.6,104.6,2.0,8.2,12.4,0.7,16.1,0.3,11.5,8.4,7.1,5.5,23.4,0.083,2008
108,Lou Williams,PHI,21,80,39,41,23.3,103.4,1.6,7.1,11.5,1.0,23.6,0.2,6.8,6.9,6.7,4.7,19.9,0.083,2008
109,Steve Nash,PHX,34,81,55,26,34.3,106.9,3.1,8.6,13.4,0.7,13.3,0.1,1.4,12.0,10.7,8.8,32.3,0.083,2008
110,Joel Przybilla,POR,28,77,38,39,23.6,103.3,5.9,26.0,38.8,0.2,7.3,1.2,55.0,7.7,5.5,6.4,19.8,0.083,2008
111,Chris Wilcox,SEA,25,62,16,46,28.0,105.3,5.0,16.7,25.4,0.7,18.5,0.6,20.0,9.9,8.6,8.0,26.6,0.083,2008
112,Marvin Williams,ATL,22,80,35,45,34.6,107.0,4.2,12.6,19.7,1.0,19.3,0.4,10.3,12.0,10.5,9.6,31.9,0.082,2008
113,Brad Miller,SAC,32,72,35,37,34.9,107.0,7.1,21.1,32.1,1.0,17.0,1.0,37.2,12.7,9.3,9.1,30.1,0.082,2008
114,Thabo Sefolosha,CHI,24,69,27,42,20.8,102.1,3.0,14.8,22.6,0.9,24.0,0.4,18.5,7.3,4.8,5.4,15.3,0.082,2008
115,Beno Udrih,SAC,25,65,31,34,32.0,106.3,2.8,9.0,14.0,0.9,17.4,0.2,5.3,12.4,9.2,7.9,28.2,0.082,2008
116,Amir Johnson,DET,21,62,49,13,12.3,94.3,2.4,18.1,28.5,0.4,19.8,1.3,60.7,3.0,3.2,2.6,7.3,0.081,2008
117,Erick Dampier,DAL,32,72,44,28,24.4,103.8,4.6,19.0,27.6,0.3,12.2,1.5,59.2,7.1,6.1,6.6,19.5,0.081,2008
118,Joe Smith,CLE,32,77,34,43,22.4,103.1,3.1,14.4,22.2,0.4,14.3,0.6,25.3,7.4,5.6,6.4,16.2,0.081,2008
119,Eddie Jones,DAL,36,47,31,16,19.6,101.3,2.4,13.0,18.9,0.6,21.1,0.2,10.0,6.1,5.0,5.0,15.7,0.081,2008
120,Glen Davis,BOS,22,69,56,13,13.6,95.5,1.6,12.1,18.7,0.4,17.5,0.3,26.7,5.5,3.4,2.2,9.3,0.081,2008
121,Rasho Nesterovic,TOR,32,71,35,36,20.9,102.2,3.0,15.0,22.0,0.3,9.8,0.7,34.9,5.9,4.6,4.5,15.2,0.081,2008
122,Keyon Dooling,ORL,28,72,45,27,18.5,100.6,1.3,6.8,10.4,0.5,22.6,0.1,4.3,6.1,4.7,4.2,13.5,0.08,2008
123,Devin Brown,CLE,29,78,44,34,22.6,103.3,2.5,11.8,17.9,0.7,19.1,0.1,3.7,7.5,5.6,5.7,17.9,0.08,2008
124,Joakim Noah,CHI,23,74,31,43,20.7,102.2,3.3,15.8,25.1,0.9,24.4,0.9,36.0,6.7,5.5,5.2,15.1,0.08,2008
125,Leon Powe,BOS,24,56,46,10,14.5,97.0,2.4,16.6,26.0,0.3,11.5,0.3,23.2,6.0,3.8,2.7,10.1,0.08,2008
126,Baron Davis,GSW,29,82,48,34,39.0,108.1,3.5,9.0,14.3,2.3,30.8,0.5,14.1,12.3,12.4,11.6,35.9,0.08,2008
127,Monta Ellis,GSW,22,81,48,33,37.9,107.9,3.3,8.7,13.9,1.5,20.7,0.3,9.3,12.3,12.6,11.6,35.9,0.079,2008
128,Arron Afflalo,DET,22,75,55,20,12.9,95.8,1.3,10.4,16.1,0.4,23.0,0.1,5.6,3.0,2.9,2.9,9.0,0.079,2008
129,Antoine Wright,DAL,24,56,26,30,22.0,103.4,1.9,8.9,13.4,0.5,17.8,0.4,17.2,8.1,6.0,5.4,15.9,0.078,2008
130,Marquis Daniels,IND,27,74,36,38,20.9,102.7,2.0,9.1,13.9,1.1,32.8,0.2,10.8,7.8,5.6,5.4,15.0,0.078,2008
131,Jason Richardson,CHA,27,82,32,50,38.4,108.1,4.4,11.8,18.7,1.4,23.0,0.7,18.0,13.3,12.3,10.8,35.4,0.077,2008
132,Linas Kleiza,DEN,23,79,49,30,23.9,104.2,3.1,12.0,19.0,0.6,13.3,0.2,7.9,8.1,7.0,6.8,21.7,0.077,2008
133,Jeff Foster,IND,31,77,34,43,24.5,104.4,5.2,21.7,31.9,0.7,19.4,0.4,19.9,8.0,6.2,5.9,18.7,0.077,2008
134,Drew Gooden,CHI,26,69,35,34,30.7,106.5,6.0,20.7,29.9,0.7,14.8,0.8,26.4,10.4,7.1,8.7,25.0,0.077,2008
135,Jose Calderon,TOR,26,82,41,41,30.3,106.4,2.5,8.9,13.2,1.1,24.2,0.1,2.9,8.3,7.3,6.8,24.5,0.077,2008
136,Ronnie Brewer,UTA,23,76,49,27,27.5,105.7,1.6,6.3,9.8,1.7,32.3,0.3,10.4,10.0,7.6,8.5,25.4,0.076,2008
137,Jarrett Jack,POR,24,82,41,41,27.2,105.8,2.5,9.1,14.8,0.7,23.2,0.0,0.5,8.2,8.2,6.8,22.1,0.076,2008
138,Al Horford,ATL,22,81,37,44,31.4,106.9,6.6,22.3,34.3,0.7,15.6,0.9,26.6,10.7,9.0,8.7,28.1,0.075,2008
139,Richard Jefferson,NJN,28,82,34,48,39.0,108.5,3.0,8.2,12.3,0.9,17.6,0.3,6.9,13.3,10.7,10.4,31.0,0.074,2008
140,Matt Bonner,SAS,28,68,45,23,12.5,95.9,2.0,16.6,24.4,0.2,11.6,0.3,22.7,3.7,2.8,2.6,9.5,0.074,2008
141,Martell Webster,POR,21,75,38,37,28.4,106.3,3.2,12.0,18.6,0.6,17.9,0.4,14.9,9.4,7.4,8.1,24.2,0.074,2008
142,T.J. Ford,TOR,25,51,22,29,23.5,104.8,1.5,6.6,10.1,1.1,31.6,0.0,0.0,7.1,5.9,5.3,17.7,0.074,2008
143,DeSagana Diop,NJN,26,79,44,35,16.4,100.0,2.9,18.3,27.4,0.3,14.4,1.1,57.1,5.6,4.6,4.6,12.4,0.074,2008
144,Emeka Okafor,CHA,25,82,32,50,33.1,107.6,7.6,23.6,36.9,0.8,14.6,1.7,46.6,11.5,9.9,9.3,30.7,0.073,2008
145,Troy Murphy,IND,28,75,33,42,28.1,106.4,5.8,20.7,31.4,0.7,15.5,0.4,14.9,9.8,8.4,6.4,22.7,0.072,2008
146,Vladimir Radmanovic,LAL,27,65,45,20,22.8,104.5,2.4,10.6,15.6,0.7,18.7,0.2,7.0,7.9,6.1,5.9,19.5,0.072,2008
147,DeShawn Stevenson,WAS,27,82,43,39,31.3,107.3,2.4,8.3,12.4,0.8,16.2,0.2,6.4,8.8,8.0,9.0,25.2,0.072,2008
148,Andris Biedrins,GSW,22,76,44,32,27.3,106.3,6.4,22.9,36.4,0.7,14.4,1.2,46.3,9.0,8.6,7.7,24.3,0.071,2008
149,Amar'e Stoudemire,PHX,25,79,53,26,33.9,107.9,6.8,19.1,30.1,0.8,18.0,2.1,44.1,11.6,10.6,8.6,31.6,0.071,2008
150,Darius Songaila,WAS,30,80,42,38,19.4,103.0,2.4,12.8,20.2,0.7,20.4,0.2,9.8,6.2,5.4,5.0,14.7,0.071,2008
151,Tyrus Thomas,CHI,21,74,27,47,18.0,102.1,3.2,18.8,28.3,0.6,20.4,1.0,47.1,6.5,4.1,4.7,12.0,0.07,2008
152,Cuttino Mobley,LAC,32,77,22,55,35.1,108.2,2.9,8.7,13.5,1.0,20.2,0.4,12.3,11.6,9.5,7.8,32.1,0.07,2008
153,JR Smith,DEN,22,74,44,30,19.2,103.1,1.5,7.2,11.2,0.8,22.2,0.2,7.7,6.6,5.5,5.3,17.7,0.07,2008
154,Anthony Carter,DEN,33,70,42,28,28.0,106.7,2.5,8.2,13.2,1.5,28.2,0.4,9.5,10.3,8.6,8.4,25.0,0.07,2008
155,Andres Nocioni,CHI,28,82,33,49,24.6,105.7,3.6,14.7,23.2,0.3,8.2,0.5,18.5,8.6,6.5,6.4,18.6,0.069,2008
156,Travis Outlaw,POR,23,82,41,41,26.7,106.4,3.4,13.0,21.7,0.7,21.8,0.8,29.2,7.8,8.5,6.5,22.0,0.069,2008
157,Carlos Delfino,TOR,25,82,41,41,23.5,105.2,3.6,16.2,24.5,0.8,24.3,0.1,7.7,7.1,5.5,5.4,18.0,0.069,2008
158,Brandon Bass,DAL,23,79,48,31,19.7,103.6,2.9,14.8,22.7,0.3,11.7,0.6,32.9,5.9,5.8,5.6,17.0,0.069,2008
159,Robert Horry,SAS,37,45,26,19,12.9,97.5,1.6,13.8,19.9,0.5,27.6,0.4,45.2,3.8,2.6,2.8,9.3,0.068,2008
160,Morris Peterson,NOH,30,76,52,24,23.6,105.4,2.2,10.4,15.0,0.6,16.8,0.1,6.1,6.2,5.1,6.3,20.6,0.068,2008
161,Anthony Johnson,SAC,33,69,32,37,22.2,104.5,1.7,7.8,11.9,0.8,20.2,0.1,5.2,7.4,6.1,6.0,19.7,0.068,2008
162,Brendan Haywood,WAS,28,80,41,39,27.8,106.8,3.8,14.5,21.7,0.4,9.3,1.7,60.7,8.4,6.9,7.9,20.5,0.067,2008
163,Melvin Ely,NOH,30,52,35,17,11.9,96.5,2.3,18.1,27.2,0.1,8.6,0.3,31.0,2.6,2.7,2.1,7.8,0.067,2008
164,Udonis Haslem,MIA,28,49,10,39,36.8,108.9,6.9,20.0,30.7,0.8,13.7,0.4,9.5,13.5,10.0,10.8,30.7,0.067,2008
165,Juan Dixon,DET,29,53,32,21,12.6,98.3,1.1,9.4,14.2,0.4,18.9,0.0,3.1,3.7,2.7,2.8,8.5,0.067,2008
166,Jarvis Hayes,DET,26,82,59,23,15.7,101.2,1.7,11.5,18.0,0.6,24.5,0.1,4.3,4.3,4.3,3.5,11.0,0.067,2008
167,Jannero Pargo,NOH,28,80,54,26,18.7,103.0,1.3,7.4,11.4,0.6,20.2,0.1,4.0,4.8,4.3,4.0,13.7,0.067,2008
168,Andrea Bargnani,TOR,22,78,39,39,23.9,105.6,3.1,13.6,20.3,0.3,8.7,0.5,25.0,6.1,5.4,5.7,19.9,0.067,2008
169,Carl Landry,HOU,24,42,32,10,16.9,101.9,2.6,16.1,24.2,0.4,18.7,0.2,12.3,5.3,4.6,4.6,14.0,0.067,2008
170,Antonio Daniels,WAS,33,71,40,31,30.4,107.6,2.5,9.1,14.1,1.0,19.3,0.0,1.0,9.2,7.7,8.1,23.3,0.066,2008
171,Kyle Lowry,MEM,22,82,22,60,25.5,106.3,2.5,10.0,15.3,1.1,32.3,0.3,10.9,9.5,6.5,8.1,22.8,0.066,2008
172,Luol Deng,CHI,23,63,25,38,33.8,108.3,4.1,12.5,19.7,0.9,17.4,0.5,12.8,11.2,10.0,9.0,26.1,0.066,2008
173,Josh Childress,ATL,25,76,33,43,29.9,107.6,2.6,8.9,14.4,0.9,22.3,0.6,16.2,11.0,9.1,8.4,27.2,0.066,2008
174,Sam Cassell,BOS,38,55,29,26,23.2,105.6,2.2,9.4,14.6,0.7,23.4,0.1,4.2,7.3,6.4,5.3,21.2,0.066,2008
175,Jason Smith,PHI,22,76,38,38,14.6,100.5,2.0,14.6,23.3,0.3,10.6,0.7,40.7,4.4,3.8,2.8,12.4,0.066,2008
176,Matt Carroll,CHA,27,80,32,48,25.2,106.4,2.4,9.8,15.4,0.6,15.4,0.2,9.3,8.8,7.9,7.2,22.4,0.066,2008
177,Brian Scalabrine,BOS,30,48,40,8,10.7,95.3,1.2,10.6,16.7,0.2,9.6,0.2,17.8,4.7,3.2,1.8,8.0,0.066,2008
178,Leandro Barbosa,PHX,25,82,55,27,29.5,107.6,2.3,7.4,11.9,0.9,24.2,0.2,5.9,10.0,9.8,7.8,28.6,0.064,2008
179,Ricky Davis,MIA,28,82,15,67,36.1,108.9,3.6,10.8,17.0,1.1,21.0,0.2,5.6,12.5,10.2,9.9,28.9,0.064,2008
180,Dwyane Wade,MIA,26,51,10,41,38.3,109.4,3.3,9.4,14.7,1.7,28.2,0.7,20.2,13.6,10.6,11.4,32.2,0.064,2008
181,Al Harrington,GSW,28,81,48,33,27.0,107.0,4.1,15.6,23.8,0.9,18.3,0.2,8.6,8.3,7.9,8.0,25.1,0.064,2008
182,Gordan Giricek,PHX,31,56,32,24,14.8,101.0,1.4,9.2,13.7,0.4,20.9,0.1,6.3,4.9,4.4,4.1,12.5,0.063,2008
183,Antoine Walker,MIN,31,46,10,36,19.4,104.4,2.4,12.8,19.5,0.7,20.6,0.2,12.5,6.9,5.6,5.4,14.1,0.063,2008
184,Ben Gordon,CHI,25,72,29,43,31.8,108.3,2.5,8.1,12.9,0.8,16.4,0.1,3.2,10.7,8.6,8.7,24.2,0.062,2008
185,Nenad Krstic,NJN,24,45,17,28,18.0,103.6,3.7,20.2,29.9,0.2,9.0,0.4,25.0,6.3,5.2,4.8,14.1,0.062,2008
186,Jason Kapono,TOR,27,81,40,41,18.9,104.2,1.1,6.1,9.3,0.4,15.9,0.0,2.0,5.7,4.7,4.3,14.5,0.062,2008
187,Mikki Moore,SAC,32,82,38,44,29.1,107.8,4.1,14.6,23.0,0.4,9.0,0.6,26.1,11.4,8.6,7.9,24.8,0.062,2008
188,Damon Jones,CLE,31,67,35,32,19.9,104.5,1.0,5.3,8.1,0.3,10.5,0.0,0.7,6.0,4.7,4.8,15.6,0.062,2008
189,Ronny Turiaf,LAL,25,78,53,25,18.7,104.0,2.7,13.8,21.2,0.4,12.2,1.4,57.4,6.3,5.8,4.9,16.0,0.061,2008
190,Ronnie Price,UTA,25,61,43,18,9.6,94.1,0.6,6.8,10.3,0.5,25.4,0.0,5.3,3.0,2.2,2.0,6.3,0.061,2008
191,Brevin Knight,LAC,32,74,22,52,22.6,106.0,1.7,7.9,12.1,1.4,38.5,0.1,7.1,7.6,6.3,4.8,20.3,0.061,2008
192,Johan Petro,SEA,22,72,18,54,18.2,104.1,3.8,20.1,30.6,0.5,18.9,0.6,34.1,7.7,4.6,6.4,16.4,0.061,2008
193,Rodney Carney,PHI,24,70,36,34,14.8,101.9,1.4,10.3,17.0,0.6,18.6,0.3,20.7,4.6,3.8,3.2,13.2,0.06,2008
194,Dorell Wright,MIA,22,44,7,37,25.1,107.1,3.9,16.4,25.7,0.7,18.7,0.9,37.3,8.0,7.1,7.2,20.3,0.06,2008
195,Jarron Collins,UTA,29,70,46,24,10.0,95.9,1.1,11.8,18.1,0.1,7.1,0.1,14.3,3.2,2.3,2.8,7.5,0.059,2008
196,Nick Collison,SEA,27,78,19,59,28.5,108.0,6.1,20.8,32.1,0.6,15.9,0.8,27.5,11.6,8.5,8.1,25.8,0.059,2008
197,Kareem Rush,IND,27,71,30,41,21.2,105.8,2.1,9.9,15.6,0.6,17.5,0.3,13.0,7.0,5.6,5.5,17.3,0.059,2008
198,Rashad McCants,MIN,23,75,20,55,26.9,107.7,2.1,8.2,12.6,0.9,21.6,0.2,11.8,9.9,7.4,7.7,20.6,0.058,2008
199,Francisco Elson,SEA,32,63,35,28,12.9,99.6,2.4,18.6,27.4,0.2,13.4,0.3,30.3,4.0,2.8,3.6,10.7,0.058,2008
200,Matt Harpring,UTA,32,76,50,26,18.1,104.2,1.9,11.2,17.8,0.6,20.2,0.2,12.2,6.1,4.7,5.1,13.0,0.058,2008
201,John Salmons,SAC,28,81,37,44,31.1,108.6,3.4,11.1,17.8,1.1,23.0,0.4,14.5,12.6,9.0,8.4,26.9,0.058,2008
202,Maurice Evans,ORL,29,75,46,29,22.9,106.5,1.7,7.4,11.3,0.6,18.3,0.1,6.5,8.0,5.8,6.1,17.8,0.058,2008
203,Mark Blount,MIA,32,69,11,58,22.3,106.3,2.8,13.4,20.6,0.5,14.7,0.5,31.5,8.0,6.3,6.1,17.7,0.058,2008
204,James Jones,POR,27,58,33,25,22.0,106.1,2.0,9.4,15.4,0.4,16.3,0.3,13.3,6.3,6.7,5.0,17.8,0.058,2008
205,Jason Collins,MEM,29,74,28,46,15.8,102.5,1.5,10.7,15.3,0.3,14.4,0.3,32.9,5.4,3.3,4.0,10.5,0.058,2008
206,Jamal Crawford,NYK,28,80,23,57,39.9,110.0,2.1,5.6,8.5,1.0,20.3,0.2,10.6,14.5,10.9,10.7,34.6,0.058,2008
207,Shawne Williams,IND,22,65,25,40,14.9,102.6,1.9,12.2,19.1,0.4,16.6,0.4,21.8,5.2,4.4,3.4,10.3,0.058,2008
208,J.J. Barea,DAL,24,44,27,17,10.5,97.2,1.0,9.7,13.5,0.3,28.6,0.0,2.8,2.7,2.3,2.8,8.1,0.057,2008
209,Channing Frye,POR,25,78,40,38,17.2,104.0,3.2,19.3,30.4,0.4,20.1,0.3,27.6,4.6,4.6,4.2,13.6,0.057,2008
210,Roger Mason Jr.,WAS,27,80,42,38,21.3,106.1,1.4,7.0,11.2,0.5,14.8,0.2,9.8,7.0,6.0,5.2,16.6,0.057,2008
211,Mike James,NOH,33,54,28,26,13.3,101.2,1.0,7.9,11.9,0.4,21.6,0.0,3.0,4.2,3.1,3.8,9.7,0.056,2008
212,Malik Allen,DAL,30,73,34,39,15.0,102.5,1.8,12.5,18.7,0.3,15.1,0.4,32.3,4.6,4.2,3.6,10.3,0.056,2008
213,Earl Barron,MIA,26,46,8,38,19.3,105.3,2.8,16.5,25.6,0.4,16.0,0.2,13.8,6.5,4.9,4.8,15.7,0.056,2008
214,Earl Watson,SEA,29,78,19,59,29.1,108.5,2.3,7.8,11.7,0.9,24.2,0.1,5.0,10.6,8.6,8.8,27.1,0.056,2008
215,Ryan Bowen,NOH,32,53,36,17,12.4,99.8,0.8,7.4,11.3,0.6,32.7,0.2,22.0,3.0,2.8,2.6,8.4,0.056,2008
216,Larry Hughes,CHI,29,68,34,34,29.7,108.6,2.8,9.9,15.0,1.5,28.4,0.3,8.5,10.0,8.2,8.2,25.1,0.055,2008
217,Al Thornton,LAC,24,79,23,56,27.3,108.1,3.3,12.5,19.8,0.6,15.3,0.5,19.9,9.0,7.7,6.0,25.2,0.055,2008
218,Quinton Ross,LAC,27,76,22,54,19.8,105.8,1.6,8.1,12.5,0.6,20.7,0.4,20.5,6.2,5.3,3.7,17.7,0.055,2008
219,Devean George,DAL,30,53,30,23,15.5,103.2,2.1,13.4,19.8,0.4,22.6,0.2,18.1,4.2,4.3,4.6,12.9,0.055,2008
220,Carlos Arroyo,ORL,28,62,40,22,20.5,105.8,1.7,8.1,12.4,0.4,16.5,0.0,1.9,6.4,6.2,4.7,16.5,0.055,2008
221,David Harrison,IND,25,55,26,29,12.8,101.3,1.4,9.8,15.3,0.4,16.1,1.1,62.1,4.8,3.7,3.0,8.0,0.055,2008
222,Kris Humphries,TOR,23,70,38,32,13.2,101.7,2.4,19.1,29.2,0.4,17.2,0.4,44.4,4.0,3.2,2.7,10.2,0.054,2008
223,Jason Hart,UTA,30,57,36,21,10.6,98.5,0.9,8.7,13.4,0.5,25.2,0.1,6.1,3.7,2.8,3.2,7.3,0.054,2008
224,Luke Ridnour,SEA,27,61,14,47,20.0,105.9,1.3,6.3,10.0,0.6,20.3,0.2,11.4,7.8,6.0,5.0,18.0,0.054,2008
225,Jeff McInnis,CHA,33,54,19,35,26.1,108.0,1.5,6.2,10.0,0.4,10.0,0.1,2.1,9.8,8.3,7.4,25.3,0.054,2008
226,Casey Jacobsen,MEM,27,53,15,38,10.3,98.7,1.0,9.8,14.9,0.1,6.2,0.0,2.1,3.2,2.5,2.8,9.0,0.053,2008
227,Francisco Garcia,SAC,26,79,38,41,26.5,108.2,2.7,10.4,16.9,1.2,28.3,0.6,24.0,10.1,7.6,7.0,22.1,0.053,2008
228,David Lee,NYK,25,81,22,59,29.1,108.8,6.0,21.6,33.0,0.7,17.5,0.4,21.0,10.1,7.4,7.9,23.8,0.053,2008
229,Jared Dudley,CHA,22,73,29,44,19.0,105.7,2.3,12.1,18.8,0.8,29.1,0.1,8.3,6.2,5.4,5.7,16.4,0.053,2008
230,Damon Stoudamire,SAS,34,60,31,29,17.3,105.3,1.6,9.7,14.5,0.5,22.2,0.0,2.2,6.1,4.8,4.6,14.8,0.052,2008
231,Javaris Crittenton,MEM,20,50,25,25,13.6,102.6,1.7,11.6,18.1,0.4,18.4,0.0,3.4,5.0,4.3,4.1,12.0,0.052,2008
232,Bostjan Nachbar,NJN,27,75,33,42,22.1,107.3,2.7,12.6,20.0,0.6,20.0,0.3,12.3,7.8,6.7,5.7,16.6,0.052,2008
233,Jeff Green,SEA,21,80,19,61,28.2,108.9,3.5,12.0,18.3,0.6,16.5,0.6,24.0,10.3,7.8,8.4,26.7,0.05,2008
234,Yi Jianlian,MIL,20,66,24,42,24.9,108.1,3.6,15.8,24.3,0.5,16.0,0.8,33.3,9.0,6.2,6.7,20.7,0.05,2008
235,Zach Randolph,NYK,26,69,23,46,32.5,109.7,7.6,24.8,37.5,0.9,21.5,0.2,15.8,12.0,8.7,9.3,29.0,0.049,2008
236,Stromile Swift,NJN,28,56,20,36,15.1,104.4,2.4,15.7,25.0,0.3,14.6,1.0,52.4,5.3,3.9,4.3,12.5,0.049,2008
237,Kevin Durant,SEA,19,80,19,61,34.6,110.1,3.5,9.8,15.1,1.0,20.7,0.9,27.1,13.3,10.6,10.7,32.7,0.049,2008
238,Marko Jaric,MIN,29,75,20,55,29.2,109.3,2.5,9.1,13.6,1.3,28.3,0.4,18.1,11.2,7.7,9.1,24.0,0.049,2008
239,Nazr Mohammed,CHA,30,82,39,43,20.1,106.9,3.7,18.2,28.4,0.5,19.7,0.7,37.7,6.3,6.5,6.0,17.1,0.048,2008
240,Travis Diener,IND,26,66,28,38,20.5,107.1,1.3,6.6,10.4,0.5,17.2,0.1,3.1,6.8,6.4,4.3,16.6,0.048,2008
241,Sebastian Telfair,MIN,23,60,13,47,32.2,109.9,2.0,6.6,10.2,1.0,20.4,0.2,7.6,12.1,9.3,10.5,26.8,0.047,2008
242,Brian Cook,ORL,27,51,33,18,12.3,102.3,1.6,13.2,20.6,0.3,12.9,0.2,21.4,5.0,2.9,3.6,8.8,0.047,2008
243,Corey Brewer,MIN,22,79,21,58,22.8,108.0,2.7,12.3,19.1,1.0,25.1,0.3,18.0,8.0,6.3,6.8,17.8,0.047,2008
244,Tyronn Lue,DAL,31,50,21,29,14.7,104.2,0.9,6.6,10.7,0.2,11.3,0.0,1.1,5.0,4.1,3.2,12.1,0.047,2008
245,Ryan Gomes,MIN,25,82,22,60,29.7,109.6,4.2,15.2,23.0,0.8,17.5,0.1,5.2,10.6,7.9,9.0,25.7,0.047,2008
246,Kelenna Azubuike,GSW,24,81,48,33,21.4,107.6,2.7,12.2,19.9,0.6,14.2,0.4,21.3,6.8,7.2,6.2,20.2,0.047,2008
247,Mickael Pietrus,GSW,26,66,40,26,19.9,107.2,2.7,13.6,22.3,1.0,26.1,0.7,34.7,6.3,6.5,5.4,18.2,0.047,2008
248,Josh Boone,NJN,23,70,29,41,25.3,108.8,4.5,18.2,27.4,0.5,15.8,0.9,33.9,8.6,7.6,7.7,22.8,0.046,2008
249,Bobby Jones,DEN,24,47,25,22,11.3,100.7,1.3,11.9,19.1,0.3,17.2,0.1,7.9,4.2,3.0,3.1,9.5,0.046,2008
250,Nate Robinson,NYK,24,72,20,52,26.2,109.0,2.4,9.8,15.0,0.8,24.4,0.0,1.0,9.0,7.4,6.1,20.6,0.046,2008
251,Chris Quinn,MIA,24,60,11,49,22.3,107.9,1.8,8.6,14.1,0.8,23.1,0.1,3.5,7.3,7.4,5.6,16.5,0.046,2008
252,Aaron Brooks,HOU,23,51,36,15,11.9,102.3,0.8,7.5,11.3,0.3,15.3,0.1,9.6,4.1,3.1,2.6,9.5,0.045,2008
253,Shelden Williams,SAC,24,64,29,35,12.1,102.6,2.1,17.4,29.0,0.3,17.3,0.3,23.6,4.8,3.6,3.4,10.4,0.045,2008
254,Mike Miller,MEM,28,70,21,49,35.3,110.5,5.9,16.9,25.5,0.5,11.7,0.2,6.3,14.3,9.8,11.6,34.3,0.045,2008
255,CJ Miles,UTA,21,60,38,22,11.5,102.2,1.0,9.8,14.8,0.5,22.5,0.1,16.3,3.4,3.0,3.0,8.6,0.045,2008
256,Jason Williams,MIA,32,67,12,55,28.2,109.6,1.8,6.9,10.6,1.2,27.7,0.1,3.1,10.4,7.1,8.4,24.3,0.045,2008
257,Damien Wilkins,SEA,28,76,18,58,24.3,108.8,2.3,9.4,14.4,0.8,23.9,0.3,9.8,10.0,6.8,7.0,22.3,0.045,2008
258,Zaza Pachulia,ATL,24,62,28,34,15.2,105.3,2.6,17.8,27.6,0.4,16.7,0.2,14.8,5.3,4.0,4.5,13.3,0.045,2008
259,Jared Jeffries,NYK,26,73,20,53,18.1,106.8,1.7,10.0,14.8,0.5,19.7,0.3,29.9,5.9,4.4,4.9,14.0,0.044,2008
260,Desmond Mason,MIL,30,59,18,41,28.8,109.7,3.1,11.3,17.4,0.7,18.6,0.5,17.3,9.6,7.8,7.9,25.1,0.044,2008
261,Hilton Armstrong,NOH,23,65,43,22,11.3,102.2,1.5,15.1,23.3,0.2,12.1,0.5,47.9,3.6,2.4,2.8,8.8,0.044,2008
262,Kevin Martin,SAC,25,61,30,31,36.3,110.8,3.7,10.6,16.4,1.0,16.9,0.1,3.1,13.0,10.5,10.6,32.7,0.044,2008
263,Yakhouba Diawara,DEN,25,54,34,20,10.0,100.6,0.7,6.4,10.1,0.1,8.4,0.1,4.5,3.2,3.0,2.8,9.2,0.044,2008
264,Daequan Cook,MIA,21,59,9,50,24.4,108.9,2.7,11.6,19.0,0.4,11.6,0.2,7.5,8.8,7.6,6.8,19.2,0.043,2008
265,Renaldo Balkman,NYK,23,65,21,44,14.6,105.2,2.0,14.4,23.1,0.7,29.9,0.5,44.1,5.0,4.4,2.9,10.8,0.043,2008
266,Sean Williams,NJN,21,73,28,45,17.5,106.8,2.8,17.1,26.4,0.4,15.5,1.5,63.9,6.1,4.9,4.2,13.8,0.043,2008
267,Adonal Foyle,ORL,33,82,52,30,9.4,99.6,1.7,17.4,27.5,0.2,15.4,0.5,68.2,3.0,2.5,2.2,7.3,0.043,2008
268,Flip Murray,IND,28,42,26,16,20.8,107.9,1.4,6.4,10.4,0.9,28.6,0.1,4.1,6.9,6.8,5.6,17.7,0.043,2008
269,Quentin Richardson,NYK,28,65,20,45,28.3,109.9,4.0,14.6,22.4,0.7,19.5,0.2,19.7,10.2,8.2,7.5,25.0,0.042,2008
270,Mo Williams,MIL,25,66,24,42,36.5,111.0,2.9,8.6,13.3,1.2,24.5,0.2,4.7,13.0,9.8,9.7,30.7,0.042,2008
271,Dan Dickau,LAC,29,67,15,52,15.5,105.9,1.3,8.8,13.3,0.5,21.8,0.0,2.9,4.6,3.6,3.1,12.4,0.041,2008
272,Andray Blatche,WAS,21,82,43,39,20.4,108.2,3.2,16.7,27.0,0.6,19.9,1.4,58.8,6.4,6.1,5.1,16.5,0.041,2008
273,Michael Ruffin,MIL,31,46,12,34,13.7,105.1,2.1,17.1,27.0,0.7,28.2,0.4,45.2,4.6,3.6,4.3,10.5,0.04,2008
274,Craig Smith,MIN,24,77,18,59,20.1,108.2,3.0,16.0,24.1,0.5,14.8,0.2,15.3,8.2,5.4,6.1,15.0,0.04,2008
275,Charlie Bell,MIL,29,68,24,44,23.9,109.3,2.0,8.9,14.6,0.8,21.8,0.0,1.3,8.5,6.9,6.8,20.4,0.04,2008
276,Fred Jones,NYK,29,70,18,52,25.1,109.6,2.0,8.5,13.3,0.7,19.5,0.3,18.4,8.6,6.9,5.9,21.7,0.04,2008
277,Mike Bibby,ATL,30,48,24,24,32.8,110.9,3.0,9.3,14.0,1.1,22.9,0.1,2.9,11.9,9.9,9.0,29.8,0.04,2008
278,Darko Milicic,MEM,23,70,19,51,23.8,109.3,4.2,17.9,26.5,0.5,16.7,1.6,59.7,9.7,6.6,8.7,23.0,0.04,2008
279,Bobby Simmons,MIL,28,70,24,46,21.7,108.8,2.3,11.7,17.5,0.7,23.3,0.1,4.1,7.4,5.0,6.3,18.3,0.039,2008
280,Darrell Armstrong,NJN,40,50,22,28,11.0,103.4,1.0,9.2,14.6,0.6,34.1,0.0,3.5,4.4,2.9,2.8,9.0,0.039,2008
281,Walter Herrmann,DET,29,45,27,18,8.3,100.3,1.1,13.3,21.5,0.2,13.2,0.0,2.5,2.9,2.5,3.0,6.6,0.039,2008
282,Acie Law,ATL,23,56,25,31,15.5,106.6,0.8,5.4,9.0,0.5,19.9,0.0,0.0,5.8,4.4,4.8,13.9,0.039,2008
283,Aaron Gray,CHI,23,61,23,38,10.0,102.4,1.6,16.3,25.2,0.3,22.3,0.3,25.8,3.6,2.1,2.5,6.9,0.039,2008
284,Brian Skinner,PHX,32,66,47,19,12.8,105.2,2.7,18.7,30.9,0.3,20.6,1.2,52.7,3.9,4.1,3.0,12.2,0.038,2008
285,Julian Wright,NOH,21,57,39,18,11.2,103.8,1.5,13.5,21.3,0.5,27.9,0.2,17.4,3.1,2.8,2.1,8.1,0.038,2008
286,Andrew Bogut,MIL,23,78,26,52,34.9,111.2,6.6,20.5,31.6,0.8,18.7,1.7,51.9,13.1,9.5,9.8,30.6,0.037,2008
287,Quincy Douby,SAC,24,74,32,42,11.8,105.0,0.9,7.7,12.4,0.4,20.4,0.2,13.0,4.5,3.0,3.4,9.3,0.036,2008
288,Austin Croshere,GSW,33,44,26,18,10.4,103.3,1.6,15.1,25.0,0.2,9.9,0.1,14.6,3.3,4.0,2.7,9.1,0.036,2008
289,Chris Richard,MIN,23,52,14,38,10.7,104.3,1.6,15.2,23.9,0.2,12.0,0.2,31.6,3.8,2.7,3.8,8.0,0.035,2008
290,Sasha Vujacic,LAL,24,72,49,23,17.8,108.2,1.9,10.4,16.5,0.5,19.8,0.1,3.2,5.9,5.4,4.8,16.0,0.035,2008
291,Trenton Hassell,NJN,29,63,33,30,12.3,105.6,1.0,8.5,12.9,0.2,15.5,0.0,3.9,3.5,3.8,3.6,9.8,0.034,2008
292,Dan Gadzuric,MIL,30,51,16,35,10.5,104.5,1.5,15.7,23.9,0.4,25.0,0.5,54.5,3.1,2.1,3.8,9.1,0.034,2008
293,Matt Barnes,GSW,28,73,42,31,19.4,109.2,3.2,15.8,27.0,0.7,17.7,0.5,24.2,6.6,6.4,5.8,18.4,0.033,2008
294,Rudy Gay,MEM,21,81,21,60,37.0,111.9,4.4,12.5,18.9,1.4,29.4,1.0,27.0,13.6,10.0,12.9,36.1,0.032,2008
295,Juan Carlos Navarro,MEM,28,82,22,60,25.8,110.7,2.1,8.6,13.4,0.6,17.0,0.0,0.5,9.9,6.8,9.1,26.4,0.032,2008
296,Michael Redd,MIL,28,72,21,51,37.5,112.0,3.1,8.9,13.8,0.9,18.1,0.2,5.0,13.2,10.3,11.2,32.4,0.032,2008
297,Sergio Rodriguez,POR,22,72,36,36,8.7,103.2,0.6,7.2,12.3,0.3,27.6,0.0,0.0,2.5,2.8,1.8,7.2,0.032,2008
298,Nick Young,WAS,23,75,36,39,15.4,108.2,1.2,8.2,13.4,0.5,19.6,0.1,6.0,5.0,5.2,3.9,12.0,0.032,2008
299,Spencer Hawes,SAC,20,71,33,38,13.1,107.1,2.3,17.7,28.4,0.2,9.3,0.6,40.8,5.4,3.7,4.0,11.9,0.031,2008
300,Mardy Collins,NYK,23,46,12,34,13.8,107.6,1.2,8.9,14.3,0.5,23.3,0.2,19.0,5.1,4.0,3.7,12.1,0.031,2008
301,Malik Rose,NYK,33,49,11,38,10.1,104.8,1.5,15.4,24.3,0.3,22.2,0.1,28.0,3.2,2.6,2.3,7.2,0.031,2008
302,Royal Ivey,MIL,26,75,22,53,19.2,109.7,1.1,6.3,9.9,0.6,20.3,0.1,6.0,7.4,5.3,6.0,17.1,0.03,2008
303,Ira Newble,LAL,33,49,27,22,14.2,108.1,1.6,12.0,17.8,0.6,25.5,0.2,12.5,4.8,3.9,3.6,12.3,0.029,2008
304,Ryan Hollins,CHA,23,60,23,37,8.9,104.7,0.9,10.3,17.2,0.2,13.2,0.5,48.4,3.5,3.0,2.7,7.0,0.028,2008
305,Jake Voskuhl,MIL,30,44,9,35,8.8,105.1,1.5,17.9,28.9,0.2,14.5,0.5,60.0,3.2,2.5,2.3,6.3,0.027,2008
306,Dwayne Jones,CLE,25,56,31,25,8.4,104.7,1.3,15.2,25.9,0.2,14.5,0.4,46.3,3.1,2.8,2.4,6.4,0.027,2008
307,Al Jefferson,MIN,23,82,22,60,35.6,112.2,7.4,22.7,34.7,0.9,17.0,1.5,50.9,13.1,9.9,11.1,30.3,0.027,2008
308,Primoz Brezec,TOR,28,50,28,22,9.5,105.6,1.0,11.6,18.4,0.1,3.7,0.1,14.6,3.0,2.7,2.1,7.2,0.027,2008
309,DJ Mbenga,LAL,27,42,32,10,7.8,103.9,1.0,13.2,21.4,0.2,10.3,0.6,66.7,2.0,2.5,1.5,6.5,0.026,2008
310,Josh Powell,LAC,25,64,16,48,19.2,110.4,3.4,19.3,29.3,0.2,8.1,0.4,24.5,6.0,5.0,4.5,16.9,0.025,2008
311,Dominic McGuire,WAS,22,70,35,35,9.9,107.5,1.2,12.8,21.5,0.3,19.0,0.4,32.9,3.5,3.3,2.6,8.6,0.022,2008
312,Juwan Howard,DAL,35,50,28,22,7.0,105.1,1.2,17.1,24.8,0.1,17.9,0.0,8.3,2.2,1.6,2.0,5.7,0.022,2008
313,Hakim Warrick,MEM,25,75,20,55,23.4,112.0,3.1,13.8,21.1,0.5,16.1,0.4,18.4,8.9,6.1,8.3,22.7,0.02,2008
314,Mario West,ATL,24,64,31,33,4.2,103.0,0.3,7.8,13.8,0.2,24.5,0.1,15.4,2.0,1.3,1.1,3.7,0.017,2008
315,Marcus Williams,NJN,22,53,21,32,16.1,111.7,1.6,10.9,17.2,0.5,24.8,0.1,3.5,6.0,4.7,4.7,13.6,0.015,2008
316,Charlie Villanueva,MIL,23,76,24,52,24.1,112.9,4.2,18.7,29.4,0.4,13.2,0.5,21.3,8.6,7.0,8.2,22.3,0.014,2008
317,Alexander Johnson,MIA,25,43,4,39,12.8,111.5,1.4,13.1,21.1,0.3,18.1,0.2,30.3,4.9,4.1,3.3,9.7,0.012,2008
318,Eddy Curry,NYK,25,59,17,42,25.9,113.5,2.8,11.3,17.7,0.2,8.6,0.5,36.7,10.5,8.4,6.6,24.2,0.009,2008
319,Mike Conley,MEM,20,53,14,39,26.1,115.1,2.2,8.9,13.5,0.8,25.7,0.0,1.6,9.7,7.0,9.8,26.0,-0.003,2008
