,Player,TEAM,AGE,GP,W,L,MIN,DEF RTG,DREB,DREB%,%DREB,STL,STL%,BLK,%BLK,OPP PTSOFF TOV,OPP PTS2ND CHANCE,OPP PTSFB,OPP PTSPAINT,DEFWS,Year
0,Gerald Wallace,CHA,27,76,41,35,41.0,101.4,8.1,20.6,31.3,1.5,23.0,1.1,24.3,14.4,10.3,10.9,33.3,0.171,2010
1,John Salmons,MIL,30,81,48,33,34.9,99.8,2.9,8.2,12.5,1.2,23.6,0.3,7.6,10.6,8.8,8.4,27.0,0.163,2010
2,Andrew Bogut,MIL,25,69,40,29,32.3,99.0,7.1,23.5,33.6,0.6,12.2,2.5,66.3,9.6,7.0,8.3,23.4,0.159,2010
3,Kobe Bryant,LAL,31,73,51,22,38.8,101.8,4.3,10.8,16.4,1.5,24.0,0.3,7.0,12.2,9.8,10.1,32.1,0.158,2010
4,Kevin Durant,OKC,21,82,50,32,39.5,102.7,6.3,15.8,24.1,1.4,20.4,1.0,21.8,12.9,12.2,10.1,37.1,0.151,2010
5,Dwight Howard,ORL,24,82,59,23,34.7,100.9,9.7,28.0,40.5,0.9,19.3,2.8,68.7,11.4,8.2,7.4,25.1,0.15,2010
6,Vince Carter,ORL,33,75,54,21,30.8,99.3,3.5,11.0,15.7,0.7,16.7,0.2,6.5,9.9,7.3,7.2,22.1,0.149,2010
7,Metta World Peace,LAL,30,77,53,24,33.8,100.7,3.0,8.7,13.0,1.4,25.8,0.3,8.0,10.7,8.6,8.7,28.0,0.149,2010
8,Boris Diaw,CHA,28,82,44,38,35.4,101.7,3.6,10.5,16.0,0.7,13.1,0.7,17.5,12.1,9.2,9.4,29.7,0.146,2010
9,Ray Allen,BOS,34,80,50,30,35.2,101.6,2.6,7.7,11.8,0.8,12.9,0.3,8.6,11.5,9.4,8.8,28.6,0.146,2010
10,Stephen Jackson,CHA,32,81,44,37,38.6,103.0,4.0,10.7,16.4,1.6,25.4,0.5,12.0,14.0,10.3,11.0,33.4,0.146,2010
11,LeBron James,CLE,25,76,60,16,39.0,103.0,6.4,16.5,24.0,1.6,28.9,1.0,23.9,12.4,9.4,10.2,29.6,0.145,2010
12,Luol Deng,CHI,25,70,37,33,37.9,102.6,5.4,13.9,20.7,0.9,19.2,0.9,18.4,11.5,9.8,10.4,31.7,0.144,2010
13,Lamar Odom,LAL,30,82,57,25,31.5,100.3,7.5,23.2,34.9,0.9,19.2,0.7,23.8,9.6,8.2,7.4,25.6,0.144,2010
14,Rajon Rondo,BOS,24,81,49,32,36.6,102.4,3.2,9.1,14.0,2.3,35.9,0.1,3.6,12.1,9.7,9.0,29.7,0.143,2010
15,Raymond Felton,CHA,26,80,42,38,33.0,101.5,2.9,9.5,14.2,1.5,29.0,0.3,7.6,11.3,8.2,8.9,28.1,0.139,2010
16,Paul Pierce,BOS,32,71,45,26,34.0,102.0,3.8,11.6,17.7,1.2,20.1,0.4,12.2,11.6,8.9,8.8,27.0,0.137,2010
17,Brandon Jennings,MIL,20,82,46,36,32.6,101.5,2.8,9.5,13.8,1.3,24.9,0.2,6.3,9.6,7.3,8.7,25.3,0.136,2010
18,Kevin Garnett,BOS,34,69,44,25,29.9,100.5,6.2,20.9,31.5,1.0,18.8,0.8,25.8,10.0,7.9,7.2,24.3,0.136,2010
19,Dirk Nowitzki,DAL,32,81,54,27,37.5,103.3,6.7,17.8,26.8,0.9,14.5,1.0,22.1,10.9,10.1,10.1,31.8,0.136,2010
20,Rashard Lewis,ORL,30,72,52,20,32.9,101.8,3.6,10.5,15.3,1.1,25.3,0.4,10.3,11.0,8.3,7.4,25.3,0.134,2010
21,Pau Gasol,LAL,29,65,46,19,37.0,103.3,7.6,20.3,30.4,0.6,10.1,1.7,43.8,11.8,9.4,10.3,31.0,0.133,2010
22,Tim Duncan,SAS,34,78,47,31,31.3,101.1,7.3,23.7,34.3,0.6,14.9,1.5,50.2,9.6,7.9,8.9,26.0,0.133,2010
23,Anderson Varejao,CLE,27,76,57,19,28.5,99.9,5.1,18.2,26.8,0.9,21.7,0.9,29.1,8.6,6.6,7.5,19.9,0.132,2010
24,Derrick Rose,CHI,21,78,41,37,36.8,103.6,2.9,7.6,11.5,0.7,15.6,0.3,7.6,11.1,9.9,10.1,31.5,0.13,2010
25,Andrei Kirilenko,UTA,29,58,37,21,29.0,100.5,3.2,11.2,16.6,1.4,28.6,1.2,33.5,10.1,7.5,8.4,24.5,0.13,2010
26,Dwyane Wade,MIA,28,77,45,32,36.3,103.8,3.5,9.8,14.7,1.8,31.8,1.1,25.8,10.2,9.6,8.5,28.2,0.128,2010
27,Jason Kidd,DAL,37,80,53,27,36.0,103.6,5.0,13.8,20.6,1.8,31.3,0.4,10.2,10.8,9.5,10.3,29.9,0.127,2010
28,Andrew Bynum,LAL,22,65,47,18,30.4,101.6,5.6,18.4,27.1,0.5,10.8,1.4,51.1,9.4,7.6,8.2,25.5,0.126,2010
29,Carlos Delfino,MIL,27,75,42,33,30.4,101.7,4.6,16.5,23.6,1.1,22.9,0.3,9.7,9.4,6.7,7.8,23.6,0.124,2010
30,Jameer Nelson,ORL,28,65,46,19,28.6,100.9,2.6,9.2,13.2,0.7,19.0,0.0,1.0,9.2,6.8,6.3,20.8,0.123,2010
31,Kirk Hinrich,CHI,29,74,40,34,33.5,103.3,3.2,9.4,14.0,1.1,26.0,0.3,7.9,11.0,8.3,9.8,27.1,0.123,2010
32,Richard Jefferson,SAS,30,81,49,32,31.1,102.2,3.7,12.0,17.9,0.6,14.1,0.5,16.7,9.5,8.0,9.0,26.0,0.122,2010
33,Deron Williams,UTA,26,76,50,26,36.9,104.3,3.3,9.3,13.8,1.3,19.8,0.2,5.7,12.8,9.5,11.4,31.3,0.122,2010
34,Tony Parker,SAS,28,56,34,22,30.9,102.4,2.3,7.5,11.0,0.5,12.6,0.1,5.1,10.0,8.0,9.3,27.6,0.121,2010
35,Tyrus Thomas,CHA,23,54,33,21,22.6,98.9,4.7,20.0,29.9,1.2,31.7,1.6,46.4,7.6,5.3,5.5,15.8,0.117,2010
36,Shawn Marion,DAL,32,75,50,25,31.8,103.1,4.3,13.6,20.2,0.9,18.8,0.8,21.7,9.4,8.1,8.5,27.0,0.117,2010
37,Luc Mbah a Moute,MIL,23,73,42,31,25.6,100.2,3.1,13.4,19.1,0.8,21.0,0.5,20.2,7.0,5.4,6.6,18.6,0.116,2010
38,Kendrick Perkins,BOS,25,78,48,30,27.6,101.4,5.6,20.9,31.6,0.3,7.1,1.7,56.7,9.7,7.5,7.2,22.6,0.116,2010
39,LaMarcus Aldridge,POR,24,78,49,29,37.5,104.9,5.6,16.4,24.8,0.9,16.8,0.6,18.9,10.8,9.6,8.5,31.1,0.116,2010
40,Ersan Ilyasova,MIL,23,81,46,35,23.4,99.5,4.4,19.8,29.2,0.7,19.6,0.3,12.9,7.1,5.1,6.2,18.7,0.114,2010
41,Josh Smith,ATL,24,81,52,29,35.4,104.5,6.0,17.4,26.8,1.6,30.2,2.1,56.2,9.5,10.1,11.5,30.5,0.114,2010
42,Paul Millsap,UTA,25,82,53,29,27.8,101.8,4.5,16.7,25.0,0.8,15.5,1.2,42.3,10.1,7.0,8.4,20.9,0.114,2010
43,Mo Williams,CLE,27,69,50,19,34.2,104.2,2.6,7.8,11.1,1.0,20.8,0.3,8.0,11.6,8.1,10.0,26.2,0.114,2010
44,Al Horford,ATL,24,81,52,29,35.1,104.5,7.0,20.7,31.4,0.7,14.3,1.1,29.9,8.9,9.9,10.8,30.6,0.113,2010
45,Manu Ginobili,SAS,32,75,46,29,28.7,102.6,2.9,10.4,15.6,1.4,36.5,0.3,11.9,9.2,7.0,9.1,25.2,0.112,2010
46,Marvin Williams,ATL,24,81,52,29,30.5,103.1,3.8,13.1,19.9,0.8,17.6,0.6,17.8,8.0,8.5,9.4,26.7,0.112,2010
47,Nick Collison,OKC,29,75,46,29,20.8,97.6,3.1,15.0,22.4,0.5,15.7,0.6,23.3,7.0,5.7,5.3,16.5,0.112,2010
48,Udonis Haslem,MIA,30,78,45,33,27.9,102.0,5.9,22.0,33.7,0.4,9.4,0.3,9.3,7.9,7.5,6.3,20.2,0.112,2010
49,Matt Barnes,ORL,30,81,59,22,25.9,101.2,4.2,16.2,23.5,0.7,20.2,0.4,12.0,8.9,5.9,5.8,18.5,0.111,2010
50,Russell Westbrook,OKC,21,82,50,32,34.3,104.6,3.1,9.1,13.8,1.3,23.3,0.4,10.3,11.0,10.4,9.3,33.1,0.111,2010
51,Charlie Bell,MIL,31,71,37,34,22.7,99.6,1.4,6.6,9.7,0.5,16.4,0.2,7.8,7.0,4.9,5.7,17.3,0.11,2010
52,Jeff Green,OKC,23,82,50,32,37.1,105.4,4.6,12.7,19.1,1.3,21.8,0.9,20.9,12.5,11.0,9.6,35.3,0.11,2010
53,Danny Granger,IND,27,62,25,37,36.7,105.4,4.4,11.9,18.4,1.5,26.2,0.8,19.3,13.1,10.5,10.4,30.1,0.11,2010
54,Jermaine O'Neal,MIA,31,70,37,33,28.4,102.6,5.2,19.0,28.1,0.4,8.2,1.4,48.0,7.6,7.5,7.0,22.4,0.11,2010
55,Tyson Chandler,CHA,27,51,28,23,22.8,99.5,4.0,18.8,28.2,0.3,10.0,1.1,44.7,8.7,5.9,6.3,17.9,0.11,2010
56,Marcus Camby,POR,36,74,37,37,31.3,104.2,8.4,27.8,42.5,1.3,25.3,2.0,47.4,10.2,8.7,7.6,26.4,0.11,2010
57,Jason Terry,DAL,32,77,51,26,33.0,104.2,1.6,4.8,7.5,1.2,23.1,0.2,5.9,9.8,8.8,8.9,28.6,0.11,2010
58,Anthony Parker,CLE,35,81,61,20,28.3,102.6,2.5,8.8,12.8,0.8,18.8,0.2,7.2,9.0,6.6,7.8,22.2,0.109,2010
59,George Hill,SAS,24,78,48,30,29.2,102.9,2.1,7.5,11.1,0.9,21.5,0.3,11.4,9.5,7.4,9.2,24.9,0.109,2010
60,Caron Butler,DAL,30,74,35,39,37.6,105.7,4.8,13.2,19.8,1.6,28.2,0.3,8.5,12.6,10.0,11.4,30.9,0.108,2010
61,Delonte West,CLE,26,60,42,18,25.0,101.0,2.3,9.3,13.5,0.9,26.1,0.5,17.0,7.5,5.7,6.4,18.8,0.107,2010
62,James Harden,OKC,20,76,47,29,22.9,99.9,2.6,11.1,17.6,1.1,27.6,0.3,8.4,8.1,6.7,5.2,18.6,0.107,2010
63,Joakim Noah,CHI,25,64,35,29,30.1,103.7,7.6,24.1,36.1,0.5,13.3,1.6,40.8,10.1,8.2,8.8,25.4,0.105,2010
64,Carmelo Anthony,DEN,26,69,45,24,38.2,106.2,4.4,11.5,18.1,1.3,20.1,0.4,10.5,11.9,10.5,11.4,33.3,0.105,2010
65,Quentin Richardson,MIA,30,76,44,32,27.4,102.9,4.1,15.4,22.7,0.9,21.2,0.2,8.1,7.3,6.7,6.4,21.6,0.104,2010
66,Derek Fisher,LAL,35,82,57,25,27.2,102.6,1.8,6.5,9.6,1.1,26.0,0.1,4.1,8.8,6.8,7.3,22.5,0.104,2010
67,Andre Miller,POR,34,82,50,32,30.5,104.0,2.3,8.1,12.2,1.1,27.8,0.1,4.5,8.5,8.0,6.9,25.4,0.104,2010
68,Kenyon Martin,DEN,32,58,39,19,34.2,105.4,7.0,20.5,31.8,1.2,20.4,1.1,28.6,12.5,9.6,9.7,30.9,0.104,2010
69,Carlos Boozer,UTA,28,78,50,28,34.3,105.3,8.9,27.1,39.9,1.1,19.2,0.5,14.0,12.2,8.6,10.8,30.7,0.103,2010
70,Brendan Haywood,DAL,30,77,37,40,30.6,104.2,5.7,18.6,27.9,0.3,8.2,2.1,63.7,10.2,8.5,8.5,24.4,0.101,2010
71,Brandon Rush,IND,24,82,32,50,30.4,104.3,3.7,11.9,18.2,0.7,15.1,0.8,25.1,10.2,8.8,8.4,25.0,0.1,2010
72,Thabo Sefolosha,OKC,26,82,50,32,28.6,103.8,3.8,13.4,19.9,1.2,24.0,0.6,17.5,9.3,8.3,7.7,28.1,0.1,2010
73,Trevor Ariza,HOU,24,72,37,35,36.5,106.2,4.5,13.2,20.1,1.8,30.4,0.6,19.3,12.5,9.7,10.3,33.6,0.1,2010
74,Mehmet Okur,UTA,31,73,45,28,29.4,104.2,5.2,18.6,27.1,0.5,10.9,1.1,38.0,10.4,7.5,9.7,25.5,0.098,2010
75,Taj Gibson,CHI,25,82,41,41,26.9,103.2,4.7,16.8,25.1,0.6,18.3,1.3,38.0,8.1,7.6,7.7,21.9,0.098,2010
76,Joe Johnson,ATL,29,76,50,26,38.0,106.6,3.7,10.2,15.7,1.1,19.8,0.1,1.7,10.1,11.1,12.1,33.5,0.098,2010
77,Brandon Roy,POR,25,65,42,23,37.2,106.5,3.3,9.4,14.7,0.9,19.5,0.2,6.7,10.4,10.7,8.2,31.6,0.098,2010
78,Ronnie Brewer,MEM,25,58,37,21,30.0,104.5,2.4,8.7,13.2,1.6,31.5,0.3,8.5,11.1,7.9,10.2,26.6,0.098,2010
79,Rafer Alston,MIA,33,52,13,39,27.3,103.9,2.2,8.5,13.1,1.0,21.5,0.2,6.1,9.2,7.3,9.1,23.6,0.097,2010
80,Mario Chalmers,MIA,24,73,43,30,24.8,102.4,1.5,6.3,9.7,1.2,32.4,0.2,5.7,7.5,7.0,6.0,18.2,0.096,2010
81,Aaron Brooks,HOU,25,82,42,40,35.6,106.4,2.0,5.7,8.8,0.8,16.2,0.2,6.2,11.9,10.1,10.2,33.1,0.096,2010
82,Carlos Arroyo,MIA,30,72,43,29,22.0,100.7,1.4,6.9,10.1,0.5,16.1,0.1,3.4,6.0,5.2,4.7,16.6,0.096,2010
83,Shane Battier,HOU,31,67,36,31,32.4,105.4,3.6,11.3,17.3,0.8,17.7,1.1,39.4,10.9,9.2,9.0,28.6,0.095,2010
84,Mike Bibby,ATL,32,80,52,28,27.4,103.7,2.1,7.8,11.6,0.8,21.2,0.0,1.3,7.2,7.8,8.7,23.8,0.095,2010
85,Erick Dampier,DAL,34,55,32,23,23.3,101.8,4.9,20.6,29.9,0.3,8.4,1.4,44.8,6.8,5.4,6.5,19.1,0.095,2010
86,Antonio McDyess,SAS,35,77,46,31,21.0,100.4,4.0,19.1,28.0,0.6,21.1,0.4,20.6,6.7,5.0,6.4,17.8,0.094,2010
87,Roy Hibbert,IND,23,81,31,50,25.1,102.9,3.5,13.6,20.5,0.4,10.5,1.6,52.0,8.9,7.4,7.4,19.4,0.093,2010
88,Chris Andersen,DEN,31,76,49,27,22.3,101.6,4.4,19.1,31.5,0.6,14.0,1.9,60.1,7.4,7.4,5.8,19.1,0.093,2010
89,Michael Beasley,MIA,21,78,44,34,29.8,104.9,4.8,17.0,25.4,1.0,21.7,0.6,18.1,8.9,7.5,7.6,24.0,0.093,2010
90,Antawn Jamison,CLE,34,66,32,34,36.5,106.9,6.3,18.0,26.8,1.1,20.9,0.3,9.1,11.2,9.7,10.6,30.5,0.093,2010
91,Nene,DEN,27,82,53,29,33.6,106.1,5.6,17.3,26.0,1.4,24.0,1.0,31.4,10.7,8.7,9.9,30.2,0.092,2010
92,Brad Miller,CHI,34,82,41,41,23.8,102.7,3.9,16.2,24.2,0.5,16.6,0.4,13.9,7.2,6.1,6.3,19.4,0.091,2010
93,Zydrunas Ilgauskas,CLE,35,64,47,17,20.9,100.8,3.6,17.3,25.5,0.2,7.8,0.8,35.0,6.5,5.2,5.2,14.7,0.091,2010
94,Shaquille O'Neal,CLE,38,53,40,13,23.4,102.6,4.9,21.4,30.1,0.3,8.9,1.2,44.0,8.3,5.3,7.1,17.5,0.09,2010
95,Kyle Lowry,HOU,24,68,37,31,24.3,103.2,2.3,9.9,15.6,0.9,25.1,0.1,7.6,8.0,6.3,6.9,22.4,0.09,2010
96,Chris Kaman,LAC,28,76,29,47,34.3,106.6,6.8,19.9,30.1,0.5,10.9,1.2,29.7,13.7,9.4,10.0,31.8,0.09,2010
97,Shannon Brown,LAL,24,82,57,25,20.7,101.1,1.9,8.8,13.4,0.7,23.5,0.4,17.7,6.2,5.9,5.4,17.5,0.09,2010
98,Chris Paul,NOH,25,45,23,22,38.1,107.3,3.8,10.5,16.3,2.1,37.1,0.2,6.3,11.6,10.5,10.0,34.5,0.089,2010
99,Dorell Wright,MIA,24,72,40,32,20.8,101.1,2.6,12.9,20.1,0.7,22.5,0.4,18.5,5.6,5.5,5.0,15.3,0.089,2010
100,JR Smith,DEN,24,75,48,27,27.8,104.9,2.7,10.0,16.1,1.3,24.8,0.3,7.8,9.6,8.9,7.5,23.5,0.087,2010
101,Rasheed Wallace,BOS,35,79,49,30,22.5,102.5,3.6,17.5,27.8,1.0,23.3,0.9,39.1,7.5,5.7,4.9,16.9,0.087,2010
102,Rodney Stuckey,DET,24,73,23,50,34.2,106.8,2.9,9.7,14.6,1.4,25.9,0.2,5.9,10.6,8.4,9.5,25.6,0.087,2010
103,Mickael Pietrus,ORL,28,75,53,22,22.5,102.5,2.3,10.0,15.0,0.7,26.8,0.4,15.7,7.2,5.6,5.5,18.2,0.087,2010
104,Kyle Korver,UTA,29,52,36,16,18.3,99.8,1.9,10.8,15.3,0.5,14.8,0.2,11.9,6.3,3.8,4.6,13.4,0.087,2010
105,Marc Gasol,MEM,25,69,35,34,35.8,107.1,6.3,18.8,28.2,1.0,17.0,1.6,46.6,13.0,9.6,12.2,35.4,0.086,2010
106,Earl Watson,IND,31,79,31,48,29.4,105.5,2.4,7.7,11.9,1.3,29.5,0.2,6.1,11.0,8.7,8.8,24.3,0.086,2010
107,Arron Afflalo,DEN,24,82,53,29,27.1,104.8,2.4,8.7,13.5,0.6,12.6,0.4,14.2,8.9,7.7,7.8,24.8,0.086,2010
108,Luke Ridnour,MIL,29,82,46,36,21.4,102.3,1.5,7.2,10.7,0.7,23.2,0.1,5.0,7.0,5.1,5.8,17.2,0.086,2010
109,D.J. Augustin,CHA,22,80,43,37,18.4,100.0,1.1,6.0,9.5,0.6,20.0,0.1,3.0,6.5,5.3,4.7,13.9,0.085,2010
110,Wilson Chandler,NYK,23,65,23,42,35.7,107.4,3.9,11.4,17.2,0.7,13.9,0.8,25.4,11.2,10.4,9.3,33.8,0.085,2010
111,CJ Miles,UTA,23,63,42,21,23.8,103.7,2.0,8.8,12.9,0.9,21.6,0.3,11.6,8.5,6.0,8.1,19.6,0.085,2010
112,Troy Murphy,IND,30,72,25,47,32.6,106.7,8.4,25.7,39.4,1.0,20.1,0.5,14.0,12.2,9.4,9.8,28.0,0.084,2010
113,Luis Scola,HOU,30,82,42,40,32.6,106.7,6.5,21.0,31.9,0.8,16.0,0.3,12.4,11.0,8.6,10.1,30.6,0.084,2010
114,Jerry Stackhouse,MIL,35,42,29,13,20.4,101.6,1.9,9.6,14.5,0.5,19.4,0.2,9.9,6.8,5.3,5.3,15.1,0.084,2010
115,Eric Maynor,OKC,23,81,53,28,15.7,97.9,1.3,8.4,12.6,0.5,19.9,0.1,6.5,5.8,4.1,4.3,12.8,0.083,2010
116,Jamario Moon,CLE,30,61,48,13,17.2,99.8,2.7,14.9,22.7,0.6,22.2,0.5,26.8,5.5,4.9,5.1,12.4,0.083,2010
117,Peja Stojakovic,NOH,33,62,32,30,31.4,106.5,3.0,10.0,15.1,0.8,15.6,0.1,3.4,10.0,8.5,9.7,30.1,0.083,2010
118,Chauncey Billups,DEN,33,73,50,23,34.1,107.1,2.8,8.2,12.8,1.1,19.6,0.1,3.6,11.5,9.5,10.0,30.4,0.083,2010
119,Dahntay Jones,IND,29,76,28,48,24.9,104.4,2.4,9.3,14.6,0.5,14.1,0.5,18.3,9.7,7.1,7.1,20.4,0.083,2010
120,Martell Webster,POR,23,82,50,32,24.5,104.2,2.7,12.4,18.4,0.5,17.0,0.5,26.5,6.9,5.8,5.6,20.7,0.083,2010
121,Andre Iguodala,PHI,26,82,27,55,38.9,108.2,5.5,15.1,22.9,1.7,25.1,0.7,15.2,13.2,10.4,11.0,34.1,0.082,2010
122,Daniel Gibson,CLE,24,56,42,14,19.1,101.1,1.1,5.4,8.3,0.4,17.2,0.1,5.8,6.1,5.3,4.7,13.9,0.082,2010
123,Jordan Farmar,LAL,23,82,57,25,18.0,100.5,1.4,7.7,11.9,0.6,22.8,0.1,7.1,5.4,5.2,4.5,15.8,0.082,2010
124,Rudy Fernandez,POR,25,62,39,23,23.2,103.8,2.1,9.8,15.3,1.0,30.1,0.2,8.2,7.4,6.2,6.3,19.2,0.082,2010
125,Serge Ibaka,OKC,20,73,45,28,18.1,100.4,3.5,18.9,29.9,0.3,11.8,1.3,51.1,6.3,5.5,4.5,14.8,0.081,2010
126,Ben Wallace,DET,35,69,25,44,28.6,105.7,5.1,20.3,30.7,1.2,26.8,1.2,51.2,8.8,6.8,7.3,21.6,0.081,2010
127,Jamal Crawford,ATL,30,79,51,28,31.1,106.7,2.1,7.0,11.2,0.8,17.7,0.2,4.5,9.2,9.2,10.5,28.1,0.081,2010
128,Flip Murray,CHI,30,75,37,38,22.3,103.2,2.1,9.3,14.7,0.6,19.2,0.2,10.2,7.4,6.4,5.9,17.9,0.081,2010
129,Rudy Gay,MEM,23,80,39,41,39.7,108.5,4.5,11.9,18.0,1.5,22.4,0.8,20.2,15.1,11.0,14.7,40.1,0.08,2010
130,Wesley Matthews,UTA,23,82,53,29,24.7,104.6,1.7,7.3,10.7,0.8,19.4,0.2,8.4,8.3,6.2,7.8,20.5,0.08,2010
131,Joel Anthony,MIA,27,80,46,34,16.5,99.5,1.6,9.3,14.3,0.3,11.3,1.4,54.2,5.2,4.6,3.8,12.2,0.08,2010
132,Jason Williams,ORL,34,82,59,23,20.8,102.8,1.5,6.7,10.1,0.6,24.5,0.0,1.5,7.1,5.3,4.9,16.6,0.079,2010
133,Daequan Cook,MIA,23,45,23,22,15.4,98.1,1.6,10.4,15.9,0.3,14.7,0.2,11.4,4.0,3.9,3.4,11.5,0.079,2010
134,Baron Davis,LAC,31,75,27,48,33.6,107.6,2.9,8.6,13.1,1.7,35.2,0.6,13.7,12.8,9.6,9.5,30.8,0.078,2010
135,Carl Landry,SAC,26,80,34,46,30.9,106.8,3.5,11.9,18.3,0.7,16.4,0.8,32.5,10.2,8.7,8.0,28.0,0.078,2010
136,JJ Redick,ORL,26,82,59,23,22.1,103.8,1.7,7.6,11.5,0.3,12.2,0.0,2.1,7.9,5.7,5.0,17.9,0.077,2010
137,AJ Price,IND,23,56,23,33,15.5,99.3,1.4,8.5,13.4,0.6,25.5,0.1,3.2,5.4,4.5,3.7,12.1,0.077,2010
138,Larry Hughes,CHA,31,45,20,25,24.8,105.6,2.6,11.4,16.7,1.2,27.7,0.3,12.6,7.5,6.9,6.1,23.2,0.076,2010
139,Jared Jeffries,HOU,28,70,28,42,25.6,105.3,2.3,9.0,14.1,0.9,23.2,1.0,46.7,8.7,7.9,6.6,22.1,0.076,2010
140,Eddie House,NYK,32,68,37,31,17.9,101.0,1.4,8.1,12.7,0.6,19.1,0.1,6.9,6.1,5.1,4.1,14.7,0.076,2010
141,Keith Bogans,SAS,30,79,50,29,19.7,102.9,1.9,9.8,14.7,0.6,21.5,0.2,8.5,6.5,5.4,6.5,17.4,0.076,2010
142,Tyreke Evans,SAC,20,72,23,49,37.2,108.4,4.4,12.2,18.7,1.5,29.1,0.4,10.7,12.1,10.9,11.5,34.1,0.076,2010
143,Nenad Krstic,OKC,26,76,48,28,22.9,104.4,3.3,14.3,21.5,0.4,10.8,0.6,25.1,7.3,7.1,6.6,22.9,0.075,2010
144,Thaddeus Young,PHI,22,67,23,44,32.0,107.5,3.3,10.8,16.6,1.2,21.1,0.2,5.9,10.5,8.4,8.7,29.3,0.075,2010
145,C.J. Watson,GSW,26,65,18,47,27.5,106.3,2.2,8.0,13.4,1.6,27.2,0.1,5.3,9.4,9.4,9.1,27.2,0.075,2010
146,Elton Brand,PHI,31,76,27,49,30.2,107.0,3.7,13.1,19.8,1.1,21.1,1.1,33.3,10.4,7.8,9.0,25.4,0.074,2010
147,Rasual Butler,LAC,31,82,29,53,33.0,107.9,2.5,7.5,11.4,0.4,9.9,0.8,20.7,12.9,9.7,9.7,30.5,0.073,2010
148,Mike Dunleavy,IND,29,67,26,41,22.2,104.5,3.1,13.5,21.4,0.6,18.9,0.2,9.3,7.4,6.3,6.1,17.8,0.073,2010
149,Roger Mason Jr.,SAS,29,79,48,31,19.2,102.8,1.9,10.0,15.3,0.4,15.2,0.2,9.7,6.9,5.3,5.4,15.7,0.073,2010
150,Jason Thompson,SAC,23,75,22,53,31.4,107.5,5.5,18.2,27.4,0.5,12.4,1.0,35.8,10.8,8.9,9.8,28.6,0.073,2010
151,Devin Brown,CHI,31,50,26,24,21.2,104.1,1.9,8.9,13.4,0.7,20.5,0.1,6.9,6.6,5.9,6.2,18.8,0.073,2010
152,Tony Allen,BOS,28,54,31,23,16.5,101.5,1.7,10.7,17.1,1.1,33.7,0.4,21.1,6.0,4.3,3.6,13.6,0.071,2010
153,Ronnie Price,UTA,27,60,40,20,13.4,98.0,0.8,5.9,8.6,0.7,29.4,0.2,14.3,5.3,3.1,4.4,9.7,0.071,2010
154,T.J. Ford,IND,27,47,13,34,25.3,106.0,2.3,9.1,14.2,0.9,25.1,0.2,8.0,8.8,7.3,7.1,20.9,0.071,2010
155,Ty Lawson,DEN,22,65,42,23,20.3,104.1,1.3,6.2,9.9,0.7,20.3,0.0,1.5,6.7,6.0,5.4,18.2,0.07,2010
156,Stephen Graham,CHA,28,70,36,34,11.5,95.7,1.6,14.0,21.3,0.3,19.4,0.1,10.9,4.1,2.6,2.9,9.1,0.07,2010
157,Omri Casspi,SAC,22,77,24,53,25.1,106.2,3.6,14.2,22.1,0.7,19.4,0.2,9.0,9.0,7.2,8.1,23.7,0.07,2010
158,Keyon Dooling,NJN,30,53,12,41,18.3,102.6,0.9,4.9,7.8,0.6,23.9,0.0,0.0,5.8,5.2,5.5,16.0,0.069,2010
159,DeJuan Blair,SAS,21,82,50,32,18.2,103.0,4.0,22.1,33.6,0.6,23.4,0.5,28.1,6.5,5.0,6.0,16.1,0.069,2010
160,O.J. Mayo,MEM,22,82,40,42,38.0,109.2,3.0,8.6,12.8,1.2,19.3,0.2,5.6,14.1,10.2,14.1,38.2,0.069,2010
161,Chuck Hayes,HOU,27,82,42,40,21.6,104.6,3.8,18.9,28.6,0.9,25.2,0.5,28.7,7.2,5.9,6.3,20.1,0.069,2010
162,Luther Head,IND,27,47,19,28,17.3,102.4,1.6,8.5,13.5,0.4,16.8,0.2,9.0,6.7,5.4,4.5,14.1,0.069,2010
163,Yi Jianlian,NJN,22,52,10,42,31.8,108.1,4.9,16.8,26.0,0.7,16.4,1.0,34.2,10.8,9.2,10.0,28.8,0.069,2010
164,Zach Randolph,MEM,28,81,39,42,37.7,109.2,7.7,22.0,32.6,1.0,16.1,0.4,11.6,14.3,9.8,14.3,37.1,0.068,2010
165,Marquis Daniels,BOS,29,51,32,19,18.4,103.2,1.3,7.6,12.2,0.5,15.9,0.1,6.7,6.0,5.3,4.3,14.5,0.067,2010
166,Matt Bonner,SAS,30,65,40,25,17.9,103.0,2.5,14.0,21.2,0.5,20.4,0.4,20.9,5.5,5.0,5.1,15.2,0.067,2010
167,Andray Blatche,WAS,23,81,26,55,27.9,107.4,4.3,16.7,25.8,1.0,27.3,0.9,28.7,9.9,7.2,7.9,24.7,0.066,2010
168,Chris Douglas-Roberts,NJN,23,67,12,55,25.8,106.8,2.3,9.6,15.1,0.8,20.0,0.3,9.6,9.6,7.0,8.8,23.9,0.066,2010
169,Beno Udrih,SAC,27,79,24,55,31.3,108.3,2.3,7.6,11.7,1.1,26.6,0.1,4.7,11.4,8.6,9.3,29.0,0.066,2010
170,Nazr Mohammed,CHA,32,58,29,29,17.0,102.8,3.3,21.4,30.8,0.3,9.0,0.7,45.7,6.1,4.2,5.2,16.0,0.065,2010
171,Hakim Warrick,CHI,27,76,36,40,20.5,104.9,2.5,12.6,19.1,0.3,11.8,0.2,14.3,7.1,5.8,5.9,17.3,0.065,2010
172,Samuel Dalembert,PHI,30,82,27,55,25.9,106.9,6.6,27.5,40.2,0.5,11.9,1.8,56.8,9.5,6.4,7.6,21.6,0.065,2010
173,Terrence Williams,NJN,23,78,10,68,22.6,105.9,3.9,18.0,28.0,0.6,16.5,0.1,6.0,7.7,6.1,7.2,20.2,0.065,2010
174,Mike Miller,WAS,30,54,17,37,33.4,108.9,5.2,16.5,25.1,0.7,19.7,0.2,6.1,12.3,8.9,9.5,31.1,0.063,2010
175,Danilo Gallinari,NYK,21,81,28,53,33.9,109.0,4.1,12.7,19.2,0.9,18.4,0.7,26.0,11.0,9.8,8.6,32.4,0.063,2010
176,Ryan Anderson,ORL,22,63,46,17,14.5,101.2,2.1,14.4,20.9,0.4,21.0,0.2,15.1,5.2,3.2,3.4,10.7,0.063,2010
177,Eric Gordon,LAC,21,62,23,39,36.0,109.5,2.2,6.2,9.5,1.1,22.6,0.2,5.1,14.2,9.7,10.0,34.4,0.062,2010
178,Ramon Sessions,MIN,24,82,15,67,21.1,105.6,1.9,9.0,13.5,0.7,22.2,0.1,3.4,8.5,5.6,6.8,17.1,0.062,2010
179,Mike Conley,MEM,22,80,40,40,32.1,108.8,2.0,6.8,10.1,1.4,25.2,0.2,5.1,12.1,8.6,12.2,32.4,0.062,2010
180,Jared Dudley,PHX,24,82,54,28,24.3,106.8,2.2,8.8,14.3,1.0,28.7,0.2,7.3,8.8,8.6,7.6,21.4,0.061,2010
181,Al Thornton,WAS,26,75,25,50,27.7,107.8,2.4,9.2,14.1,0.6,17.2,0.5,13.7,10.2,7.4,7.4,24.0,0.061,2010
182,Lou Williams,PHI,23,64,23,41,29.9,108.5,2.5,9.0,13.9,1.3,24.8,0.2,6.8,9.8,8.0,8.4,28.1,0.061,2010
183,Amar'e Stoudemire,PHX,27,82,54,28,34.6,109.4,6.1,16.6,26.3,0.6,16.6,1.0,29.9,12.0,11.7,10.5,31.8,0.06,2010
184,Emeka Okafor,NOH,27,82,37,45,28.9,108.4,6.0,22.1,33.0,0.7,14.8,1.5,64.5,9.2,7.9,9.2,27.6,0.06,2010
185,Amir Johnson,TOR,23,82,40,42,17.7,104.3,2.9,16.0,25.6,0.5,22.8,0.8,42.6,5.5,5.1,5.1,13.3,0.059,2010
186,David West,NOH,29,81,37,44,36.4,109.8,5.4,15.9,23.9,0.9,17.4,0.7,26.1,11.8,10.4,11.5,35.2,0.059,2010
187,Richard Hamilton,DET,32,46,14,32,33.7,109.4,2.0,6.6,10.1,0.7,14.4,0.1,2.2,11.7,9.2,10.0,28.3,0.059,2010
188,Steve Blake,LAC,30,80,37,43,27.0,107.8,2.1,8.2,12.3,0.7,23.2,0.1,2.8,9.7,7.3,7.1,23.9,0.059,2010
189,Jason Richardson,PHX,29,79,52,27,31.5,109.0,4.1,12.2,19.1,0.8,23.3,0.4,13.9,11.1,10.1,10.3,29.1,0.059,2010
190,Grant Hill,PHX,37,81,54,27,30.0,108.7,4.6,14.3,22.3,0.7,21.4,0.4,14.9,10.4,9.5,9.3,27.1,0.059,2010
191,Channing Frye,PHX,27,81,54,27,27.0,108.0,4.5,15.8,25.5,0.8,22.1,0.9,34.4,8.8,9.1,7.8,24.4,0.059,2010
192,Brook Lopez,NJN,22,82,12,70,36.9,109.9,5.4,15.7,24.1,0.7,13.1,1.7,45.7,12.8,11.1,13.3,35.1,0.059,2010
193,Donte Greene,SAC,22,76,22,54,21.4,106.4,2.4,11.2,17.1,0.5,17.7,0.7,31.5,7.4,6.0,6.5,20.2,0.058,2010
194,Jonas Jerebko,DET,23,80,26,54,27.9,108.3,3.6,14.6,22.2,1.0,22.3,0.4,17.0,9.5,7.3,8.2,22.9,0.058,2010
195,Kyrylo Fesenko,UTA,23,49,28,21,8.3,92.7,1.2,13.5,20.4,0.1,9.4,0.4,54.3,2.3,2.1,2.4,5.8,0.058,2010
196,Juwan Howard,POR,37,73,44,29,22.3,106.6,3.1,15.8,24.1,0.4,14.3,0.1,9.9,6.3,5.8,5.6,19.6,0.058,2010
197,Steve Nash,PHX,36,81,53,28,32.8,109.4,2.9,8.2,12.9,0.5,14.6,0.1,4.7,11.4,11.1,10.1,30.7,0.058,2010
198,David Lee,NYK,27,81,28,53,37.3,110.1,8.9,24.9,38.0,1.0,19.3,0.5,16.9,11.5,10.8,9.6,37.5,0.058,2010
199,Craig Smith,LAC,26,75,25,50,16.4,103.5,2.5,16.0,25.9,0.4,19.8,0.3,19.5,6.1,4.7,4.0,13.2,0.057,2010
200,Ronny Turiaf,GSW,27,42,15,27,20.8,106.1,3.3,15.0,24.2,0.5,14.3,1.3,65.1,7.8,7.2,8.1,18.8,0.057,2010
201,Kevin Love,MIN,21,60,12,48,28.6,108.7,7.2,25.5,37.8,0.7,17.8,0.4,16.8,12.0,7.6,11.1,26.2,0.057,2010
202,Nick Young,WAS,25,74,24,50,19.2,105.7,1.1,6.0,9.7,0.4,14.7,0.1,5.5,6.7,5.4,5.2,16.2,0.056,2010
203,Stephen Curry,GSW,22,80,25,55,36.2,110.2,3.9,10.6,17.1,1.9,27.6,0.2,7.8,14.1,12.5,14.0,36.6,0.055,2010
204,Anthony Tolliver,GSW,25,46,17,29,31.0,109.3,5.1,16.5,26.6,0.7,12.5,0.7,31.1,10.8,11.0,12.3,30.7,0.055,2010
205,Eduardo Najera,DAL,33,46,24,22,14.9,103.5,1.8,12.9,19.9,0.6,21.1,0.3,25.0,4.1,3.8,4.3,13.3,0.055,2010
206,Marcin Gortat,ORL,26,81,58,23,13.4,102.2,2.9,20.9,31.3,0.2,13.9,0.9,57.9,4.9,3.6,3.7,11.3,0.055,2010
207,Anthony Morrow,GSW,24,69,24,45,29.2,109.0,2.9,10.0,16.2,0.9,16.8,0.2,9.9,10.8,9.7,10.5,29.3,0.054,2010
208,Ryan Gomes,MIN,27,76,12,64,29.1,109.0,3.6,13.1,19.2,0.8,17.6,0.2,9.9,11.4,8.3,11.1,28.0,0.054,2010
209,JJ Hickson,CLE,21,81,60,21,20.9,106.8,3.6,17.3,25.4,0.4,15.6,0.5,21.4,7.4,5.6,6.1,18.5,0.054,2010
210,Darren Collison,NOH,22,76,34,42,27.8,108.8,2.0,7.7,11.8,1.0,22.9,0.1,2.4,9.3,7.6,9.0,27.2,0.054,2010
211,Marcus Thornton,NOH,23,73,33,40,25.6,108.3,1.9,8.0,12.2,0.8,18.8,0.2,7.7,8.6,7.0,7.7,24.5,0.054,2010
212,Leandro Barbosa,PHX,27,44,32,12,17.9,105.5,1.3,7.0,11.6,0.5,21.1,0.3,11.7,6.7,6.3,5.7,16.5,0.054,2010
213,Kevin Martin,HOU,27,46,16,30,35.5,110.3,2.9,8.5,13.3,1.0,18.6,0.1,3.6,11.4,11.1,11.0,35.5,0.053,2010
214,Maurice Evans,ATL,31,79,51,28,16.7,105.1,1.2,7.6,12.4,0.4,16.0,0.2,13.0,5.2,5.1,5.9,15.2,0.053,2010
215,J.J. Barea,DAL,26,78,52,26,19.8,106.3,1.7,8.6,13.5,0.4,16.5,0.1,3.6,6.4,5.6,5.4,18.0,0.053,2010
216,Kurt Thomas,MIL,37,70,37,33,15.0,103.6,3.0,21.0,31.8,0.4,18.3,0.7,61.3,4.8,3.4,4.1,11.5,0.053,2010
217,Shelden Williams,BOS,26,54,36,18,11.1,99.6,1.8,16.8,27.2,0.2,11.4,0.4,35.6,3.0,2.9,2.4,8.1,0.053,2010
218,Gerald Henderson,CHA,22,43,27,16,8.3,95.0,0.9,11.0,17.8,0.2,16.7,0.2,20.9,2.7,2.6,1.6,5.6,0.053,2010
219,Randy Foye,WAS,26,70,21,49,23.8,107.9,1.6,7.1,11.0,0.5,17.0,0.1,5.8,7.8,6.8,6.5,20.4,0.053,2010
220,Spencer Hawes,SAC,22,72,23,49,26.4,108.6,4.0,15.5,23.6,0.4,12.3,1.2,44.4,9.4,7.8,8.8,25.5,0.053,2010
221,Glen Davis,BOS,24,54,28,26,17.3,105.1,1.9,12.4,19.6,0.4,13.5,0.3,17.7,6.1,4.2,4.4,13.6,0.053,2010
222,Wayne Ellington,MIN,22,76,15,61,18.2,105.8,1.7,9.1,13.4,0.3,10.9,0.1,4.6,7.4,4.9,6.3,15.7,0.053,2010
223,Theo Ratliff,CHA,37,49,32,17,16.5,104.5,2.0,12.8,19.7,0.2,10.3,1.2,53.5,5.9,4.4,4.2,13.7,0.052,2010
224,Jerryd Bayless,POR,21,74,45,29,17.6,105.6,1.4,8.4,13.0,0.4,15.9,0.1,5.6,5.7,4.9,4.3,15.2,0.052,2010
225,Quinton Ross,WAS,29,52,24,28,10.8,100.2,0.6,5.5,9.1,0.3,15.3,0.1,8.1,3.7,3.1,2.8,8.8,0.052,2010
226,James Singleton,WAS,28,57,24,33,17.2,105.4,2.9,18.7,29.3,0.5,22.0,0.8,44.3,6.5,4.8,4.6,14.7,0.051,2010
227,Al Jefferson,MIN,25,76,15,61,32.4,110.0,6.9,22.4,33.4,0.8,17.1,1.3,51.3,12.6,8.8,12.3,30.5,0.051,2010
228,Derrick Brown,CHA,22,57,34,23,9.4,98.3,0.8,8.7,14.2,0.4,21.6,0.2,17.5,3.5,2.6,2.8,8.2,0.051,2010
229,Nate Robinson,BOS,26,56,23,33,19.9,107.1,1.5,7.5,12.3,0.9,28.5,0.1,5.3,6.1,6.6,4.4,18.2,0.051,2010
230,Jannero Pargo,CHI,30,63,27,36,13.2,102.8,1.1,8.5,12.7,0.5,26.6,0.0,2.5,4.0,3.5,3.0,9.5,0.05,2010
231,Ime Udoka,SAC,32,69,21,48,13.7,103.7,2.0,14.6,22.3,0.5,22.8,0.1,8.1,5.2,3.4,4.0,11.5,0.05,2010
232,David Andersen,HOU,30,63,33,30,14.1,103.6,2.4,17.7,27.8,0.2,13.4,0.2,16.4,4.2,4.1,3.9,13.4,0.05,2010
233,Chris Bosh,TOR,26,70,35,35,36.1,110.6,7.9,22.3,33.6,0.6,14.9,1.0,28.7,11.5,9.5,12.5,32.1,0.05,2010
234,Courtney Lee,NJN,24,71,11,60,33.5,110.3,2.7,8.9,14.0,1.3,26.9,0.3,8.7,11.5,10.3,11.2,32.4,0.049,2010
235,Josh Boone,NJN,25,63,9,54,16.6,105.5,3.0,19.6,30.4,0.5,20.3,0.8,40.7,5.6,4.5,5.6,15.5,0.049,2010
236,Goran Dragic,PHX,24,80,53,27,18.0,106.2,1.7,9.1,14.9,0.6,22.5,0.1,4.6,6.8,6.2,5.9,16.2,0.049,2010
237,Al Harrington,NYK,30,72,26,46,30.5,109.9,4.4,15.3,23.5,0.9,19.1,0.4,16.3,10.0,9.1,8.4,30.3,0.049,2010
238,Lou Amundson,PHX,27,79,53,26,14.8,104.5,2.8,18.6,29.3,0.3,13.8,0.9,50.7,5.8,4.5,5.3,12.8,0.049,2010
239,Darius Songaila,NOH,32,75,34,41,18.8,106.7,2.3,13.7,21.3,0.8,24.9,0.2,16.7,6.7,4.8,5.1,16.8,0.049,2010
240,Chase Budinger,HOU,22,74,38,36,20.1,107.4,2.5,12.9,20.3,0.5,16.3,0.1,9.4,6.9,5.7,5.8,20.1,0.049,2010
241,Chris Duhon,NYK,27,67,25,42,30.9,110.0,2.2,7.8,11.7,0.9,19.2,0.0,1.8,9.9,8.6,8.2,29.4,0.048,2010
242,Willie Green,PHI,28,73,23,50,21.3,107.8,1.5,7.5,12.0,0.4,12.6,0.2,6.5,7.0,5.9,5.1,18.5,0.048,2010
243,Jrue Holiday,PHI,20,73,24,49,24.2,108.7,1.8,8.3,12.3,1.1,25.6,0.2,10.7,8.6,5.9,7.4,20.2,0.048,2010
244,Monta Ellis,GSW,24,64,19,45,41.4,111.4,3.3,8.3,13.3,2.2,27.3,0.4,10.5,16.2,13.0,16.8,42.3,0.047,2010
245,Rodrigue Beaubois,DAL,22,56,36,20,12.5,103.4,1.2,9.4,14.7,0.5,22.5,0.2,19.0,4.1,3.4,3.8,10.9,0.047,2010
246,Anthony Carter,DEN,35,54,32,22,15.9,105.5,1.3,8.6,14.0,0.7,26.2,0.2,13.4,6.1,5.1,4.8,13.9,0.047,2010
247,Zaza Pachulia,ATL,26,78,50,28,14.0,104.5,2.3,17.2,28.0,0.5,21.5,0.4,29.8,4.6,4.1,5.0,12.5,0.047,2010
248,Trenton Hassell,NJN,31,52,6,46,21.3,108.0,1.8,9.6,14.5,0.3,11.7,0.2,8.2,7.5,5.7,8.8,20.6,0.046,2010
249,Tayshaun Prince,DET,30,49,12,37,34.0,110.6,3.6,12.2,19.1,0.7,13.9,0.4,16.5,10.9,9.8,9.0,28.7,0.046,2010
250,Jawad Williams,CLE,27,54,40,14,13.7,104.6,1.2,9.0,13.6,0.2,12.4,0.1,6.9,4.7,3.2,3.6,10.3,0.046,2010
251,Solomon Jones,IND,25,52,20,32,13.0,104.0,1.8,13.5,21.2,0.3,13.9,0.7,43.0,5.2,4.3,3.3,10.7,0.045,2010
252,Antoine Wright,TOR,26,67,32,35,20.8,108.1,2.3,11.2,17.3,0.4,17.2,0.2,7.7,7.5,5.7,7.2,17.3,0.045,2010
253,James Johnson,CHI,23,65,30,35,11.6,103.0,1.4,12.3,19.2,0.3,18.3,0.7,47.3,4.6,3.5,2.9,8.4,0.045,2010
254,Oleksiy Pecherov,MIN,24,44,6,38,10.2,101.3,2.1,20.3,31.2,0.2,11.3,0.3,42.4,3.3,2.5,3.4,9.0,0.044,2010
255,Jarvis Hayes,NJN,28,45,8,37,22.9,108.9,2.2,10.1,16.0,0.6,23.2,0.2,9.6,7.0,7.0,7.9,21.0,0.044,2010
256,Brandon Bass,ORL,25,50,38,12,13.0,104.2,1.5,11.3,17.1,0.2,16.4,0.5,32.1,4.8,3.3,3.5,10.5,0.044,2010
257,Sebastian Telfair,CLE,25,43,18,25,15.3,105.9,0.9,6.5,10.3,0.6,25.5,0.1,7.2,5.3,4.4,3.3,12.1,0.044,2010
258,James Posey,NOH,33,77,35,42,22.5,108.7,3.9,18.6,28.7,0.5,16.3,0.2,16.1,7.4,6.6,5.5,18.6,0.043,2010
259,Marco Belinelli,TOR,24,66,29,37,17.0,107.0,1.2,7.4,11.7,0.6,27.6,0.1,4.1,5.7,5.2,6.2,14.5,0.043,2010
260,Hasheem Thabeet,MEM,23,68,32,36,13.0,104.8,2.3,17.9,28.3,0.2,11.1,1.3,76.1,5.2,3.8,4.8,11.7,0.042,2010
261,Dante Cunningham,POR,23,63,37,26,11.2,103.5,1.7,16.3,25.5,0.4,21.8,0.3,36.1,3.0,3.2,2.4,10.1,0.042,2010
262,Robin Lopez,PHX,22,51,32,19,19.3,108.0,2.8,13.5,21.0,0.2,10.5,1.0,41.1,7.5,6.7,6.5,17.6,0.042,2010
263,Kwame Brown,DET,28,48,16,32,13.7,105.2,2.6,20.9,32.1,0.3,15.0,0.3,23.1,5.0,3.6,4.3,10.7,0.042,2010
264,DeShawn Stevenson,DAL,29,64,31,33,13.8,105.5,1.3,9.2,14.0,0.3,15.1,0.1,6.4,4.4,4.0,4.3,12.0,0.042,2010
265,Sam Young,MEM,25,80,39,41,16.5,107.0,1.6,9.4,15.2,0.4,16.7,0.3,14.3,7.1,5.1,6.3,15.9,0.042,2010
266,Corey Brewer,MIN,24,82,15,67,30.3,110.6,2.5,8.8,13.3,1.4,29.3,0.4,15.1,12.1,8.4,11.7,29.1,0.041,2010
267,Fabricio Oberto,WAS,35,57,18,39,11.4,103.7,1.2,11.4,17.7,0.2,16.2,0.2,17.3,4.1,3.0,3.8,9.4,0.04,2010
268,DeMarre Carroll,MEM,23,71,34,37,11.2,104.4,1.4,11.8,18.4,0.4,21.5,0.1,11.4,4.7,3.0,4.1,10.7,0.039,2010
269,Joey Graham,DEN,28,63,43,20,12.0,104.6,1.3,11.3,17.2,0.4,17.2,0.1,11.1,5.2,3.5,3.9,10.4,0.039,2010
270,Jeff Teague,ATL,22,71,50,21,10.1,103.3,0.9,9.1,15.0,0.5,26.6,0.2,15.5,3.5,2.9,3.9,9.6,0.039,2010
271,Damien Wilkins,MIN,30,80,14,66,19.8,108.7,2.2,11.3,17.6,0.8,27.7,0.3,19.2,7.9,5.4,6.8,17.8,0.039,2010
272,Devin Harris,NJN,27,64,11,53,34.7,111.5,2.8,8.8,13.8,1.2,23.4,0.3,8.0,11.8,10.8,12.1,34.6,0.038,2010
273,Julian Wright,NOH,23,68,26,42,12.8,105.7,1.3,10.4,15.5,0.4,18.5,0.3,26.1,4.6,3.4,3.6,11.5,0.038,2010
274,Sergio Rodriguez,NYK,24,66,21,45,15.9,107.6,1.0,6.3,9.9,0.8,30.9,0.1,6.9,6.0,4.4,4.3,16.5,0.037,2010
275,Jodie Meeks,PHI,22,60,23,37,12.0,105.5,1.5,13.7,20.5,0.3,20.5,0.1,9.8,3.8,2.7,3.6,10.6,0.037,2010
276,Rodney Carney,PHI,26,68,23,45,12.6,105.7,1.6,13.1,21.1,0.4,19.1,0.3,20.0,3.5,3.6,3.3,11.9,0.037,2010
277,Sasha Vujacic,LAL,26,67,49,18,8.6,101.5,0.8,9.4,15.3,0.3,25.3,0.1,6.2,2.9,2.6,2.8,7.3,0.037,2010
278,Josh McRoberts,IND,23,42,19,23,12.5,105.8,2.1,16.2,26.3,0.4,20.0,0.4,31.4,4.5,3.9,2.6,10.3,0.037,2010
279,Kris Humphries,NJN,25,69,27,42,17.7,108.5,3.7,22.8,35.9,0.5,20.9,0.7,41.0,6.4,4.7,5.7,16.3,0.036,2010
280,Jordan Hill,HOU,22,47,18,29,13.3,106.3,2.1,17.4,27.7,0.3,14.7,0.4,39.6,4.5,3.5,3.5,11.9,0.036,2010
281,Ben Gordon,DET,27,62,18,44,27.9,110.9,1.5,6.2,9.7,0.8,18.7,0.1,4.4,9.2,7.9,7.6,21.7,0.036,2010
282,JaVale McGee,WAS,22,60,17,43,16.1,108.0,2.6,16.2,27.1,0.3,15.0,1.7,66.9,6.2,5.2,4.3,15.3,0.035,2010
283,Jason Kapono,PHI,29,57,15,42,17.1,108.4,0.9,5.8,8.7,0.4,14.9,0.1,5.8,6.1,4.4,5.3,14.2,0.035,2010
284,Sonny Weems,TOR,23,69,32,37,19.8,109.5,2.2,11.1,17.1,0.6,22.7,0.4,15.9,6.0,5.3,7.0,17.0,0.035,2010
285,Jason Smith,PHI,24,56,15,41,11.8,105.8,1.4,13.5,21.8,0.4,17.1,0.5,39.4,4.3,3.1,3.6,10.3,0.035,2010
286,DJ Mbenga,LAL,29,49,33,16,7.2,99.9,1.1,14.7,23.9,0.1,11.6,0.6,67.4,2.2,2.5,2.3,6.4,0.034,2010
287,Royal Ivey,MIL,28,44,26,18,7.4,100.9,0.6,8.8,13.7,0.4,33.3,0.0,5.6,2.2,2.0,1.9,6.2,0.034,2010
288,Mardy Collins,LAC,25,43,15,28,10.9,105.3,0.9,8.3,12.8,0.5,33.8,0.0,2.0,4.5,2.5,3.2,9.3,0.033,2010
289,Marcus Williams,MEM,24,62,27,35,14.1,107.8,1.3,9.3,14.2,0.5,25.0,0.0,1.0,5.8,3.6,5.2,12.5,0.032,2010
290,Michael Finley,BOS,37,46,23,23,15.4,108.3,1.4,9.6,14.7,0.2,11.4,0.1,7.8,4.5,4.3,3.8,12.3,0.032,2010
291,Drew Gooden,LAC,28,70,33,37,25.1,111.0,4.8,19.9,30.6,0.6,17.1,0.8,32.6,8.9,7.1,7.6,24.2,0.032,2010
292,Andres Nocioni,SAC,30,75,22,53,19.7,110.1,2.5,13.1,20.3,0.4,17.1,0.3,20.3,6.9,6.2,6.5,18.6,0.031,2010
293,DaJuan Summers,DET,22,44,13,31,9.2,104.9,0.7,8.4,13.8,0.2,12.5,0.2,18.9,4.3,2.8,3.3,7.6,0.031,2010
294,Josh Powell,LAL,27,63,43,20,9.2,104.6,1.1,12.5,20.7,0.1,10.0,0.1,10.9,3.1,2.9,3.0,8.7,0.03,2010
295,Earl Boykins,WAS,34,67,22,45,16.7,109.2,0.9,5.5,8.9,0.4,17.3,0.0,2.3,6.2,5.1,4.7,14.9,0.03,2010
296,Devean George,GSW,32,45,13,32,16.9,109.4,2.1,12.3,20.5,0.9,27.5,0.2,18.5,4.8,5.7,6.4,17.0,0.03,2010
297,Jason Maxiell,DET,27,76,24,52,20.4,110.4,3.2,18.0,27.2,0.5,16.7,0.5,33.3,7.0,5.5,5.7,15.9,0.029,2010
298,Austin Daye,DET,22,69,22,47,13.3,108.5,2.0,17.8,27.6,0.4,16.2,0.4,32.1,4.2,3.7,4.4,11.1,0.028,2010
299,Brian Scalabrine,BOS,32,52,32,20,9.1,105.2,0.8,9.4,14.6,0.2,11.5,0.1,9.3,2.9,2.5,1.6,7.0,0.028,2010
300,Jarrett Jack,TOR,26,82,40,42,27.4,111.9,2.3,8.8,13.5,0.7,22.5,0.1,3.0,9.6,7.6,9.9,24.4,0.027,2010
301,Morris Peterson,NOH,32,46,18,28,21.1,111.1,2.4,12.6,18.3,0.5,16.9,0.1,6.8,7.0,5.6,7.4,22.0,0.027,2010
302,Bobby Brown,LAC,25,45,14,31,11.5,107.8,0.6,5.8,9.3,0.3,23.4,0.0,2.6,4.7,3.4,2.8,10.1,0.026,2010
303,DeAndre Jordan,LAC,21,70,23,47,16.2,110.1,3.3,21.8,32.5,0.2,10.6,0.9,44.6,6.8,4.6,5.0,15.1,0.025,2010
304,Sasha Pavlovic,MIN,26,71,11,60,12.3,108.7,1.5,11.8,17.9,0.3,17.3,0.1,9.2,5.4,3.5,4.3,11.3,0.025,2010
305,Corey Maggette,GSW,30,70,21,49,29.7,112.4,4.0,13.9,22.8,0.7,13.2,0.1,2.1,11.7,10.1,11.5,31.3,0.025,2010
306,Chris Hunter,GSW,25,60,19,41,13.0,109.1,1.9,14.6,23.7,0.2,8.6,0.6,54.7,4.1,4.0,4.8,12.9,0.024,2010
307,Earl Clark,PHX,22,51,36,15,7.5,105.3,0.9,10.9,18.8,0.1,18.9,0.3,26.0,3.6,3.0,3.1,7.3,0.023,2010
308,Jon Brockman,SAC,23,52,15,37,12.6,109.1,2.1,17.6,28.3,0.3,16.3,0.1,9.4,4.6,3.7,3.5,10.8,0.023,2010
309,Jonny Flynn,MIN,21,81,15,66,28.9,112.5,2.1,7.6,11.3,1.0,22.5,0.0,1.2,11.7,8.3,11.9,29.2,0.023,2010
310,Ryan Hollins,MIN,25,73,13,60,16.8,111.0,1.8,10.5,16.0,0.3,10.9,0.5,40.0,8.0,5.4,6.1,15.1,0.021,2010
311,Jose Calderon,TOR,28,68,31,37,26.7,112.5,1.8,6.7,10.4,0.7,23.6,0.1,4.1,8.1,7.3,9.1,22.9,0.021,2010
312,Toney Douglas,NYK,24,56,22,34,19.4,111.7,1.2,6.6,10.7,0.8,24.3,0.1,4.7,6.9,5.3,5.6,19.5,0.021,2010
313,Hedo Turkoglu,TOR,31,74,37,37,30.7,112.9,4.1,13.5,20.7,0.7,22.4,0.4,16.0,9.4,8.6,10.6,27.2,0.02,2010
314,Joe Smith,ATL,34,64,42,22,9.2,108.4,1.4,16.7,26.5,0.1,7.7,0.3,33.9,3.2,2.8,3.2,8.8,0.019,2010
315,Charlie Villanueva,DET,25,78,27,51,23.7,112.6,3.6,17.4,27.6,0.6,17.8,0.7,37.7,7.6,6.7,7.6,19.5,0.018,2010
316,Will Bynum,DET,27,63,21,42,26.5,112.9,1.9,8.1,12.7,0.9,22.8,0.1,5.9,9.6,7.6,7.8,22.7,0.018,2010
317,Dominic McGuire,SAC,24,51,12,39,6.0,106.0,1.1,16.8,30.1,0.1,15.2,0.1,13.8,2.5,2.1,1.5,5.2,0.017,2010
318,Malik Hairston,SAS,23,47,35,12,6.7,107.9,0.8,10.8,16.2,0.1,11.8,0.2,25.0,2.7,1.9,2.8,5.4,0.016,2010
319,Marreese Speights,PHI,22,62,24,38,16.4,112.4,2.7,18.2,29.6,0.5,17.7,0.5,37.4,5.2,4.8,4.8,16.3,0.014,2010
320,Steve Novak,LAC,27,54,15,39,6.7,109.4,0.6,9.0,15.0,0.1,21.2,0.0,5.7,2.8,1.9,1.6,5.6,0.012,2010
321,Andrea Bargnani,TOR,24,80,39,41,35.0,114.0,4.9,14.5,22.2,0.3,8.7,1.4,41.0,10.9,10.2,13.4,32.4,0.012,2010
322,DeMar DeRozan,TOR,20,77,36,41,21.6,113.3,2.0,9.7,14.9,0.6,22.9,0.2,12.7,6.8,6.1,8.5,20.9,0.012,2010
323,Malik Allen,DEN,32,51,36,15,8.9,111.4,0.9,10.7,18.2,0.2,17.2,0.1,22.7,3.9,3.2,2.7,7.5,0.01,2010
324,Rasho Nesterovic,TOR,34,42,19,23,9.8,118.8,1.2,14.7,21.9,0.2,16.4,0.4,54.8,4.2,2.8,3.8,8.8,-0.012,2010
