,Player,TEAM,AGE,GP,W,L,MIN,DEF RTG,DREB,DREB%,%DREB,STL,STL%,BLK,%BLK,OPP PTSOFF TOV,OPP PTS2ND CHANCE,OPP PTSFB,OPP PTSPAINT,DEFWS,Year
0,Tim Duncan,SAS,31,80,58,22,34.1,96.5,7.9,23.9,35.1,0.8,16.4,2.4,59.6,10.5,8.3,7.2,26.6,0.18,2007
1,Luol Deng,CHI,22,82,49,33,37.5,98.2,5.3,14.1,21.1,1.2,20.8,0.6,13.9,12.9,9.5,8.4,27.8,0.18,2007
2,Rafer Alston,HOU,30,82,52,30,37.1,98.2,3.1,8.3,12.2,1.6,28.0,0.1,3.7,10.5,9.0,7.0,25.1,0.179,2007
3,Bruce Bowen,SAS,36,82,58,24,30.1,94.8,2.4,8.2,12.3,0.8,16.5,0.3,8.8,9.4,7.5,5.9,23.9,0.176,2007
4,LeBron James,CLE,22,78,47,31,40.9,99.9,5.7,14.7,21.8,1.6,25.5,0.7,19.2,11.8,9.9,8.7,32.0,0.174,2007
5,Yao Ming,HOU,26,48,32,16,33.8,97.4,7.3,21.4,30.2,0.4,7.8,2.0,55.0,10.6,7.6,6.7,23.2,0.174,2007
6,Shane Battier,HOU,28,82,52,30,36.4,98.4,3.3,9.1,13.4,1.0,18.5,0.7,22.5,10.9,8.5,7.1,24.7,0.172,2007
7,Kirk Hinrich,CHI,26,80,48,32,35.5,98.7,3.0,8.6,12.9,1.3,22.7,0.3,7.0,12.1,9.3,7.8,26.3,0.165,2007
8,Manu Ginobili,SAS,29,75,56,19,27.5,95.1,3.6,13.5,20.0,1.5,32.2,0.4,12.4,8.5,7.2,6.1,21.6,0.163,2007
9,Tracy McGrady,HOU,28,71,50,21,35.8,99.3,4.5,12.7,18.6,1.3,24.5,0.5,15.4,10.2,8.9,6.8,23.9,0.16,2007
10,Tony Parker,SAS,25,77,55,22,32.5,98.3,2.8,9.0,13.3,1.1,21.8,0.1,2.1,10.2,8.2,7.1,26.8,0.154,2007
11,Larry Hughes,CLE,28,70,44,26,37.1,100.3,3.2,9.3,13.6,1.3,21.3,0.4,11.0,11.0,8.9,8.1,30.2,0.154,2007
12,Ben Gordon,CHI,24,82,49,33,33.0,98.9,2.7,8.2,12.4,0.8,16.0,0.2,5.6,11.4,8.3,7.1,24.0,0.152,2007
13,Ben Wallace,CHI,32,77,45,32,35.0,99.6,6.7,19.6,29.4,1.4,26.3,2.0,49.7,12.5,8.9,8.0,26.6,0.152,2007
14,Devin Harris,DAL,24,80,65,15,26.0,96.2,1.9,7.4,11.2,1.2,31.2,0.3,9.3,7.6,6.4,6.5,19.3,0.143,2007
15,Richard Hamilton,DET,29,75,48,27,36.8,101.7,2.8,8.0,12.7,0.8,15.1,0.2,4.8,9.3,10.2,8.5,28.5,0.137,2007
16,Chuck Hayes,HOU,24,78,50,28,22.0,93.8,4.1,18.8,26.9,0.9,24.9,0.2,12.3,6.4,4.4,4.0,14.1,0.137,2007
17,Chris Duhon,CHI,24,78,46,32,24.4,96.6,1.9,7.7,12.0,0.9,20.8,0.1,2.7,8.9,6.1,5.5,18.4,0.131,2007
18,Josh Howard,DAL,27,70,57,13,35.1,101.6,4.9,15.3,22.5,1.2,23.6,0.8,21.7,10.7,7.9,9.0,26.7,0.131,2007
19,Zydrunas Ilgauskas,CLE,32,78,48,30,27.3,97.9,4.6,18.2,26.3,0.6,15.6,1.3,50.0,7.7,6.6,5.5,21.0,0.13,2007
20,Dirk Nowitzki,DAL,29,78,64,14,36.2,102.1,7.3,21.7,31.5,0.7,13.6,0.8,21.3,10.7,8.3,9.0,28.2,0.129,2007
21,Anthony Parker,TOR,32,73,43,30,33.4,101.4,3.1,9.6,14.6,1.0,20.1,0.2,5.7,9.9,8.6,7.7,26.8,0.127,2007
22,Jason Terry,DAL,29,81,67,14,35.1,102.0,2.3,7.2,10.5,1.0,20.9,0.2,5.7,10.6,7.9,8.8,27.8,0.126,2007
23,Tayshaun Prince,DET,27,82,53,29,36.6,102.6,3.5,10.1,16.0,0.6,11.8,0.7,15.2,9.4,10.1,8.3,29.2,0.125,2007
24,Anderson Varejao,CLE,24,81,49,32,23.9,97.1,4.4,19.2,28.5,0.9,23.8,0.6,32.5,7.3,5.7,5.1,17.1,0.125,2007
25,Dwight Howard,ORL,21,82,40,42,36.9,102.9,8.8,25.4,38.7,0.9,16.5,1.9,47.9,13.9,8.2,10.3,25.5,0.123,2007
26,Sasha Pavlovic,CLE,23,67,42,25,22.9,96.7,2.0,9.2,13.9,0.8,21.4,0.3,11.9,7.1,6.3,5.1,17.8,0.122,2007
27,Jermaine O'Neal,IND,28,69,32,37,35.6,102.6,7.4,21.4,32.8,0.7,14.1,2.6,59.3,11.8,10.1,8.8,28.1,0.12,2007
28,Chauncey Billups,DET,30,70,48,22,36.2,103.0,3.1,8.9,14.2,1.2,23.5,0.2,5.5,9.3,10.2,8.2,29.2,0.119,2007
29,Erick Dampier,DAL,31,76,64,12,25.2,98.5,4.6,19.4,28.3,0.3,9.2,1.1,42.5,7.6,5.5,6.4,20.6,0.118,2007
30,Chris Bosh,TOR,23,69,41,28,38.5,103.8,8.0,21.7,32.8,0.6,10.5,1.3,39.6,12.1,9.9,8.4,31.0,0.118,2007
31,Raja Bell,PHX,30,78,59,19,37.4,103.6,2.6,6.7,10.6,0.6,12.3,0.3,7.1,12.2,11.9,8.2,32.4,0.117,2007
32,Andres Nocioni,CHI,27,53,31,22,26.5,99.8,4.9,18.6,28.7,0.5,13.2,0.5,15.9,9.7,7.0,5.8,20.8,0.116,2007
33,Allen Iverson,DEN,32,65,31,34,42.5,104.9,2.6,6.1,9.6,1.9,25.1,0.2,4.0,15.9,12.8,13.1,40.2,0.115,2007
34,P.J. Brown,CHI,37,72,42,30,20.2,95.3,3.0,15.3,22.3,0.3,10.3,0.7,32.3,6.3,4.3,4.8,13.8,0.115,2007
35,Dwyane Wade,MIA,25,51,27,24,37.9,104.1,3.7,9.6,14.9,2.1,37.3,1.2,23.9,12.9,11.7,10.5,30.7,0.114,2007
36,Elton Brand,LAC,28,80,40,40,38.5,104.3,6.0,16.2,24.4,1.0,16.8,2.2,47.6,13.5,9.5,7.5,32.7,0.112,2007
37,Cuttino Mobley,LAC,31,78,38,40,36.4,103.8,2.8,7.9,12.1,1.2,21.0,0.3,6.8,12.5,9.3,6.8,31.3,0.112,2007
38,Kevin Garnett,MIN,31,76,32,44,39.4,104.4,10.4,27.5,42.6,1.2,22.6,1.7,50.6,13.6,10.8,8.8,31.9,0.112,2007
39,Tim Thomas,LAC,30,76,37,39,27.0,100.6,4.1,15.3,23.9,0.7,17.4,0.4,11.8,8.9,7.0,4.3,21.5,0.11,2007
40,Hedo Turkoglu,ORL,28,73,36,37,31.1,102.6,3.2,11.0,16.8,1.0,21.9,0.2,6.5,11.3,6.7,8.4,21.5,0.108,2007
41,Vince Carter,NJN,30,82,41,41,38.1,104.7,4.6,12.7,18.8,1.0,21.0,0.4,14.3,12.6,9.3,8.8,27.7,0.107,2007
42,Baron Davis,GSW,28,63,36,27,35.3,103.9,3.6,10.1,16.2,2.1,31.2,0.5,12.0,12.4,11.7,9.5,31.7,0.106,2007
43,Stephen Jackson,GSW,29,75,43,32,33.0,103.0,2.1,6.6,10.4,1.1,17.9,0.5,11.5,12.5,10.2,9.1,28.0,0.106,2007
44,Emeka Okafor,CHA,24,67,29,38,34.8,103.8,7.4,22.2,35.1,0.9,14.8,2.6,67.2,11.9,9.3,9.6,30.3,0.106,2007
45,Shawn Marion,PHX,29,80,60,20,37.6,104.7,7.7,19.8,31.0,2.0,36.1,1.5,39.4,12.6,12.1,8.3,33.3,0.106,2007
46,Jorge Garbajosa,TOR,29,67,36,31,28.5,101.7,4.2,15.5,23.3,1.2,28.1,0.2,9.6,8.4,7.0,6.9,24.7,0.105,2007
47,Eric Snow,CLE,34,82,50,32,23.5,99.7,1.9,8.2,12.3,0.7,17.3,0.2,9.0,7.0,6.1,5.3,17.6,0.103,2007
48,Luther Head,HOU,24,80,51,29,27.6,101.8,2.8,10.0,15.2,1.0,24.8,0.1,2.9,9.6,7.0,6.1,20.3,0.103,2007
49,Corey Maggette,LAC,27,75,37,38,30.5,103.0,4.7,16.0,24.8,0.9,17.8,0.2,5.1,10.4,7.8,5.6,25.4,0.103,2007
50,Trevor Ariza,ORL,21,57,32,25,22.4,99.1,2.6,12.4,19.8,1.0,29.1,0.3,13.8,8.3,5.9,5.9,16.4,0.102,2007
51,Rajon Rondo,BOS,21,78,21,57,23.5,99.7,2.8,12.9,19.9,1.6,39.5,0.1,4.4,8.0,5.6,5.5,20.1,0.102,2007
52,Rasheed Wallace,DET,32,75,48,27,32.3,103.4,6.0,20.1,31.9,1.0,21.7,1.6,42.3,7.9,8.6,7.3,24.8,0.102,2007
53,Antonio McDyess,DET,32,82,53,29,21.1,98.3,4.0,20.0,32.1,0.7,23.3,0.8,33.7,5.8,5.8,4.6,15.2,0.102,2007
54,Grant Hill,ORL,34,65,31,34,30.9,103.1,2.8,9.7,14.9,0.9,21.4,0.4,11.7,11.8,7.6,8.0,21.6,0.102,2007
55,Andre Iguodala,PHI,23,76,30,46,40.3,105.6,4.7,12.4,19.9,2.0,32.5,0.4,10.8,13.9,11.9,9.9,34.3,0.1,2007
56,T.J. Ford,TOR,24,75,43,32,29.9,102.9,2.4,8.3,12.7,1.3,32.1,0.1,4.3,9.7,7.9,6.5,24.6,0.1,2007
57,Jason Kidd,NJN,34,80,41,39,36.7,104.9,6.5,18.6,27.6,1.6,33.5,0.3,11.1,12.2,9.0,8.2,26.8,0.099,2007
58,Jerry Stackhouse,DAL,32,67,55,12,24.1,100.8,1.6,7.0,10.4,0.8,21.3,0.1,5.8,8.1,5.8,7.2,19.5,0.099,2007
59,Udonis Haslem,MIA,27,79,43,36,31.4,103.7,5.9,18.8,28.7,0.6,14.6,0.3,9.5,10.3,8.6,8.5,24.2,0.099,2007
60,Danny Granger,IND,24,82,35,47,34.0,104.4,3.3,10.2,15.8,0.8,15.7,0.7,20.1,12.5,9.3,8.9,27.1,0.099,2007
61,Robert Horry,SAS,36,68,45,23,16.5,94.8,2.3,13.9,21.2,0.7,25.0,0.6,35.7,5.4,4.4,3.2,12.9,0.098,2007
62,Jameer Nelson,ORL,25,77,37,40,30.3,103.5,2.4,8.4,12.6,0.9,23.0,0.1,2.1,11.4,6.7,8.3,20.7,0.097,2007
63,Francisco Elson,SAS,31,70,51,19,19.0,97.5,3.6,20.0,29.6,0.4,15.4,0.8,40.7,6.5,4.9,4.3,16.5,0.097,2007
64,Josh Childress,ATL,24,55,22,33,36.8,105.2,3.9,11.2,18.1,1.1,19.6,0.7,15.0,12.7,10.3,9.7,32.9,0.097,2007
65,Jason Williams,MIA,31,61,34,27,30.6,103.6,2.0,6.6,10.1,1.0,22.4,0.0,0.5,9.9,8.7,8.0,23.6,0.096,2007
66,Drew Gooden,CLE,25,80,49,31,28.0,102.5,5.2,20.2,29.9,0.9,20.2,0.4,14.5,8.2,7.3,6.4,23.9,0.096,2007
67,Nene,DEN,24,64,33,31,26.8,102.1,4.7,17.0,26.5,1.0,21.1,0.9,29.8,10.4,7.5,7.6,23.4,0.096,2007
68,Richard Jefferson,NJN,27,55,30,25,35.6,105.0,3.5,10.3,15.5,0.6,14.0,0.1,6.2,11.9,9.2,7.6,26.0,0.096,2007
69,Tony Battie,ORL,31,66,36,30,23.9,100.7,3.8,16.8,25.0,0.4,13.2,0.5,20.3,8.6,4.9,6.8,16.4,0.095,2007
70,Leandro Barbosa,PHX,24,80,59,21,32.7,104.4,2.4,7.2,11.6,1.2,26.0,0.2,6.0,10.4,10.0,6.7,28.1,0.095,2007
71,Speedy Claxton,ATL,29,42,13,29,25.1,101.5,1.6,7.1,11.2,1.7,35.6,0.1,3.7,8.8,5.8,5.6,20.1,0.095,2007
72,Jason Richardson,GSW,26,51,29,22,32.8,104.4,3.7,11.1,18.1,1.1,16.3,0.6,16.7,12.2,11.2,8.9,30.1,0.095,2007
73,Raymond Felton,CHA,23,78,31,47,36.3,105.3,2.8,8.1,13.0,1.5,24.3,0.1,3.7,12.7,9.8,9.4,31.9,0.094,2007
74,Jamaal Tinsley,IND,29,72,31,41,31.1,104.0,2.5,8.4,12.9,1.6,32.2,0.3,10.1,11.1,9.0,8.0,24.3,0.094,2007
75,Lamar Odom,LAL,27,56,30,26,39.3,106.0,7.9,20.7,31.6,0.9,16.0,0.6,15.9,14.0,11.2,9.2,35.0,0.094,2007
76,James Posey,MIA,30,71,40,31,27.0,102.6,4.1,15.7,24.2,1.0,24.1,0.3,12.3,9.7,6.8,6.8,18.8,0.094,2007
77,Al Harrington,GSW,27,78,42,36,32.9,104.3,4.4,13.8,21.9,0.8,13.9,0.3,8.1,13.1,10.2,9.1,28.3,0.093,2007
78,Dikembe Mutombo,HOU,41,75,49,26,17.2,96.2,4.3,25.0,37.2,0.3,11.1,1.0,73.1,4.7,4.3,3.1,11.0,0.092,2007
79,Devean George,DAL,29,60,49,11,21.4,100.0,2.6,13.2,19.8,0.8,22.3,0.4,17.6,6.9,5.1,5.1,15.7,0.092,2007
80,Jason Collins,NJN,28,80,40,40,23.0,100.8,2.8,12.9,18.6,0.5,16.5,0.5,30.6,7.2,5.5,4.7,15.4,0.091,2007
81,Ricky Davis,MIN,27,81,32,49,37.3,105.8,3.2,8.8,13.5,1.0,21.2,0.3,9.3,13.2,10.8,9.0,31.4,0.091,2007
82,Metta World Peace,SAC,27,70,28,42,37.7,105.8,5.0,14.3,22.0,2.1,32.9,0.6,24.7,11.2,9.3,8.8,31.4,0.091,2007
83,Brevin Knight,CHA,31,45,17,28,28.3,103.5,2.2,8.5,14.0,1.5,29.8,0.1,2.7,9.4,7.7,7.2,23.3,0.091,2007
84,Steve Nash,PHX,33,76,59,17,35.3,105.4,3.1,8.5,13.4,0.8,15.2,0.1,2.1,12.2,12.0,8.4,31.9,0.091,2007
85,Rasual Butler,NOK,28,81,39,42,27.4,103.0,2.6,9.9,15.0,0.5,14.3,0.7,25.5,8.8,7.6,6.3,20.6,0.09,2007
86,Sam Cassell,LAC,37,58,31,27,24.3,101.8,2.4,10.1,15.1,0.5,14.5,0.1,4.8,7.9,5.6,4.8,19.4,0.09,2007
87,Donyell Marshall,CLE,34,81,49,32,16.8,97.0,2.9,17.7,27.1,0.5,16.9,0.5,33.3,5.7,4.3,4.0,13.2,0.09,2007
88,Bobby Jackson,NOK,34,56,30,26,23.7,101.7,2.4,10.3,16.0,0.9,24.2,0.1,5.0,8.0,6.7,5.6,17.9,0.089,2007
89,Tyson Chandler,NOK,24,73,34,39,34.6,105.4,8.0,24.4,36.3,0.5,11.1,1.8,58.6,11.4,9.2,9.1,27.6,0.089,2007
90,Derek Fisher,UTA,32,82,51,31,27.9,103.5,1.5,5.7,8.4,1.0,23.2,0.1,3.3,10.1,6.5,6.8,21.6,0.088,2007
91,Samuel Dalembert,PHI,27,82,35,47,30.9,104.4,6.0,20.8,32.9,0.6,13.2,1.9,60.0,10.5,8.9,7.5,25.5,0.088,2007
92,Daniel Gibson,CLE,21,60,33,27,16.5,96.6,1.1,6.9,10.1,0.4,16.5,0.1,11.4,5.1,3.7,3.1,12.7,0.088,2007
93,Tyrus Thomas,CHI,20,72,44,28,13.4,93.3,2.5,17.9,27.8,0.6,27.2,1.1,58.5,5.2,3.1,2.9,9.3,0.087,2007
94,Joe Johnson,ATL,26,57,21,36,41.4,106.8,3.3,8.4,13.5,1.1,16.4,0.2,4.3,14.8,12.3,10.9,36.8,0.087,2007
95,Juwan Howard,HOU,34,80,52,28,26.5,102.9,4.2,16.2,24.2,0.4,9.9,0.1,5.1,8.2,6.6,5.3,18.7,0.087,2007
96,Zaza Pachulia,ATL,23,72,26,46,28.1,103.6,4.2,16.3,25.8,1.1,24.1,0.5,16.8,10.5,7.1,7.8,24.2,0.087,2007
97,Andre Miller,PHI,31,80,43,37,37.1,106.2,3.2,8.8,14.1,1.4,24.9,0.1,3.4,12.9,11.3,9.6,31.9,0.087,2007
98,Joe Smith,PHI,31,65,36,29,23.1,101.7,4.3,19.4,29.9,0.6,17.8,0.4,21.6,8.6,6.3,6.0,19.4,0.087,2007
99,Mike Dunleavy,IND,26,82,34,48,31.5,105.1,4.2,13.6,21.1,1.0,21.3,0.3,8.1,11.2,9.4,8.0,26.3,0.087,2007
100,Eddie Jones,MIA,35,64,30,34,24.9,102.6,2.5,10.5,16.2,1.1,25.2,0.2,7.0,8.3,7.0,6.0,19.1,0.086,2007
101,Kobe Bryant,LAL,28,77,39,38,40.8,106.9,4.7,11.8,18.2,1.4,23.1,0.5,10.8,14.9,11.6,10.3,36.7,0.086,2007
102,Chris Webber,DET,34,61,35,26,29.8,104.4,5.1,19.6,30.5,1.0,20.8,0.7,21.0,8.1,7.6,7.1,24.3,0.086,2007
103,Monta Ellis,GSW,21,77,39,38,34.3,105.6,2.4,6.8,11.1,1.7,25.9,0.3,6.7,12.5,11.6,9.4,31.8,0.085,2007
104,DeSagana Diop,DAL,25,81,66,15,18.3,98.8,3.4,19.3,29.0,0.5,19.0,1.4,68.1,6.0,4.5,4.8,12.5,0.085,2007
105,Marcus Camby,DEN,33,70,39,31,33.8,105.6,9.3,26.5,42.4,1.2,20.7,3.3,74.3,12.6,10.8,9.4,31.3,0.085,2007
106,Andris Biedrins,GSW,21,82,42,40,29.1,104.2,6.2,21.5,34.3,0.8,14.5,1.7,47.6,10.7,9.0,7.6,25.2,0.085,2007
107,Rasho Nesterovic,TOR,31,80,46,34,21.0,100.3,3.1,15.2,22.5,0.5,15.5,1.1,55.3,6.4,5.2,5.0,16.0,0.085,2007
108,Michael Finley,SAS,34,82,58,24,22.2,101.5,2.3,10.7,16.1,0.4,12.5,0.2,8.8,6.9,5.7,5.0,18.1,0.084,2007
109,Gerald Wallace,CHA,24,72,29,43,36.7,106.3,5.2,15.6,24.8,2.0,31.6,1.0,26.6,12.3,9.6,10.1,32.6,0.084,2007
110,Brent Barry,SAS,35,75,53,22,21.7,101.4,1.9,9.1,13.7,0.7,24.1,0.2,6.7,7.1,5.7,5.2,18.6,0.084,2007
111,Brad Miller,SAC,31,63,26,37,28.3,104.1,5.1,18.7,28.3,0.6,13.0,0.6,30.7,7.9,7.1,6.6,23.9,0.084,2007
112,Deron Williams,UTA,23,80,51,29,36.9,106.4,2.8,8.2,12.2,1.0,19.0,0.2,4.7,13.7,8.9,9.9,30.2,0.084,2007
113,Jannero Pargo,NOK,27,82,39,43,20.9,100.7,2.0,9.6,14.4,0.6,23.7,0.0,2.5,7.1,5.5,4.4,14.8,0.083,2007
114,Desmond Mason,NOK,29,75,35,40,34.3,105.9,2.9,9.0,13.6,0.7,15.3,0.3,10.0,12.2,9.5,9.1,27.4,0.083,2007
115,Carlos Delfino,DET,24,82,53,29,16.7,98.2,2.4,14.9,23.6,0.6,21.1,0.1,4.9,5.3,4.4,4.2,11.6,0.083,2007
116,Amar'e Stoudemire,PHX,24,82,61,21,32.8,105.6,6.9,20.4,32.0,1.0,21.3,1.3,38.7,11.1,10.8,7.6,29.2,0.082,2007
117,Darko Milicic,ORL,22,80,38,42,23.9,102.7,3.7,16.1,25.3,0.6,16.9,1.8,58.8,9.2,6.5,6.3,17.5,0.082,2007
118,Flip Murray,DET,27,69,43,26,21.4,101.6,1.3,6.1,9.7,0.7,21.9,0.2,7.1,6.3,5.8,4.9,15.5,0.081,2007
119,Devin Brown,NOK,28,58,29,29,28.7,104.6,3.4,12.3,18.2,0.8,22.4,0.2,5.6,8.5,7.3,7.2,22.9,0.081,2007
120,Boris Diaw,PHX,25,73,55,18,31.1,105.3,3.1,9.9,15.6,0.4,9.4,0.5,18.2,10.9,9.7,6.8,26.7,0.081,2007
121,David Lee,NYK,24,58,26,32,29.8,105.1,7.0,23.8,36.4,0.8,19.0,0.4,18.5,11.5,8.3,6.4,24.3,0.081,2007
122,Thabo Sefolosha,CHI,23,71,42,29,12.2,93.2,1.7,13.8,20.6,0.5,19.1,0.2,13.3,4.4,2.3,2.6,7.8,0.08,2007
123,Carlos Boozer,UTA,25,74,45,29,34.6,106.3,8.5,25.8,38.3,0.9,20.6,0.3,9.3,12.5,8.3,9.2,28.9,0.08,2007
124,Chris Kaman,LAC,25,75,38,37,29.0,104.6,5.7,21.1,32.0,0.5,13.1,1.5,45.7,10.3,7.1,5.9,24.5,0.08,2007
125,Kyle Korver,PHI,26,74,30,44,30.9,105.5,3.1,10.5,17.0,0.8,17.0,0.3,9.3,11.9,9.2,7.5,25.8,0.079,2007
126,Mike Bibby,SAC,29,82,33,49,33.9,106.2,2.7,8.4,13.0,1.1,18.0,0.1,3.5,10.4,9.2,8.9,30.5,0.079,2007
127,Carmelo Anthony,DEN,23,65,37,28,38.2,107.0,3.8,9.9,16.0,1.2,17.6,0.4,7.7,14.5,12.1,11.3,36.0,0.079,2007
128,Carlos Arroyo,ORL,27,72,36,36,18.1,99.6,1.4,8.4,13.4,0.5,19.3,0.0,1.4,6.9,4.9,4.8,13.6,0.079,2007
129,Josh Smith,ATL,21,72,28,44,36.8,106.8,6.3,18.3,29.0,1.4,24.5,2.9,59.0,13.4,10.6,10.0,32.4,0.079,2007
130,Al Jefferson,BOS,22,69,20,49,33.6,106.0,7.5,23.9,35.9,0.7,15.1,1.5,46.1,12.9,7.9,8.8,28.7,0.079,2007
131,Paul Pierce,BOS,29,47,20,27,37.0,106.9,5.1,14.3,21.4,1.0,20.0,0.3,7.5,13.2,9.5,8.8,32.9,0.079,2007
132,Fabricio Oberto,SAS,32,79,57,22,17.3,99.3,3.0,18.4,27.3,0.3,13.3,0.3,18.9,5.6,4.6,4.1,13.6,0.078,2007
133,Antoine Walker,MIA,30,78,42,36,23.3,102.9,3.2,14.1,21.7,0.6,18.5,0.2,8.3,8.1,6.1,6.0,16.5,0.078,2007
134,Kendrick Perkins,BOS,22,72,19,53,21.9,102.3,3.6,17.3,26.3,0.3,9.8,1.3,51.9,8.0,5.4,5.6,18.3,0.077,2007
135,Bostjan Nachbar,NJN,26,76,39,37,20.2,101.7,3.0,14.9,23.1,0.4,16.3,0.3,20.8,7.8,5.0,5.1,15.1,0.076,2007
136,Jason Kapono,MIA,26,67,34,33,26.4,104.5,2.3,8.7,13.6,0.6,15.4,0.0,1.0,9.2,7.7,7.2,20.7,0.076,2007
137,Renaldo Balkman,NYK,22,68,28,40,15.6,98.5,2.9,18.9,28.4,0.8,29.2,0.6,45.4,6.1,4.9,2.9,10.6,0.076,2007
138,Adam Morrison,CHA,22,78,30,48,29.8,105.6,2.3,8.1,12.7,0.4,8.3,0.1,2.6,10.8,7.8,8.3,25.3,0.076,2007
139,Marvin Williams,ATL,21,64,21,43,34.0,106.5,4.0,12.8,20.1,0.8,15.2,0.5,12.1,12.8,9.4,9.3,30.4,0.076,2007
140,Gordan Giricek,UTA,30,61,36,25,19.5,100.9,1.7,9.7,14.6,0.5,16.1,0.1,5.5,7.0,4.1,4.2,14.3,0.076,2007
141,Jeff Foster,IND,30,75,32,43,23.2,103.1,4.7,22.2,32.8,0.8,22.1,0.5,20.1,8.5,5.4,6.4,18.5,0.075,2007
142,Corliss Williamson,SAC,33,68,31,37,19.7,101.2,2.3,11.7,19.1,0.4,14.6,0.2,16.5,6.5,5.0,4.2,14.6,0.075,2007
143,Jason Maxiell,DET,24,67,44,23,14.1,97.2,1.5,10.3,16.6,0.4,22.2,0.9,42.9,4.8,4.4,3.1,10.1,0.074,2007
144,Matt Harpring,UTA,31,77,49,28,25.5,104.3,3.1,13.1,19.8,0.7,18.6,0.1,8.2,9.1,5.5,6.5,17.9,0.074,2007
145,Mikki Moore,NJN,31,79,39,40,26.3,104.6,3.3,13.1,20.2,0.6,17.0,0.8,47.6,9.2,7.1,5.8,19.1,0.073,2007
146,James Jones,PHX,26,76,58,18,18.1,100.6,1.9,10.0,16.5,0.4,14.1,0.6,29.8,5.6,5.7,3.4,15.4,0.073,2007
147,David West,NOK,26,52,28,24,36.5,107.2,5.7,16.9,24.9,0.8,18.3,0.7,22.0,11.3,9.4,9.0,30.0,0.073,2007
148,Kurt Thomas,PHX,34,67,51,16,18.0,100.5,4.4,23.9,36.9,0.4,14.5,0.4,30.5,5.7,4.9,3.4,14.5,0.073,2007
149,Yakhouba Diawara,DEN,24,64,33,31,18.4,101.1,1.3,6.6,10.6,0.5,15.2,0.1,5.3,6.9,5.2,5.9,16.2,0.073,2007
150,Andrea Bargnani,TOR,21,65,35,30,25.1,104.4,3.1,13.0,20.3,0.5,14.0,0.8,37.6,8.2,7.2,6.3,21.4,0.073,2007
151,Luke Walton,LAL,27,60,35,25,33.0,106.8,3.6,11.0,17.2,1.0,19.7,0.4,9.6,12.7,10.3,9.1,31.3,0.072,2007
152,Jacque Vaughn,SAS,32,64,48,16,11.9,94.4,0.9,7.6,11.6,0.4,21.4,0.0,2.9,3.8,3.2,2.8,8.7,0.071,2007
153,Austin Croshere,DAL,32,61,49,12,11.9,95.4,2.5,20.8,30.7,0.2,12.4,0.1,8.1,4.3,3.1,3.9,8.5,0.071,2007
154,Alonzo Mourning,MIA,37,77,43,34,20.4,102.7,2.9,13.7,21.6,0.2,6.1,2.3,70.6,7.5,6.1,5.8,15.9,0.071,2007
155,Andrei Kirilenko,UTA,26,70,44,26,29.3,106.0,3.4,12.3,18.4,1.1,26.3,2.1,65.5,10.7,7.5,6.9,23.9,0.07,2007
156,Delonte West,BOS,23,69,23,46,32.2,106.7,2.6,8.5,13.0,1.1,23.6,0.5,15.0,12.7,7.8,9.1,27.9,0.07,2007
157,Damon Jones,CLE,30,60,37,23,19.5,102.5,1.0,5.1,7.9,0.3,9.8,0.0,1.8,6.7,5.4,5.3,16.0,0.069,2007
158,Derek Anderson,CHA,32,50,20,30,23.8,104.2,1.7,7.6,12.2,1.0,25.0,0.1,6.7,7.1,6.3,5.3,20.4,0.069,2007
159,Keyon Dooling,ORL,27,66,33,33,21.7,103.5,1.0,4.8,7.8,0.8,23.7,0.2,9.2,8.2,5.7,6.0,16.2,0.069,2007
160,Nate Robinson,NYK,23,64,23,41,21.2,103.4,1.5,7.5,11.5,0.8,24.3,0.1,6.8,8.0,5.8,3.6,15.7,0.069,2007
161,Steve Francis,NYK,30,44,15,29,28.1,105.9,2.8,10.7,15.9,0.9,24.8,0.3,15.4,10.7,6.4,6.4,19.9,0.068,2007
162,Linas Kleiza,DEN,22,79,42,37,18.8,102.1,2.4,12.6,19.3,0.4,11.4,0.2,10.9,7.6,4.5,6.3,16.7,0.068,2007
163,Greg Buckner,DAL,30,76,61,15,18.0,101.9,1.6,9.4,14.1,0.6,23.4,0.1,5.4,6.0,4.4,5.0,13.6,0.068,2007
164,Marcus Williams,NJN,21,79,40,39,16.6,100.9,1.7,10.2,16.1,0.4,18.6,0.0,2.3,5.8,4.6,3.9,12.7,0.068,2007
165,Chris Paul,NOK,22,64,31,33,36.8,107.8,3.5,10.4,15.6,1.8,37.1,0.0,1.8,11.6,9.8,9.3,30.3,0.067,2007
166,Rashard Lewis,SEA,27,60,23,37,39.1,108.2,5.1,14.0,22.1,1.1,17.9,0.7,22.0,13.9,11.7,9.9,34.8,0.067,2007
167,Paul Millsap,UTA,22,82,51,31,18.0,101.7,2.9,18.2,27.3,0.8,28.3,0.9,58.3,6.6,3.9,4.4,13.0,0.066,2007
168,Keith Bogans,ORL,27,59,29,30,16.8,101.1,1.3,8.4,12.8,0.5,20.1,0.0,2.2,5.8,3.9,5.1,11.1,0.066,2007
169,Reggie Evans,DEN,27,66,37,29,17.1,101.1,4.6,26.1,40.8,0.6,22.8,0.2,16.5,6.6,4.7,5.9,15.9,0.066,2007
170,Daniel Ewing,LAC,24,61,30,31,11.7,95.6,1.0,9.1,14.6,0.5,28.1,0.1,4.8,3.5,3.1,1.7,8.9,0.066,2007
171,Gilbert Arenas,WAS,25,74,39,35,39.8,108.5,3.7,9.8,15.4,1.9,27.6,0.2,5.0,12.9,11.7,11.2,35.1,0.065,2007
172,Jamal Crawford,NYK,27,59,26,33,37.3,108.1,2.5,6.8,10.5,1.0,19.7,0.1,5.4,14.5,10.8,7.6,31.6,0.065,2007
173,Quinton Ross,LAC,26,81,40,41,21.0,104.0,1.6,7.8,12.0,0.9,28.1,0.4,13.6,7.1,5.2,4.6,18.0,0.064,2007
174,Kevin Martin,SAC,24,80,32,48,35.2,107.9,3.4,10.4,16.4,1.2,20.3,0.1,6.2,11.4,9.4,9.4,33.2,0.064,2007
175,Walter Herrmann,CHA,28,48,19,29,19.5,103.2,2.3,12.6,21.0,0.4,11.4,0.1,9.6,6.5,5.3,6.0,16.9,0.064,2007
176,Channing Frye,NYK,24,72,29,43,26.3,105.9,4.2,17.0,25.6,0.5,14.4,0.6,36.2,9.9,7.2,5.6,20.1,0.064,2007
177,Dale Davis,DET,38,46,32,14,10.1,94.0,1.7,16.4,24.8,0.2,15.2,0.7,52.3,2.6,2.3,2.5,7.2,0.063,2007
178,JR Smith,DEN,21,63,38,25,23.4,105.0,1.8,7.5,12.0,0.8,19.4,0.1,6.3,8.8,7.6,6.5,22.4,0.063,2007
179,Lou Williams,PHI,20,61,23,38,11.3,96.4,0.9,8.1,12.3,0.4,21.6,0.0,1.7,3.9,2.6,2.5,9.0,0.063,2007
180,Allan Ray,BOS,23,47,9,38,15.1,100.5,1.1,8.3,13.0,0.4,16.1,0.1,6.0,5.4,3.3,3.7,13.3,0.063,2007
181,Francisco Garcia,SAC,25,79,33,46,17.8,102.6,1.9,10.7,17.6,0.6,18.5,0.5,37.4,6.2,4.9,5.0,14.3,0.063,2007
182,Steven Hunter,PHI,25,70,32,38,22.9,104.9,3.2,14.0,23.3,0.2,5.8,1.1,45.5,8.6,7.3,5.4,20.0,0.062,2007
183,Joey Graham,TOR,25,79,47,32,16.7,102.0,2.4,15.3,22.8,0.4,15.8,0.1,4.3,5.2,3.8,4.3,13.1,0.062,2007
184,Eduardo Najera,DEN,30,75,40,35,22.1,104.7,2.4,10.8,17.4,1.0,25.6,0.3,16.3,8.8,6.7,6.7,21.0,0.062,2007
185,Gerald Green,BOS,21,81,24,57,22.0,104.7,1.7,8.8,14.0,0.5,14.5,0.3,14.0,8.5,5.3,6.0,18.0,0.062,2007
186,Shaun Livingston,LAC,21,54,25,29,29.8,107.1,2.4,8.2,12.8,1.1,25.3,0.5,14.6,11.2,8.0,5.7,26.1,0.062,2007
187,Eddy Curry,NYK,24,81,32,49,35.2,108.0,4.6,14.1,21.1,0.4,9.7,0.5,25.2,13.2,9.2,7.7,28.9,0.062,2007
188,Ike Diogu,IND,23,59,22,37,12.9,98.7,2.2,16.5,26.3,0.1,7.5,0.4,32.1,5.5,3.5,3.4,10.4,0.062,2007
189,Marko Jaric,MIN,28,70,26,44,22.2,104.8,1.9,8.9,13.9,1.1,30.2,0.2,13.9,8.8,6.2,5.7,19.3,0.061,2007
190,Trenton Hassell,MIN,28,76,28,48,29.2,106.9,2.1,7.3,11.3,0.3,8.6,0.3,13.1,10.3,8.4,7.2,24.9,0.061,2007
191,Sebastian Telfair,BOS,22,78,21,57,20.2,104.1,1.2,6.1,9.7,0.6,18.9,0.1,7.7,7.6,5.5,4.5,17.3,0.061,2007
192,Linton Johnson,NOK,27,54,27,27,13.3,99.3,2.1,16.0,25.2,0.6,28.2,0.3,26.9,4.8,3.7,3.3,9.2,0.061,2007
193,Jarron Collins,UTA,28,82,51,31,11.1,96.1,1.2,12.6,18.4,0.2,9.0,0.1,11.6,3.8,2.0,2.6,7.2,0.061,2007
194,Nick Collison,SEA,26,82,31,51,29.0,106.9,5.3,19.4,30.4,0.6,13.3,0.8,37.7,10.2,8.2,7.7,25.5,0.061,2007
195,Andrew Bogut,MIL,22,66,25,41,34.2,108.0,6.3,20.0,31.8,0.7,14.6,0.5,31.0,12.2,9.5,8.6,30.4,0.061,2007
196,Leon Powe,BOS,23,63,19,44,11.4,96.8,1.9,18.7,30.0,0.2,11.2,0.3,34.9,4.2,2.9,2.8,9.6,0.061,2007
197,Michael Redd,MIL,27,53,22,31,38.4,108.6,2.9,8.2,13.3,1.2,20.5,0.2,8.0,13.6,10.6,10.2,34.0,0.061,2007
198,Mark Blount,MIN,31,82,32,50,31.0,107.4,4.5,14.8,23.2,0.5,14.0,0.7,27.4,11.0,8.9,8.0,26.9,0.061,2007
199,Matt Barnes,GSW,27,76,40,36,23.9,105.7,3.4,13.7,22.6,1.0,21.5,0.5,18.1,9.4,7.8,7.2,21.9,0.06,2007
200,Juan Dixon,TOR,28,81,40,41,23.8,105.4,1.6,7.4,11.6,0.9,24.5,0.1,4.6,8.4,6.1,6.3,19.4,0.06,2007
201,Antoine Wright,NJN,23,63,33,30,18.1,103.2,2.2,12.3,19.1,0.5,21.4,0.2,15.2,6.5,5.0,4.0,14.2,0.06,2007
202,Quentin Richardson,NYK,27,49,21,28,33.1,107.9,5.9,18.2,28.0,0.7,18.4,0.1,8.0,12.2,9.6,7.1,27.8,0.059,2007
203,Darrell Armstrong,IND,39,81,34,47,15.7,101.9,1.2,8.5,13.3,0.9,35.2,0.1,4.2,6.5,4.0,4.5,12.8,0.059,2007
204,Caron Butler,WAS,27,63,37,26,39.3,108.9,5.1,13.6,21.8,2.1,30.1,0.3,7.5,13.8,12.0,11.0,34.8,0.059,2007
205,Jose Calderon,TOR,25,77,45,32,21.0,104.7,1.5,7.6,11.5,0.8,26.4,0.1,3.7,6.5,5.3,5.7,17.8,0.059,2007
206,Steve Blake,DEN,27,82,43,39,27.1,106.6,1.8,6.8,10.9,0.7,17.2,0.1,3.4,9.7,8.2,7.2,24.1,0.059,2007
207,Stephon Marbury,NYK,30,74,31,43,37.1,108.6,2.4,6.8,10.4,1.0,19.8,0.1,5.9,13.5,10.1,8.0,30.3,0.059,2007
208,Ray Allen,SEA,31,55,22,33,40.3,109.0,3.5,9.3,14.5,1.5,22.5,0.2,7.1,14.3,12.5,10.7,38.3,0.059,2007
209,Randy Foye,MIN,23,82,32,50,22.9,105.5,2.1,9.5,15.0,0.6,20.7,0.3,16.7,8.2,6.5,5.3,18.7,0.058,2007
210,Adrian Griffin,CHI,32,54,32,22,10.8,96.1,1.3,12.2,19.2,0.6,28.6,0.1,6.3,5.2,2.8,2.4,7.2,0.058,2007
211,John Salmons,SAC,27,79,32,47,27.0,106.7,2.7,10.4,17.0,0.9,21.2,0.3,18.8,9.0,7.9,7.1,22.9,0.058,2007
212,Marquis Daniels,IND,26,45,23,22,17.8,103.2,1.2,7.3,11.9,0.6,20.9,0.2,7.0,7.4,5.3,4.6,15.2,0.058,2007
213,Joel Przybilla,POR,27,43,19,24,16.3,101.8,2.5,17.2,25.1,0.2,11.5,1.6,81.7,6.8,3.9,5.0,13.4,0.058,2007
214,Brian Scalabrine,BOS,29,54,19,35,19.0,104.0,1.5,8.4,13.0,0.4,15.0,0.3,21.4,6.7,4.7,4.0,16.1,0.058,2007
215,Hilton Armstrong,NOK,22,56,28,28,11.3,97.4,1.6,14.4,22.4,0.2,13.6,0.5,38.2,4.4,2.7,2.4,7.6,0.057,2007
216,Brendan Haywood,WAS,27,77,39,38,22.6,105.5,3.7,16.7,26.1,0.4,11.4,1.1,55.3,7.3,6.8,6.4,18.5,0.057,2007
217,Ime Udoka,POR,29,75,31,44,28.6,107.4,2.5,9.8,14.7,0.9,23.1,0.2,8.4,11.2,7.0,8.1,24.9,0.056,2007
218,Mickael Pietrus,GSW,25,72,37,35,26.9,107.1,3.4,12.6,20.4,0.7,15.0,0.8,22.7,10.4,9.0,7.5,25.4,0.055,2007
219,Dorell Wright,MIA,21,66,32,34,19.6,104.7,3.5,18.3,29.3,0.6,23.2,0.7,26.7,7.3,5.1,5.6,14.6,0.055,2007
220,Willie Green,PHI,25,74,31,43,24.9,106.6,1.6,6.7,10.8,0.8,20.7,0.1,2.3,8.7,7.6,6.3,21.8,0.055,2007
221,Matt Carroll,CHA,26,72,28,44,26.1,106.9,2.4,9.9,15.6,0.7,18.5,0.1,5.7,8.6,6.8,7.0,22.7,0.054,2007
222,Craig Smith,MIN,23,82,32,50,18.7,104.3,3.2,18.4,29.1,0.6,22.3,0.2,17.0,7.0,5.4,4.4,14.9,0.054,2007
223,Mo Williams,MIL,24,68,24,44,36.3,108.9,4.0,11.9,19.2,1.3,23.2,0.1,4.7,13.3,10.6,9.9,32.4,0.054,2007
224,Troy Murphy,IND,27,68,24,44,27.2,107.4,4.6,17.5,28.3,0.7,16.2,0.6,21.3,9.6,8.7,7.1,23.3,0.054,2007
225,LaMarcus Aldridge,POR,21,63,24,39,22.1,106.0,2.7,13.8,20.9,0.3,10.8,1.2,54.1,7.4,5.5,5.8,17.7,0.054,2007
226,Zach Randolph,POR,25,68,25,43,35.7,108.8,7.2,23.0,35.0,0.8,15.7,0.2,6.9,14.0,9.0,10.3,31.0,0.054,2007
227,Gary Payton,MIA,38,68,35,33,22.1,105.9,1.7,7.8,11.9,0.6,22.2,0.0,1.8,7.7,5.8,6.4,16.6,0.053,2007
228,Andrew Bynum,LAL,19,82,42,40,21.9,105.8,4.2,19.1,29.0,0.1,4.9,1.6,64.3,8.4,6.2,5.6,19.7,0.053,2007
229,Mehmet Okur,UTA,28,80,49,31,33.3,108.6,5.2,16.9,25.4,0.5,9.8,0.5,16.1,12.2,8.1,8.8,28.4,0.053,2007
230,Morris Peterson,TOR,29,71,40,31,21.3,105.9,2.9,14.3,21.9,0.6,19.6,0.2,9.9,6.7,6.1,5.7,18.4,0.052,2007
231,Earl Boykins,MIL,31,66,21,45,30.8,108.4,1.4,4.4,7.4,0.8,17.3,0.0,1.3,12.2,9.8,9.5,30.8,0.052,2007
232,Lindsey Hunter,DET,36,52,36,16,14.3,102.4,0.7,5.4,8.5,0.7,28.1,0.1,9.1,4.8,3.8,3.8,10.8,0.052,2007
233,Travis Outlaw,POR,22,67,25,42,22.9,106.6,2.3,10.6,17.3,0.9,26.6,1.1,45.1,8.6,6.6,6.5,19.5,0.052,2007
234,Maurice Evans,LAL,28,76,39,37,22.8,106.3,1.7,7.7,12.4,0.5,15.5,0.2,7.4,8.2,6.8,5.2,20.1,0.051,2007
235,Malik Allen,CHI,29,60,35,25,10.6,98.0,1.3,12.2,19.5,0.3,14.0,0.3,24.6,4.0,2.9,2.0,7.0,0.051,2007
236,Jordan Farmar,LAL,20,72,37,35,15.1,102.6,1.3,9.2,14.9,0.6,28.4,0.1,5.4,5.7,4.4,3.6,12.9,0.051,2007
237,Earl Watson,SEA,28,77,31,46,27.9,107.8,2.0,7.4,12.1,1.3,28.0,0.3,14.4,10.5,8.4,7.7,24.6,0.051,2007
238,Michael Sweetney,CHI,24,48,29,19,8.0,93.6,1.6,18.7,27.7,0.2,14.3,0.2,33.3,3.2,1.9,1.5,5.1,0.051,2007
239,Mike James,MIN,32,82,32,50,25.2,107.2,1.7,6.9,10.6,0.7,21.9,0.1,3.9,9.2,7.2,6.5,21.5,0.051,2007
240,Sarunas Jasikevicius,GSW,31,63,30,33,15.4,102.8,0.9,5.6,9.1,0.4,16.4,0.0,0.8,7.2,4.6,4.3,13.5,0.051,2007
241,Jarrett Jack,POR,23,79,30,49,33.6,108.8,2.4,8.1,12.4,1.1,24.3,0.1,3.6,13.7,8.9,10.2,29.1,0.051,2007
242,Beno Udrih,SAS,24,73,53,20,13.0,101.4,1.0,7.8,11.6,0.4,21.4,0.0,1.2,4.2,3.6,3.3,10.6,0.05,2007
243,Luke Ridnour,SEA,26,71,29,42,29.5,108.3,1.9,6.9,11.1,1.2,24.9,0.3,11.6,10.3,9.6,7.1,27.5,0.05,2007
244,Josh Boone,NJN,22,61,33,28,11.0,99.4,1.8,16.2,26.0,0.2,12.1,0.3,36.2,3.8,3.3,2.2,8.0,0.05,2007
245,JJ Redick,ORL,23,42,19,23,14.8,103.1,1.0,7.0,11.0,0.3,13.8,0.0,0.0,5.6,4.0,3.1,10.9,0.05,2007
246,Anthony Johnson,ATL,32,67,40,27,19.4,105.7,1.2,6.5,9.9,0.5,18.6,0.0,2.1,7.2,5.2,6.4,17.1,0.049,2007
247,Rodney Carney,PHI,23,67,24,43,17.4,104.9,1.3,8.0,12.9,0.6,21.7,0.3,20.0,6.6,5.2,5.2,16.4,0.049,2007
248,Chris Quinn,MIA,23,42,18,24,9.7,97.8,0.6,6.2,10.2,0.4,22.1,0.0,0.0,3.4,2.5,2.2,6.1,0.047,2007
249,Bobby Jones,PHI,23,44,15,29,7.6,94.7,0.8,11.0,16.9,0.3,18.0,0.0,4.0,2.4,2.0,1.5,5.1,0.047,2007
250,Martell Webster,POR,20,82,32,50,21.5,106.7,2.4,12.3,19.5,0.4,14.6,0.2,10.7,7.5,5.8,6.2,18.2,0.047,2007
251,Salim Stoudamire,ATL,24,61,22,39,17.0,105.1,1.1,6.8,11.4,0.3,14.2,0.0,1.7,7.0,5.1,5.2,15.7,0.047,2007
252,Kevin Ollie,PHI,34,53,19,34,17.3,105.0,1.2,7.8,12.8,0.4,14.1,0.0,1.1,6.7,5.4,3.8,15.2,0.047,2007
253,Shareef Abdur-Rahim,SAC,30,80,31,49,25.2,107.8,3.5,14.8,23.1,0.7,15.4,0.5,32.0,8.3,6.3,7.4,22.4,0.046,2007
254,Mardy Collins,NYK,22,52,19,33,14.9,103.9,1.5,10.5,15.7,0.6,26.7,0.1,6.8,5.5,3.5,3.1,10.5,0.046,2007
255,Brandon Roy,POR,22,57,23,34,35.3,109.5,3.4,10.7,16.4,1.2,25.2,0.2,5.3,13.4,9.6,10.6,30.2,0.046,2007
256,Smush Parker,LAL,26,82,42,40,30.0,108.9,2.0,6.8,10.3,1.5,31.5,0.1,4.1,11.7,8.9,7.6,28.4,0.045,2007
257,Chris Wilcox,SEA,24,82,31,51,31.5,109.1,5.5,18.9,29.5,0.9,16.4,0.5,20.3,11.3,9.8,8.3,29.0,0.045,2007
258,Rudy Gay,MEM,20,78,20,58,27.0,108.4,3.3,12.7,19.9,0.9,23.0,0.9,32.6,11.5,7.5,8.6,25.3,0.045,2007
259,Keith McLeod,IND,27,48,17,31,15.0,104.5,0.8,5.6,8.8,0.5,22.9,0.1,6.8,6.0,4.0,3.7,13.9,0.045,2007
260,Ruben Patterson,MIL,31,81,27,54,31.0,109.0,3.1,10.4,17.4,1.4,28.6,0.3,18.5,11.0,9.3,8.0,28.1,0.045,2007
261,Fred Jones,POR,28,63,25,38,20.9,107.1,1.5,7.4,11.6,0.8,26.8,0.3,16.7,7.1,5.8,5.3,19.5,0.045,2007
262,Shelden Williams,ATL,23,81,30,51,18.7,106.0,3.8,21.3,34.2,0.6,22.5,0.5,26.4,7.6,5.4,5.0,16.8,0.045,2007
263,Charlie Bell,MIL,28,82,28,54,34.7,109.5,2.2,6.8,11.2,1.2,23.3,0.0,2.5,12.3,10.2,9.1,31.1,0.045,2007
264,Brian Cook,LAL,26,65,31,34,15.7,104.6,2.4,15.6,24.3,0.4,15.9,0.4,22.0,5.8,4.1,3.6,13.6,0.044,2007
265,Cedric Simmons,NOK,21,43,19,24,12.4,102.6,1.5,11.9,18.6,0.2,11.8,0.5,41.8,5.2,4.0,3.2,10.4,0.044,2007
266,Mickael Gelabale,SEA,24,70,26,44,17.7,105.8,1.6,9.6,15.4,0.3,12.7,0.3,21.0,6.5,5.5,4.7,15.5,0.044,2007
267,Lorenzen Wright,ATL,31,67,23,44,15.5,104.6,2.0,14.0,22.5,0.4,16.0,0.4,26.2,5.4,4.9,3.7,13.1,0.043,2007
268,Ryan Gomes,BOS,24,73,19,54,31.2,109.3,3.9,13.6,20.8,0.7,16.1,0.2,6.1,12.6,7.4,9.1,27.5,0.042,2007
269,Antawn Jamison,WAS,31,70,37,33,38.0,110.1,6.1,17.0,26.9,1.1,19.0,0.5,15.1,12.3,11.2,10.5,34.2,0.042,2007
270,Ronnie Brewer,UTA,22,56,36,20,12.1,102.9,0.7,6.4,9.6,0.7,31.9,0.1,11.3,4.5,2.6,3.6,11.3,0.042,2007
271,Matt Bonner,SAS,27,56,46,10,11.7,102.2,1.6,15.1,22.4,0.3,17.5,0.2,20.0,3.6,3.1,3.2,9.1,0.042,2007
272,Calvin Booth,WAS,31,44,22,22,8.6,98.6,1.2,15.1,24.2,0.1,5.8,0.7,61.7,2.9,2.3,2.0,6.5,0.042,2007
273,Marc Jackson,NOK,32,56,23,33,18.3,106.4,2.3,14.0,20.5,0.4,17.1,0.1,10.1,5.7,4.4,4.2,13.9,0.041,2007
274,Vladimir Radmanovic,LAL,26,55,31,24,17.9,106.4,2.3,13.3,21.3,0.5,15.5,0.3,19.8,7.4,5.2,5.0,16.6,0.041,2007
275,Michael Doleac,MIA,30,56,26,30,12.5,103.4,2.0,16.7,26.4,0.3,15.5,0.3,31.9,4.4,3.5,2.9,9.8,0.04,2007
276,Dan Dickau,POR,28,50,21,29,8.9,99.4,0.7,9.1,14.3,0.3,23.0,0.0,2.9,2.9,2.0,1.8,6.0,0.04,2007
277,Hassan Adams,NJN,23,61,31,30,8.1,98.6,0.7,8.2,13.0,0.3,21.5,0.1,12.1,3.0,2.5,1.8,6.0,0.04,2007
278,Johan Petro,SEA,21,81,31,50,18.6,106.9,3.0,17.5,28.5,0.5,15.7,0.6,40.2,7.5,5.8,5.3,17.1,0.039,2007
279,Ronny Turiaf,LAL,24,72,35,37,15.1,105.5,2.4,16.1,26.2,0.2,10.8,1.1,67.8,5.2,4.3,4.4,12.4,0.039,2007
280,Dee Brown,UTA,22,49,29,20,9.2,100.3,0.7,7.8,11.7,0.4,32.8,0.1,19.4,3.1,1.8,2.1,6.7,0.039,2007
281,Antonio Daniels,WAS,32,80,41,39,22.0,107.9,1.7,8.0,12.8,0.5,15.5,0.1,5.3,7.7,6.6,5.8,18.0,0.039,2007
282,Lawrence Roberts,MEM,24,54,14,40,17.9,106.8,3.0,18.0,27.6,0.7,27.3,0.2,14.0,7.3,5.0,5.2,16.8,0.038,2007
283,Brian Skinner,MIL,31,67,22,45,22.7,108.3,4.2,19.5,31.2,0.3,9.3,1.0,57.7,8.2,6.2,5.8,19.3,0.038,2007
284,Mike Miller,MEM,27,70,17,53,39.1,110.6,4.7,12.8,20.0,0.8,14.8,0.3,6.3,16.2,11.4,11.9,37.3,0.038,2007
285,Jamaal Magloire,POR,29,81,31,50,21.0,107.9,4.2,22.7,35.2,0.3,9.4,0.8,43.1,8.0,5.2,6.0,17.7,0.038,2007
286,Tyronn Lue,ATL,30,56,22,34,26.6,109.2,1.5,6.3,10.3,0.4,11.5,0.0,0.0,9.8,8.1,8.0,24.2,0.037,2007
287,Kenny Thomas,SAC,29,62,25,37,22.8,108.4,3.9,19.1,29.6,0.7,15.9,0.3,21.9,7.8,6.0,6.1,21.3,0.037,2007
288,James Singleton,LAC,25,53,27,26,7.1,97.6,1.3,19.4,27.9,0.3,24.6,0.3,37.0,2.2,1.8,1.0,5.0,0.037,2007
289,Nazr Mohammed,DET,29,51,34,17,15.2,105.9,2.7,18.2,29.0,0.5,28.7,0.8,40.8,4.6,4.9,4.2,13.5,0.037,2007
290,Jared Jeffries,NYK,25,55,21,34,23.8,108.7,2.3,10.7,16.0,0.8,25.0,0.5,34.1,9.5,6.0,4.5,17.9,0.037,2007
291,Maceo Baston,IND,31,47,22,25,8.6,100.8,1.1,14.6,23.3,0.3,16.0,0.4,43.9,4.1,2.0,2.2,6.6,0.036,2007
292,Mark Madsen,MIN,31,56,24,32,8.5,100.1,0.9,11.3,16.9,0.2,15.6,0.2,24.4,2.9,2.1,1.6,5.1,0.036,2007
293,Mike Wilks,SEA,28,47,14,33,11.4,103.5,0.8,7.8,12.7,0.3,20.5,0.1,9.8,3.5,3.0,2.7,8.9,0.035,2007
294,John Lucas III,HOU,24,47,28,19,8.2,99.6,0.6,7.7,11.5,0.4,28.8,0.0,0.0,2.6,1.4,1.9,5.3,0.035,2007
295,Clifford Robinson,NJN,40,50,27,23,19.1,107.9,1.8,9.8,15.7,0.2,12.5,0.5,30.7,6.9,5.4,5.2,14.4,0.035,2007
296,Damien Wilkins,SEA,27,82,31,51,24.8,109.2,1.7,7.6,12.3,1.1,28.2,0.2,10.1,9.8,7.6,6.5,22.7,0.035,2007
297,DeShawn Stevenson,WAS,26,82,41,41,29.5,110.0,2.0,7.0,11.1,0.8,16.0,0.2,8.3,9.8,9.1,8.0,27.2,0.034,2007
298,Jake Voskuhl,CHA,29,73,30,43,14.3,106.3,2.4,18.5,29.1,0.4,19.5,0.3,34.3,5.1,3.6,3.7,11.8,0.034,2007
299,Donell Taylor,WAS,24,47,21,26,7.8,100.1,0.8,10.9,17.6,0.4,32.7,0.1,7.1,2.2,2.3,2.4,6.0,0.033,2007
300,Royal Ivey,ATL,25,53,19,34,10.2,103.6,0.7,7.4,11.8,0.5,28.9,0.1,8.7,4.1,2.9,2.5,9.1,0.033,2007
301,Eddie House,NJN,29,56,27,29,16.9,107.7,1.4,8.8,14.0,0.5,22.9,0.1,4.8,5.6,4.5,4.2,13.4,0.032,2007
302,Primoz Brezec,CHA,27,58,22,36,14.5,106.7,1.8,14.0,21.2,0.2,8.3,0.4,33.3,4.8,3.3,3.6,12.3,0.032,2007
303,Ronnie Price,SAC,24,58,21,37,9.7,103.6,1.0,10.5,17.7,0.5,28.6,0.1,9.1,3.9,2.4,2.4,7.9,0.031,2007
304,Malik Rose,NYK,32,65,25,40,12.5,105.8,2.0,16.9,25.5,0.4,27.4,0.1,16.7,5.0,3.3,2.6,9.0,0.031,2007
305,Kris Humphries,TOR,22,60,35,25,11.2,105.3,1.8,17.2,28.1,0.2,12.1,0.4,48.8,3.3,3.4,2.8,9.6,0.03,2007
306,Sergio Rodriguez,POR,21,67,24,43,12.9,106.6,1.1,9.3,14.5,0.5,25.5,0.0,2.4,4.3,3.3,3.5,11.0,0.029,2007
307,Stromile Swift,MEM,27,54,15,39,19.1,108.9,3.1,17.0,25.9,0.6,18.5,1.1,53.4,7.5,5.5,5.9,15.4,0.029,2007
308,Dan Gadzuric,MIL,29,54,19,35,15.6,108.3,2.8,19.2,31.5,0.4,16.9,0.6,55.2,5.4,4.5,4.1,13.3,0.026,2007
309,Tarence Kinsey,MEM,23,48,13,35,20.1,109.8,1.4,7.5,11.9,1.1,35.3,0.0,1.1,8.1,6.1,6.2,18.8,0.025,2007
310,Dahntay Jones,MEM,26,78,21,57,21.4,110.0,1.4,7.0,11.1,0.5,17.2,0.3,13.4,7.9,6.2,5.8,18.9,0.025,2007
311,Andray Blatche,WAS,20,56,27,29,12.2,107.2,2.0,17.4,27.8,0.3,16.7,0.6,38.1,4.3,3.4,3.5,9.4,0.025,2007
312,Chucky Atkins,MEM,32,75,20,55,27.5,110.8,1.6,6.1,9.8,0.7,17.4,0.1,1.9,10.8,9.0,8.1,26.3,0.025,2007
313,Jarvis Hayes,WAS,25,81,40,41,20.1,109.8,2.1,10.9,17.6,0.6,20.0,0.2,8.9,6.5,6.4,5.2,16.9,0.024,2007
314,Damon Stoudamire,MEM,33,62,15,47,24.2,110.5,1.7,8.0,12.1,0.8,23.4,0.0,1.4,10.2,6.1,7.5,22.3,0.024,2007
315,Quincy Douby,SAC,23,42,16,26,8.6,105.0,0.6,6.8,11.9,0.4,26.8,0.1,9.8,3.1,3.0,2.7,7.5,0.024,2007
316,Sasha Vujacic,LAL,23,73,35,38,12.8,107.8,1.1,9.1,14.7,0.6,33.6,0.0,1.0,4.4,3.5,3.2,11.0,0.023,2007
317,Etan Thomas,WAS,29,65,29,36,19.2,109.7,3.7,20.9,32.4,0.3,12.6,1.4,69.0,6.8,5.3,5.3,17.0,0.023,2007
318,Hakim Warrick,MEM,24,82,22,60,26.2,110.9,3.5,14.5,23.2,0.5,14.7,0.4,15.8,11.1,7.9,7.6,24.9,0.023,2007
319,Ersan Ilyasova,MIL,20,66,23,43,14.7,108.9,2.0,14.2,23.5,0.4,19.0,0.3,32.7,6.0,3.9,3.8,13.1,0.022,2007
320,Marcus Banks,PHX,25,45,32,13,11.2,107.6,0.6,5.8,9.2,0.5,30.7,0.1,7.9,4.0,3.3,2.4,10.2,0.021,2007
321,Shawne Williams,IND,21,46,19,27,12.1,108.3,1.1,9.7,15.4,0.1,9.0,0.2,13.3,5.4,3.4,3.1,10.1,0.02,2007
322,Roger Mason Jr.,WAS,26,62,27,35,7.9,106.0,0.6,8.4,13.5,0.2,21.3,0.1,10.7,2.5,2.2,2.4,6.0,0.019,2007
323,Adonal Foyle,GSW,32,48,19,29,9.9,107.7,1.6,15.0,24.6,0.2,15.1,1.0,66.7,3.9,3.5,3.0,9.3,0.019,2007
324,Alexander Johnson,MEM,24,59,15,44,12.8,109.1,2.2,19.3,30.3,0.4,24.5,0.6,42.2,5.2,3.6,3.9,12.3,0.019,2007
325,Pau Gasol,MEM,26,59,17,42,36.1,112.6,7.3,21.1,32.9,0.5,10.7,2.1,48.8,15.1,11.0,12.7,36.6,0.012,2007
326,David Noel,MIL,23,68,22,46,11.6,110.7,1.2,10.9,18.2,0.4,22.3,0.1,20.9,4.3,3.7,3.3,11.0,0.011,2007
327,Solomon Jones,ATL,22,58,20,38,11.5,110.8,1.5,14.2,23.0,0.2,14.7,0.7,48.3,5.0,3.6,4.0,10.6,0.011,2007
