,Player,TEAM,AGE,GP,W,L,MIN,DEF RTG,DREB,DREB%,%DREB,STL,STL%,BLK,%BLK,OPP PTSOFF TOV,OPP PTS2ND CHANCE,OPP PTSFB,OPP PTSPAINT,DEFWS,Year
0,Jimmy Butler,CHI,24,67,43,24,38.7,98.9,3.6,9.5,14.1,1.9,31.1,0.5,12.5,11.6,9.0,9.5,29.7,0.181,2014
1,Paul George,IND,24,80,54,26,36.2,98.0,6.0,15.7,23.0,1.9,36.6,0.3,6.5,11.3,8.4,8.2,26.3,0.181,2014
2,Andre Iguodala,GSW,30,63,41,22,32.4,97.4,3.8,11.2,16.3,1.5,27.2,0.3,8.8,10.6,8.8,8.5,26.5,0.166,2014
3,Lance Stephenson,IND,23,78,53,25,35.3,99.0,5.9,16.0,23.5,0.7,13.9,0.1,2.1,11.4,8.9,8.9,26.9,0.165,2014
4,Joakim Noah,CHI,29,80,48,32,35.2,99.1,7.7,22.1,32.7,1.2,22.9,1.5,40.7,10.8,8.4,9.0,25.9,0.163,2014
5,George Hill,IND,28,76,50,26,32.0,98.0,3.0,8.9,13.2,1.0,23.5,0.3,8.0,9.9,7.6,7.2,23.6,0.159,2014
6,David West,IND,33,80,54,26,30.9,97.6,5.3,15.9,23.5,0.8,18.2,0.9,24.4,9.6,7.6,6.9,22.6,0.157,2014
7,Roy Hibbert,IND,27,81,55,26,29.7,97.5,4.1,13.0,19.1,0.4,9.5,2.2,60.3,9.1,7.5,6.7,21.3,0.152,2014
8,Klay Thompson,GSW,24,81,51,30,35.4,100.3,2.6,7.0,10.1,0.9,16.2,0.5,12.9,12.3,9.7,9.5,29.7,0.151,2014
9,Mike Dunleavy,CHI,33,82,48,34,31.5,98.6,3.6,11.6,17.0,0.8,16.7,0.6,16.7,10.1,7.4,8.3,23.5,0.151,2014
10,David Lee,GSW,31,69,42,27,33.2,99.4,6.7,19.3,27.7,0.7,12.6,0.4,12.0,11.8,8.1,9.6,27.2,0.15,2014
11,Kirk Hinrich,CHI,33,73,45,28,29.0,97.6,2.2,7.7,11.4,1.1,24.9,0.4,11.8,9.3,6.5,7.4,20.3,0.149,2014
12,Stephen Curry,GSW,26,78,50,28,36.5,101.0,3.7,9.7,14.2,1.6,27.1,0.2,4.9,12.9,9.9,9.7,30.5,0.148,2014
13,Kemba Walker,CHA,24,73,38,35,35.8,100.9,3.7,9.9,14.7,1.2,25.8,0.4,11.9,9.4,8.9,7.0,27.8,0.146,2014
14,Kawhi Leonard,SAS,23,66,54,12,29.1,98.1,5.1,16.7,24.0,1.7,35.6,0.8,22.2,9.9,7.2,7.9,24.4,0.145,2014
15,Taj Gibson,CHI,29,82,48,34,28.7,98.1,4.4,14.7,22.2,0.5,12.1,1.4,40.4,9.6,7.0,7.0,22.2,0.142,2014
16,Marcin Gortat,WAS,30,81,44,37,32.8,100.4,7.0,21.8,31.7,0.5,9.1,1.5,46.4,11.0,8.6,8.3,27.9,0.14,2014
17,Trevor Ariza,WAS,28,77,41,36,35.4,102.1,4.9,14.2,21.2,1.6,26.1,0.3,7.4,12.3,9.4,9.2,31.4,0.134,2014
18,Danny Green,SAS,27,68,54,14,24.3,96.5,3.0,11.7,16.9,1.0,23.8,0.9,30.5,7.7,6.8,6.2,20.5,0.133,2014
19,John Wall,WAS,23,82,44,38,36.3,102.5,3.6,10.2,15.1,1.8,29.4,0.5,13.8,12.4,9.6,9.0,31.4,0.133,2014
20,Chris Paul,LAC,29,62,44,18,35.0,101.9,3.7,10.1,15.4,2.5,36.8,0.1,1.7,11.4,9.8,7.5,31.7,0.133,2014
21,Nene,WAS,31,53,30,23,29.4,99.7,4.3,15.5,22.1,1.2,22.8,0.9,31.3,9.7,6.7,7.0,23.8,0.132,2014
22,Tiago Splitter,SAS,29,59,46,13,21.5,94.8,4.1,17.6,25.8,0.5,14.1,0.5,19.3,7.0,5.9,5.8,17.5,0.13,2014
23,Kevin Durant,OKC,25,81,58,23,38.5,103.3,6.7,16.4,24.2,1.3,19.7,0.7,14.0,14.4,9.9,10.6,32.3,0.13,2014
24,Eric Bledsoe,PHX,24,43,28,15,32.9,101.5,4.1,12.0,17.7,1.6,26.2,0.3,10.4,11.5,9.3,9.8,29.8,0.129,2014
25,Blake Griffin,LAC,25,80,56,24,35.8,103.1,7.1,19.1,29.2,1.2,17.4,0.6,17.7,11.3,10.0,7.8,33.6,0.122,2014
26,Andrew Bogut,GSW,29,67,40,27,26.4,99.3,7.3,26.4,37.8,0.7,17.2,1.8,64.7,10.3,6.4,7.7,21.6,0.121,2014
27,Bradley Beal,WAS,21,73,40,33,34.7,102.7,3.0,9.0,13.4,1.0,17.4,0.2,7.9,11.0,9.6,8.3,30.1,0.121,2014
28,Chris Bosh,MIA,30,79,53,26,32.0,102.0,5.4,17.5,26.7,1.0,16.9,1.0,36.4,11.3,8.4,7.7,26.4,0.12,2014
29,Al Jefferson,CHA,29,73,38,35,35.0,103.1,8.7,24.7,35.7,0.9,21.8,1.1,34.1,9.5,8.7,7.2,28.5,0.119,2014
30,Serge Ibaka,OKC,24,81,59,22,32.9,102.5,6.0,17.1,25.3,0.5,8.5,2.7,57.5,12.3,8.5,9.0,27.8,0.119,2014
31,C.J. Watson,IND,30,63,48,15,18.9,94.6,1.3,6.5,9.6,1.0,29.7,0.1,6.1,6.4,4.9,4.7,13.6,0.119,2014
32,Carlos Boozer,CHI,32,76,43,33,28.2,100.8,6.5,23.9,34.9,0.7,16.1,0.3,11.1,9.2,6.7,7.9,22.1,0.118,2014
33,Kyle Korver,ATL,33,71,37,34,33.9,103.0,3.7,11.1,16.6,1.0,16.3,0.3,12.0,11.4,9.1,9.0,29.7,0.117,2014
34,Tony Parker,SAS,32,68,51,17,29.4,101.3,2.0,6.8,9.8,0.5,12.1,0.1,3.8,9.6,7.6,8.7,24.9,0.116,2014
35,Dwyane Wade,MIA,32,54,36,18,32.9,103.0,3.4,10.6,16.5,1.5,22.6,0.5,16.0,12.0,9.7,8.4,27.3,0.116,2014
36,Tim Duncan,SAS,38,74,56,18,29.2,101.5,7.6,25.5,36.7,0.6,13.6,1.9,53.3,10.1,7.6,8.4,24.8,0.113,2014
37,Paul Millsap,ATL,29,74,36,38,33.5,103.3,6.4,19.3,28.7,1.7,28.4,1.1,37.0,11.9,8.8,8.8,29.2,0.113,2014
38,DeMar DeRozan,TOR,24,79,45,34,38.2,104.6,3.7,9.9,15.2,1.1,21.0,0.4,10.2,12.8,10.5,9.3,34.4,0.111,2014
39,Kyle Lowry,TOR,28,79,45,34,36.2,104.3,3.6,10.0,15.3,1.5,29.1,0.2,6.3,12.1,9.7,8.9,31.5,0.111,2014
40,Luol Deng,CLE,29,63,29,34,35.1,103.8,4.2,11.7,17.6,1.0,19.6,0.1,5.5,10.9,8.5,8.3,26.3,0.111,2014
41,Marc Gasol,MEM,29,59,40,19,33.4,103.3,5.8,18.5,27.2,1.0,19.0,1.3,45.0,10.6,8.1,9.2,26.8,0.11,2014
42,Draymond Green,GSW,24,82,51,31,21.9,98.1,3.9,17.3,26.0,1.2,31.5,0.9,35.3,7.4,6.3,5.1,17.8,0.11,2014
43,Zach Randolph,MEM,32,79,49,30,34.2,103.6,6.7,21.1,30.7,0.7,12.7,0.3,10.0,10.5,8.0,9.4,28.3,0.11,2014
44,Reggie Jackson,OKC,24,80,57,23,28.5,101.6,3.4,11.3,16.8,1.1,21.4,0.1,3.2,9.7,7.2,7.1,22.7,0.11,2014
45,D.J. Augustin,CHI,26,71,44,27,27.3,101.1,1.6,5.9,9.0,0.7,18.7,0.0,1.4,9.1,6.9,6.9,22.5,0.11,2014
46,James Harden,HOU,24,73,48,25,38.0,104.9,3.9,9.4,14.4,1.6,26.4,0.4,8.8,14.1,11.7,10.8,34.2,0.108,2014
47,Kevin Love,MIN,25,77,39,38,36.3,104.6,9.6,26.7,39.6,0.8,11.4,0.5,20.7,12.2,9.5,12.7,35.2,0.108,2014
48,DeMarre Carroll,ATL,27,73,37,36,32.1,103.2,4.1,12.7,19.3,1.5,26.0,0.3,10.0,11.2,9.2,8.4,28.3,0.108,2014
49,Harrison Barnes,GSW,22,78,48,30,28.3,101.9,3.1,10.8,15.7,0.8,19.6,0.3,9.5,10.1,7.0,7.9,24.0,0.108,2014
50,Nikola Pekovic,MIN,28,54,27,27,30.8,102.9,4.9,16.3,22.9,0.6,9.8,0.4,27.1,10.5,7.3,10.5,28.7,0.108,2014
51,Jeff Teague,ATL,26,79,37,42,32.2,103.4,2.2,6.9,10.4,1.1,19.2,0.2,7.9,10.9,8.7,8.4,28.1,0.107,2014
52,Manu Ginobili,SAS,36,68,52,16,22.8,99.3,2.5,10.7,16.1,1.0,28.7,0.3,11.6,7.7,5.9,5.9,20.2,0.107,2014
53,DeAndre Jordan,LAC,25,82,57,25,35.0,104.3,9.5,26.0,39.8,1.0,15.8,2.5,64.9,11.4,10.6,7.9,32.5,0.106,2014
54,LaMarcus Aldridge,POR,28,69,46,23,36.2,104.6,8.7,22.9,33.6,0.9,22.9,1.0,27.9,10.8,9.9,9.9,33.9,0.106,2014
55,LeBron James,MIA,29,77,52,25,37.7,105.1,5.9,16.5,25.9,1.6,23.0,0.3,10.3,13.6,10.3,9.2,32.6,0.105,2014
56,Gerald Henderson,CHA,26,77,40,37,32.0,103.4,3.6,11.2,16.4,0.7,17.2,0.4,13.7,8.7,8.4,6.5,24.8,0.105,2014
57,Dirk Nowitzki,DAL,36,80,48,32,32.9,103.9,5.7,18.4,27.6,0.9,16.1,0.6,20.1,10.7,8.3,10.5,28.7,0.104,2014
58,Mike Conley,MEM,26,73,46,27,33.5,104.1,2.4,7.6,11.1,1.5,28.7,0.2,5.9,10.1,7.8,9.2,27.5,0.103,2014
59,Courtney Lee,MEM,28,79,47,32,25.0,101.0,2.0,8.3,12.6,0.8,19.9,0.4,14.1,8.1,6.8,6.6,20.7,0.102,2014
60,Dwight Howard,HOU,28,71,48,23,33.8,104.3,8.9,25.0,37.7,0.8,16.1,1.8,46.4,13.0,9.9,9.7,30.5,0.101,2014
61,Josh McRoberts,CHA,27,78,39,39,30.3,103.2,3.7,12.4,18.0,0.7,19.9,0.6,19.7,8.3,7.7,6.0,23.4,0.1,2014
62,Paul Pierce,BKN,36,75,42,33,28.0,102.5,4.3,16.3,24.8,1.1,21.4,0.4,18.2,9.3,6.6,7.4,22.5,0.1,2014
63,Boris Diaw,SAS,32,79,60,19,25.0,101.3,3.2,12.6,18.4,0.6,14.4,0.4,15.8,8.3,6.9,5.9,22.4,0.1,2014
64,Michael Kidd-Gilchrist,CHA,20,62,35,27,24.2,100.6,3.5,14.1,20.5,0.7,24.3,0.6,23.8,6.7,5.9,4.8,18.8,0.1,2014
65,Jeremy Lin,HOU,25,71,48,23,28.9,103.2,2.2,6.7,10.4,1.0,20.5,0.4,10.5,10.8,8.9,8.1,25.6,0.099,2014
66,Thabo Sefolosha,OKC,30,61,44,17,26.0,101.9,2.8,10.2,14.9,1.3,29.8,0.3,7.4,10.3,6.4,7.2,22.7,0.099,2014
67,Patty Mills,SAS,25,81,62,19,18.9,97.5,1.7,8.4,12.5,0.8,28.6,0.1,6.0,6.4,4.8,4.2,16.9,0.098,2014
68,Corey Brewer,MIN,28,81,40,41,32.2,104.5,1.8,5.6,8.3,1.9,29.8,0.4,16.7,10.8,8.6,11.6,31.2,0.098,2014
69,Ricky Rubio,MIN,23,82,40,42,32.2,104.4,3.4,11.0,16.0,2.3,36.7,0.1,6.1,11.0,8.4,11.3,31.2,0.097,2014
70,Victor Oladipo,ORL,22,80,23,57,31.1,104.1,3.6,11.4,17.0,1.6,30.6,0.5,16.5,11.3,8.5,8.8,25.0,0.097,2014
71,Tayshaun Prince,MEM,34,76,46,30,25.6,101.8,2.7,11.0,16.1,0.5,13.4,0.3,11.0,7.1,6.4,6.9,21.5,0.097,2014
72,Chandler Parsons,HOU,25,74,50,24,37.6,105.8,4.6,11.7,17.4,1.2,20.2,0.4,9.1,14.2,10.7,10.6,34.3,0.096,2014
73,Damian Lillard,POR,23,82,54,28,35.8,105.5,3.1,8.2,12.2,0.8,19.8,0.3,7.5,10.9,10.2,10.4,34.3,0.096,2014
74,Avery Bradley,BOS,23,60,19,41,30.9,104.2,3.0,9.7,14.5,1.1,25.3,0.2,6.7,10.2,8.6,8.5,28.8,0.096,2014
75,Patrick Beverley,HOU,25,56,39,17,31.3,104.0,2.2,6.8,10.3,1.4,27.0,0.4,10.2,11.3,8.8,8.4,29.0,0.096,2014
76,Tony Allen,MEM,32,55,31,24,23.2,101.2,2.3,10.8,15.9,1.6,38.6,0.3,17.1,7.7,4.6,6.3,18.6,0.095,2014
77,Deron Williams,BKN,30,64,37,27,32.2,104.6,2.4,7.9,12.3,1.5,22.8,0.2,8.4,10.0,9.1,8.1,27.0,0.095,2014
78,Amir Johnson,TOR,27,77,43,34,28.8,103.4,4.3,15.3,23.3,0.7,18.4,1.1,43.6,9.7,7.7,6.5,25.1,0.095,2014
79,Iman Shumpert,NYK,24,74,36,38,26.5,102.6,3.1,12.4,18.7,1.2,26.4,0.2,6.7,7.2,6.8,6.4,20.9,0.095,2014
80,Jamal Crawford,LAC,34,69,47,22,30.4,104.1,1.8,5.6,8.9,0.9,15.9,0.2,5.8,9.5,9.0,7.2,28.4,0.094,2014
81,Nicolas Batum,POR,25,82,54,28,36.0,105.7,6.0,16.1,23.8,0.9,23.0,0.7,18.4,11.4,10.1,9.5,33.9,0.094,2014
82,Robin Lopez,POR,26,82,54,28,31.8,104.6,4.6,13.8,20.0,0.3,8.3,1.7,50.2,9.7,8.9,8.9,29.9,0.093,2014
83,Goran Dragic,PHX,28,76,45,31,35.1,105.5,2.3,6.6,10.0,1.4,22.8,0.3,8.6,11.3,10.3,9.7,33.5,0.093,2014
84,Russell Westbrook,OKC,25,46,34,12,30.7,104.6,4.5,13.6,20.3,1.9,34.8,0.2,3.4,11.6,8.1,9.2,26.6,0.093,2014
85,Mario Chalmers,MIA,28,73,49,24,29.8,104.2,2.4,8.5,13.0,1.6,27.9,0.2,8.0,10.6,8.0,7.0,24.9,0.093,2014
86,Anderson Varejao,CLE,31,65,25,40,27.7,103.2,6.8,25.3,36.8,1.1,26.1,0.6,28.9,9.1,7.1,6.6,21.3,0.093,2014
87,Ian Mahinmi,IND,27,77,51,26,16.2,95.9,1.9,11.9,17.3,0.5,19.2,0.9,60.0,5.2,3.7,4.2,11.7,0.092,2014
88,Patrick Patterson,TOR,25,65,37,28,23.6,101.6,3.5,15.0,22.9,0.8,21.1,0.6,28.9,6.8,6.2,6.1,20.1,0.092,2014
89,Greivis Vasquez,TOR,27,79,46,33,22.5,101.0,1.9,8.8,13.2,0.4,10.8,0.1,3.7,7.6,5.6,5.9,19.3,0.091,2014
90,Jared Sullinger,BOS,22,74,23,51,27.6,103.5,4.9,18.3,27.3,0.5,11.6,0.7,28.8,8.7,7.8,7.2,25.2,0.091,2014
91,Vince Carter,DAL,37,81,49,32,24.4,102.5,2.7,11.3,17.1,0.8,17.4,0.4,19.2,7.4,6.7,7.3,20.7,0.089,2014
92,Jae Crowder,DAL,23,78,47,31,16.1,96.7,1.9,11.9,18.0,0.8,23.1,0.3,16.4,5.1,3.9,4.6,12.7,0.089,2014
93,Wesley Matthews,POR,27,82,54,28,33.9,105.7,2.9,8.2,12.0,0.9,24.0,0.2,5.0,10.4,9.7,8.9,32.5,0.089,2014
94,Marco Belinelli,SAS,28,80,61,19,25.2,102.9,2.6,10.1,15.0,0.6,16.9,0.1,3.4,9.3,6.9,6.9,22.9,0.089,2014
95,Matt Barnes,LAC,34,63,45,18,27.5,103.9,3.7,12.5,19.6,0.9,17.1,0.4,16.3,9.0,9.2,6.7,26.3,0.089,2014
96,Isaiah Thomas,SAC,25,72,26,46,34.7,106.1,2.3,6.5,9.7,1.3,23.8,0.1,3.8,12.7,8.8,10.8,29.6,0.088,2014
97,Kevin Garnett,BKN,38,54,27,27,20.5,100.3,5.5,28.0,41.0,0.8,23.8,0.7,40.0,6.2,4.9,4.4,14.1,0.087,2014
98,Markieff Morris,PHX,24,81,47,34,26.6,103.6,4.3,15.9,24.6,0.8,17.7,0.6,23.8,10.0,7.8,7.3,25.5,0.087,2014
99,Dion Waiters,CLE,22,70,28,42,29.6,104.6,2.3,7.9,11.9,0.9,20.9,0.2,12.5,10.2,7.8,6.5,23.2,0.087,2014
100,Jeremy Lamb,OKC,22,78,57,21,19.7,100.0,2.1,10.4,15.7,0.7,21.1,0.3,15.9,6.6,5.0,4.7,15.0,0.086,2014
101,Jared Dudley,LAC,28,74,51,23,23.4,102.4,1.7,7.0,10.7,0.6,14.4,0.1,5.7,7.8,6.5,5.2,21.5,0.085,2014
102,Luis Scola,IND,34,82,56,26,17.1,98.3,3.7,21.5,30.9,0.3,12.8,0.2,12.1,5.8,4.1,4.5,13.0,0.084,2014
103,Kevin Martin,MIN,31,68,32,36,32.0,105.8,2.5,8.1,11.7,1.0,16.2,0.1,4.8,10.5,7.7,11.6,31.5,0.084,2014
104,Nate Robinson,DEN,30,44,22,22,19.7,99.9,1.4,6.3,10.0,0.8,24.7,0.1,3.7,6.1,6.7,4.2,15.6,0.084,2014
105,Carmelo Anthony,NYK,30,77,35,42,38.7,107.1,6.2,17.1,25.7,1.2,20.9,0.7,17.7,11.3,9.7,9.4,31.7,0.084,2014
106,Steve Blake,GSW,34,55,31,24,27.2,104.4,2.7,9.2,14.2,1.0,24.5,0.1,4.7,9.8,8.1,9.3,26.2,0.083,2014
107,Joe Johnson,BKN,33,79,43,36,32.6,105.8,2.8,9.0,14.0,0.6,10.8,0.1,4.9,10.4,8.8,8.1,26.5,0.083,2014
108,Nick Collison,OKC,33,81,58,23,16.7,98.2,2.2,12.9,19.0,0.4,13.2,0.3,22.0,5.3,4.1,4.0,12.1,0.083,2014
109,Jeff Green,BOS,27,82,25,57,34.2,106.4,4.0,12.1,17.9,0.7,15.0,0.6,19.1,11.6,9.6,10.1,32.7,0.082,2014
110,Darren Collison,LAC,26,80,56,24,25.9,103.9,1.8,6.4,10.3,1.2,25.7,0.2,7.2,8.2,8.1,5.8,24.2,0.082,2014
111,John Salmons,TOR,34,78,46,32,22.1,102.4,1.8,8.5,13.0,0.6,16.7,0.2,12.8,7.4,5.6,5.8,18.5,0.082,2014
112,Norris Cole,MIA,25,82,54,28,24.6,103.4,1.7,7.7,12.1,0.9,20.9,0.1,2.6,9.0,6.8,6.3,21.3,0.082,2014
113,James Johnson,MEM,27,52,33,19,18.4,100.2,2.0,11.0,17.2,0.8,25.5,1.1,44.5,6.2,4.6,5.2,13.9,0.081,2014
114,Pero Antic,ATL,31,50,23,27,18.5,99.9,3.0,16.8,25.3,0.4,11.5,0.2,17.4,5.9,4.5,5.0,15.0,0.081,2014
115,Derek Fisher,OKC,39,81,59,22,17.6,99.3,1.4,7.7,11.7,0.9,29.2,0.0,1.9,5.8,4.4,4.1,13.6,0.081,2014
116,Chris Andersen,MIA,35,72,49,23,19.4,100.6,3.5,18.6,29.9,0.4,12.9,1.3,61.8,6.7,5.6,4.6,16.0,0.081,2014
117,DeMarcus Cousins,SAC,23,71,28,43,32.4,106.0,8.6,27.5,40.4,1.5,29.2,1.3,48.4,11.5,8.2,10.0,27.7,0.081,2014
118,Anthony Tolliver,CHA,29,64,33,31,20.3,101.5,2.1,10.4,15.1,0.3,11.8,0.2,11.6,5.6,4.8,4.1,16.0,0.081,2014
119,Martell Webster,WAS,27,78,42,36,27.7,104.8,2.4,9.2,13.6,0.5,12.1,0.2,7.9,9.8,7.2,7.0,23.0,0.08,2014
120,Nate Wolters,MIL,23,58,10,48,22.6,102.7,2.0,9.0,14.0,0.6,18.1,0.3,11.6,7.9,5.8,5.7,19.0,0.08,2014
121,Channing Frye,PHX,31,82,48,34,28.2,104.9,4.2,14.9,22.4,0.7,15.1,0.8,30.3,9.5,7.9,7.9,26.1,0.08,2014
122,Darrell Arthur,DEN,26,68,33,35,17.1,99.1,2.3,12.6,19.4,0.6,19.1,0.7,34.6,5.5,5.0,3.5,13.4,0.08,2014
123,Shaun Livingston,BKN,28,76,42,34,26.0,104.1,2.4,9.7,15.1,1.2,26.1,0.4,18.3,8.7,6.4,6.9,20.8,0.079,2014
124,Nick Calathes,MEM,25,71,42,29,16.5,98.9,1.6,9.8,15.0,0.9,33.5,0.1,6.9,5.8,4.1,4.5,12.4,0.079,2014
125,Jonas Valanciunas,TOR,22,81,47,34,28.2,105.1,6.0,22.0,33.4,0.3,7.6,0.9,33.2,9.8,7.5,7.1,25.3,0.079,2014
126,P.J. Tucker,PHX,29,81,48,33,30.7,105.9,4.5,14.6,22.1,1.4,25.8,0.3,9.8,10.5,9.1,9.5,29.4,0.079,2014
127,Omer Asik,HOU,27,48,32,16,20.2,102.0,5.8,26.3,37.9,0.3,9.4,0.8,33.0,7.2,5.3,5.4,16.3,0.078,2014
128,Rudy Gay,SAC,27,73,27,46,34.7,106.8,4.4,13.3,19.2,1.3,25.8,0.8,26.0,12.9,8.0,11.7,30.9,0.078,2014
129,Matthew Dellavedova,CLE,23,72,29,43,17.7,100.4,1.3,7.2,10.8,0.5,19.0,0.1,6.0,5.7,4.3,3.1,12.2,0.076,2014
130,Ray Allen,MIA,38,73,47,26,26.5,104.8,2.5,10.2,16.4,0.7,16.6,0.1,4.6,9.4,7.6,6.6,22.2,0.076,2014
131,Willie Green,LAC,32,55,38,17,15.8,98.7,1.2,7.2,11.0,0.4,15.0,0.2,14.7,4.8,4.3,3.5,13.5,0.076,2014
132,Kosta Koufos,MEM,25,80,48,32,16.9,99.7,3.2,19.5,29.4,0.4,14.7,0.9,50.4,5.2,4.0,4.5,13.3,0.076,2014
133,Evan Fournier,DEN,21,76,35,41,19.8,102.0,2.2,10.7,16.2,0.4,13.9,0.1,4.4,7.0,5.1,4.9,17.6,0.076,2014
134,Omri Casspi,HOU,26,71,46,25,18.1,100.9,2.9,14.4,22.6,0.6,20.4,0.2,9.8,6.4,6.0,4.7,17.1,0.076,2014
135,Jermaine O'Neal,GSW,35,44,27,17,20.1,101.8,3.6,16.4,25.3,0.3,11.8,0.9,45.5,6.4,6.6,5.1,16.7,0.075,2014
136,Kendrick Perkins,OKC,29,62,48,14,19.5,101.6,3.6,17.4,25.4,0.4,12.6,0.5,18.6,7.0,5.0,5.4,17.3,0.075,2014
137,Chris Douglas-Roberts,CHA,27,49,27,22,20.7,102.6,2.1,10.0,14.8,0.6,22.5,0.3,13.1,6.4,5.8,4.7,17.5,0.075,2014
138,Miles Plumlee,PHX,25,80,47,33,24.5,104.3,5.4,21.6,32.6,0.6,14.2,1.1,45.0,8.4,7.5,7.5,23.6,0.074,2014
139,Gerald Wallace,BOS,31,58,19,39,24.4,104.4,3.0,13.1,20.7,1.3,28.6,0.2,11.2,8.6,7.1,6.5,21.5,0.074,2014
140,Terrence Ross,TOR,23,81,47,34,26.7,105.2,2.6,9.9,15.0,0.8,21.7,0.3,14.8,9.2,7.3,6.4,24.1,0.074,2014
141,Nikola Vucevic,ORL,23,57,19,38,31.8,106.7,7.7,24.8,35.3,1.1,23.0,0.8,33.8,10.0,8.3,8.5,26.2,0.073,2014
142,E'Twaun Moore,ORL,25,79,22,57,19.1,102.0,1.4,7.0,10.8,0.8,20.6,0.2,8.0,6.6,4.9,5.0,15.2,0.072,2014
143,Evan Turner,IND,25,81,29,52,30.3,106.9,4.3,13.4,20.5,0.8,16.3,0.1,3.5,11.4,8.7,9.5,25.6,0.072,2014
144,Ed Davis,MEM,25,63,38,25,15.2,99.1,2.7,17.7,26.8,0.3,10.9,0.7,38.7,5.6,3.8,4.3,11.3,0.072,2014
145,Ramon Sessions,MIL,28,83,30,53,26.7,105.6,2.0,7.4,11.3,0.6,18.4,0.1,3.8,8.9,7.6,6.3,22.7,0.071,2014
146,Cody Zeller,CHA,21,82,43,39,17.3,101.6,2.9,15.9,24.4,0.5,22.0,0.5,24.0,5.4,4.7,4.1,14.9,0.07,2014
147,Shane Battier,MIA,35,73,49,24,20.1,103.1,1.4,7.6,12.2,0.7,16.2,0.5,34.5,7.0,5.7,4.8,17.1,0.069,2014
148,CJ Miles,CLE,27,51,21,30,19.3,102.8,1.7,8.9,13.2,0.9,28.0,0.3,17.2,6.6,4.7,5.7,16.0,0.069,2014
149,Tony Snell,CHI,22,77,46,31,16.0,100.4,1.4,8.5,12.8,0.4,15.3,0.2,10.9,5.8,4.1,4.3,13.6,0.069,2014
150,Francisco Garcia,HOU,32,55,33,22,19.7,103.2,1.8,8.6,13.1,0.5,16.3,0.6,26.8,7.6,5.6,6.0,17.6,0.068,2014
151,Marcus Thornton,BKN,27,72,33,39,24.2,105.3,2.0,8.4,13.0,0.8,19.8,0.2,7.9,8.6,6.0,7.0,22.1,0.068,2014
152,Andre Miller,WAS,38,58,32,26,16.9,101.0,1.8,10.0,15.5,0.6,23.1,0.2,8.7,5.8,5.4,4.1,13.8,0.067,2014
153,Glen Davis,LAC,28,68,30,38,24.4,105.0,3.6,14.9,22.6,0.9,22.6,0.4,25.9,7.2,7.0,6.3,20.9,0.067,2014
154,Monta Ellis,DAL,28,82,49,33,36.9,108.2,3.1,8.8,13.5,1.7,26.7,0.3,8.6,12.9,10.7,12.5,34.6,0.067,2014
155,Jarrett Jack,CLE,30,80,32,48,28.2,106.4,2.5,8.9,13.5,0.7,19.0,0.3,12.6,10.0,7.6,7.0,22.8,0.067,2014
156,Xavier Henry,LAL,23,43,16,27,21.1,104.0,2.1,9.1,14.3,1.0,29.7,0.2,7.1,7.3,7.0,6.3,20.2,0.067,2014
157,Alan Anderson,BKN,31,78,43,35,22.7,104.7,1.7,7.8,12.5,0.6,15.9,0.1,7.4,7.7,6.6,6.0,19.4,0.067,2014
158,Donatas Motiejunas,HOU,23,62,42,20,15.4,100.6,2.7,16.3,24.6,0.3,11.4,0.3,20.8,5.6,4.3,4.5,13.2,0.066,2014
159,Marcus Morris Sr.,PHX,24,82,48,34,21.9,104.5,2.9,13.1,20.4,0.9,22.7,0.2,10.7,7.9,6.8,5.8,20.6,0.066,2014
160,Arron Afflalo,ORL,28,73,21,52,35.0,108.0,3.2,9.2,13.5,0.5,9.9,0.0,1.4,12.3,9.5,9.6,29.6,0.066,2014
161,Mo Williams,POR,31,74,49,25,24.8,105.7,1.5,5.8,8.9,0.7,24.7,0.1,5.6,8.1,7.7,7.0,23.8,0.065,2014
162,Gerald Green,PHX,28,82,48,34,28.4,106.8,2.8,9.8,15.1,0.9,18.1,0.5,19.5,10.7,8.6,8.8,28.0,0.065,2014
163,Jason Thompson,SAC,27,82,28,54,24.5,105.6,4.6,18.8,26.9,0.4,11.6,0.7,33.5,8.4,5.7,7.2,20.6,0.065,2014
164,Timofey Mozgov,DEN,27,82,36,46,21.6,104.5,4.4,18.7,28.2,0.3,10.4,1.2,47.4,7.8,6.3,5.7,19.1,0.064,2014
165,Kyle O'Quinn,ORL,24,69,20,49,17.2,102.4,3.8,21.3,31.8,0.6,19.5,1.3,56.4,6.8,4.5,4.8,13.2,0.064,2014
166,Josh Smith,DET,28,77,28,49,35.5,108.4,5.4,15.5,23.5,1.4,22.8,1.4,36.3,11.9,10.3,10.6,32.3,0.063,2014
167,Jordan Crawford,GSW,25,81,39,42,23.0,105.1,1.9,8.1,12.4,0.6,20.2,0.1,2.7,7.7,7.0,7.2,21.4,0.063,2014
168,Tyson Chandler,NYK,31,55,24,31,30.2,107.5,6.7,23.8,35.1,0.7,13.7,1.1,41.4,8.7,7.5,7.4,24.8,0.062,2014
169,J.J. Barea,MIN,30,79,40,39,18.6,103.2,1.7,9.3,14.4,0.3,10.7,0.0,0.0,5.7,5.4,5.6,17.2,0.062,2014
170,Darius Miller,NOP,24,45,14,31,16.1,101.8,1.0,6.0,8.9,0.5,19.0,0.2,10.5,4.9,3.5,4.7,13.0,0.062,2014
171,Kris Humphries,BOS,29,69,22,47,19.9,104.3,4.1,21.3,32.2,0.4,16.8,0.9,48.0,6.9,5.5,6.0,17.7,0.061,2014
172,Raymond Felton,NYK,30,65,31,34,31.0,107.8,2.2,7.6,11.3,1.2,26.4,0.4,13.4,8.6,7.9,7.5,25.8,0.06,2014
173,JR Smith,NYK,28,74,34,40,32.7,108.1,3.5,11.7,17.5,0.9,17.8,0.3,9.3,9.8,8.3,7.8,26.8,0.06,2014
174,Kentavious Caldwell-Pope,DET,21,80,28,52,19.8,104.5,1.5,7.7,11.6,0.9,24.4,0.2,7.5,6.8,5.3,5.8,18.3,0.06,2014
175,Tobias Harris,ORL,21,61,16,45,30.3,107.7,5.5,18.7,28.1,0.7,14.7,0.4,18.5,9.9,8.6,8.1,25.9,0.06,2014
176,Brandon Bass,BOS,29,82,25,57,27.6,107.1,3.8,14.3,21.6,0.4,11.3,0.9,34.1,9.6,8.0,8.0,26.7,0.06,2014
177,Kyrie Irving,CLE,22,71,28,43,35.2,108.6,2.9,8.5,12.8,1.5,28.6,0.3,11.5,11.1,9.5,9.4,29.4,0.06,2014
178,Anthony Davis,NOP,21,67,29,38,35.2,108.7,7.0,20.8,31.7,1.3,21.9,2.8,53.4,11.6,9.7,9.4,32.5,0.06,2014
179,Marreese Speights,GSW,26,79,48,31,12.4,99.1,2.4,18.5,27.6,0.1,6.5,0.4,31.8,4.6,3.4,3.3,11.3,0.06,2014
180,Kelly Olynyk,BOS,23,70,18,52,20.0,104.7,3.2,16.4,25.8,0.5,14.8,0.4,24.3,7.2,6.1,5.2,18.9,0.059,2014
181,Andrea Bargnani,NYK,28,42,15,27,29.9,107.7,3.6,13.7,19.7,0.3,7.4,1.2,41.6,9.4,7.3,8.4,25.5,0.059,2014
182,Andray Blatche,BKN,27,73,40,33,22.2,105.6,3.7,17.6,27.7,1.0,28.8,0.5,33.0,8.0,6.0,6.1,20.5,0.059,2014
183,Samuel Dalembert,DAL,34,80,48,32,20.2,104.6,4.3,21.8,32.9,0.5,14.9,1.2,57.7,7.0,5.5,7.3,18.2,0.059,2014
184,Greg Monroe,DET,24,82,29,53,32.8,108.3,6.1,19.6,29.5,1.1,19.1,0.6,18.9,11.3,9.2,10.2,30.7,0.059,2014
185,Tyler Hansbrough,TOR,28,64,38,26,15.3,101.9,2.6,17.8,27.7,0.4,18.2,0.3,22.9,6.2,4.4,4.2,13.9,0.059,2014
186,Tyler Zeller,CLE,24,70,27,43,15.0,101.5,2.6,16.7,25.3,0.3,11.3,0.5,52.1,5.6,3.7,2.9,10.6,0.059,2014
187,Lavoy Allen,IND,25,65,18,47,16.5,103.5,3.0,17.9,26.7,0.4,13.3,0.5,34.7,6.7,3.8,5.7,14.0,0.059,2014
188,Randy Foye,DEN,30,81,36,45,30.7,108.0,2.4,7.7,11.5,0.8,17.9,0.5,12.9,11.6,8.8,8.8,30.5,0.058,2014
189,JJ Hickson,DEN,25,69,31,38,26.9,107.1,6.2,22.0,33.6,0.7,17.4,0.7,24.5,10.4,8.3,8.2,26.6,0.058,2014
190,Doron Lamb,ORL,22,53,13,40,13.1,99.8,0.8,6.1,9.2,0.2,8.7,0.0,1.6,4.5,3.5,3.8,10.4,0.058,2014
191,Ty Lawson,DEN,26,62,29,33,35.8,108.9,2.8,7.6,11.5,1.6,28.5,0.2,4.0,12.7,11.5,9.7,35.6,0.058,2014
192,Ish Smith,PHX,25,70,39,31,14.4,101.3,1.4,9.9,15.5,0.7,25.7,0.2,14.6,5.1,3.9,4.0,12.9,0.058,2014
193,Dante Cunningham,MIN,27,81,39,42,20.2,104.8,2.7,13.4,20.6,0.8,21.8,0.7,37.9,6.0,6.0,5.8,19.2,0.057,2014
194,Terrence Jones,HOU,22,76,51,25,27.3,107.3,4.8,16.7,25.4,0.7,17.8,1.3,37.4,10.6,8.8,8.6,26.7,0.057,2014
195,Ersan Ilyasova,MIL,27,55,10,45,26.9,107.3,4.3,16.8,26.6,0.8,21.5,0.1,6.9,9.2,7.5,7.6,23.7,0.057,2014
196,Bismack Biyombo,CHA,21,77,42,35,13.9,100.9,3.4,23.5,36.0,0.1,5.0,1.1,57.3,4.4,4.2,3.1,10.6,0.057,2014
197,Nick Young,LAL,29,64,21,43,28.3,107.6,2.1,7.2,11.6,0.7,16.8,0.2,6.2,10.5,9.5,8.7,27.8,0.057,2014
198,Pablo Prigioni,NYK,37,66,29,37,19.4,104.6,1.4,8.4,12.9,1.0,30.9,0.0,1.7,6.0,4.6,4.4,15.2,0.057,2014
199,Anthony Morrow,NOP,28,76,32,44,18.8,104.3,1.5,8.1,12.4,0.5,17.8,0.2,6.1,5.7,4.6,5.9,15.6,0.057,2014
200,Shelvin Mack,ATL,24,73,33,40,20.4,105.2,1.9,9.6,14.7,0.7,20.3,0.0,1.6,7.5,5.3,4.7,17.8,0.057,2014
201,Andrew Nicholson,ORL,24,76,19,57,15.4,102.3,2.7,16.9,25.6,0.2,8.8,0.3,19.8,5.2,3.8,3.9,12.0,0.057,2014
202,Brandon Jennings,DET,24,80,28,52,34.1,108.9,2.3,6.9,10.5,1.3,20.8,0.1,2.7,11.7,9.9,10.2,31.7,0.056,2014
203,Phil Pressey,BOS,23,75,23,52,15.1,102.4,1.1,7.7,12.2,0.9,32.7,0.1,5.0,4.9,4.5,3.7,13.7,0.055,2014
204,Chuck Hayes,TOR,31,61,33,28,12.4,99.9,2.3,19.5,28.6,0.6,25.6,0.2,27.3,4.4,2.9,3.1,9.7,0.055,2014
205,Jordan Hamilton,HOU,23,60,31,29,17.0,103.9,2.7,14.8,22.8,0.7,28.9,0.3,15.6,6.3,5.6,4.8,15.9,0.055,2014
206,Rashard Lewis,MIA,34,60,41,19,16.2,103.2,1.4,9.6,14.4,0.9,28.6,0.1,8.5,6.0,4.3,4.4,13.7,0.055,2014
207,Elton Brand,ATL,35,73,34,39,19.4,105.1,3.6,19.0,29.0,0.5,18.3,1.2,67.2,7.6,5.4,5.4,16.8,0.055,2014
208,James Anderson,PHI,25,80,19,61,28.9,108.1,3.0,10.6,16.1,0.9,16.8,0.4,16.2,11.0,7.8,10.3,26.9,0.054,2014
209,Rudy Gobert,UTA,22,45,7,38,9.6,96.7,2.3,22.6,35.5,0.2,12.5,0.9,67.2,4.3,2.7,3.4,8.6,0.054,2014
210,Jan Vesely,DEN,24,54,22,32,14.4,101.7,2.0,15.8,22.7,1.0,36.1,0.6,40.2,4.5,3.1,3.3,11.9,0.054,2014
211,Shane Larkin,DAL,21,48,26,22,10.2,97.4,0.6,6.9,10.3,0.5,25.2,0.0,2.9,3.4,1.7,3.1,8.0,0.054,2014
212,Derrick Williams,SAC,23,78,29,49,23.3,106.8,3.2,13.4,20.1,0.6,18.4,0.3,13.5,8.6,6.4,7.0,20.3,0.054,2014
213,Michael Carter-Williams,PHI,22,70,18,52,34.5,109.1,4.8,14.1,21.5,1.9,26.8,0.6,21.8,13.1,9.8,11.5,32.1,0.054,2014
214,Kyle Singler,DET,26,82,29,53,28.5,108.2,2.3,8.0,12.5,0.7,15.4,0.5,15.1,9.9,8.5,7.8,25.9,0.053,2014
215,Tristan Thompson,CLE,23,82,33,49,31.6,108.7,5.9,19.3,28.7,0.5,10.9,0.4,17.8,9.9,8.1,8.5,26.4,0.053,2014
216,Alec Burks,UTA,22,78,24,54,28.1,108.1,2.5,9.5,14.5,0.9,21.8,0.2,7.0,10.3,7.2,9.3,26.2,0.053,2014
217,Maurice Harkless,ORL,21,80,22,58,24.4,107.2,2.4,10.3,15.3,1.2,29.7,0.6,27.8,9.0,6.6,6.8,20.5,0.053,2014
218,Jeff Ayres,SAS,27,73,55,18,13.0,101.4,2.3,17.2,25.1,0.2,9.3,0.3,29.4,4.9,3.4,3.5,11.9,0.052,2014
219,Andrei Kirilenko,BKN,33,45,30,15,19.1,105.4,2.0,11.6,18.4,0.9,24.8,0.4,31.7,7.0,4.7,5.1,17.6,0.052,2014
220,Mike Miller,MEM,34,82,50,32,20.8,106.3,2.2,11.1,16.7,0.3,9.8,0.1,2.8,7.4,4.9,5.8,16.0,0.051,2014
221,Brandon Davies,PHI,22,51,15,36,11.3,99.6,1.4,12.7,19.9,0.5,20.5,0.2,19.0,4.5,2.8,3.5,8.2,0.051,2014
222,Dorell Wright,POR,28,68,48,20,14.5,103.0,2.4,15.7,24.3,0.3,21.3,0.2,16.2,4.8,4.3,4.3,13.9,0.051,2014
223,Cartier Martin,ATL,29,59,27,32,14.7,103.2,1.6,11.5,17.1,0.5,19.1,0.1,10.9,5.4,3.6,2.8,12.3,0.051,2014
224,Brian Roberts,NOP,28,72,28,44,23.2,107.1,1.7,7.4,11.4,0.6,16.3,0.1,3.3,8.3,6.1,6.3,21.8,0.051,2014
225,Wilson Chandler,DEN,27,62,27,35,31.1,108.9,3.8,11.9,18.0,0.7,16.6,0.5,15.0,11.7,9.2,8.8,30.3,0.05,2014
226,Ben McLemore,SAC,21,82,28,54,26.7,108.1,2.2,8.6,12.6,0.5,13.6,0.2,10.8,9.6,6.6,8.9,23.1,0.05,2014
227,Aaron Brooks,DEN,29,72,42,30,21.6,106.7,1.3,6.1,9.1,0.7,23.3,0.2,8.8,8.1,5.9,6.3,20.1,0.05,2014
228,Toney Douglas,MIA,28,51,33,18,13.2,102.3,1.4,10.9,15.7,0.4,16.0,0.1,7.5,4.7,3.3,3.4,11.1,0.05,2014
229,Travis Outlaw,SAC,29,63,22,41,16.9,104.8,2.1,12.0,18.0,0.3,14.1,0.3,21.6,5.2,4.6,4.7,14.8,0.049,2014
230,Kevin Seraphin,WAS,24,53,25,28,10.9,99.5,1.4,13.9,20.8,0.1,3.2,0.5,42.6,3.6,3.1,2.3,8.5,0.049,2014
231,Jose Calderon,DAL,32,81,49,32,30.5,108.9,2.0,6.8,10.4,0.9,17.0,0.1,5.3,10.3,9.0,10.3,29.0,0.049,2014
232,Caron Butler,OKC,34,56,21,35,25.3,107.8,3.7,14.9,23.0,0.8,20.6,0.3,10.8,9.2,6.9,7.7,21.3,0.049,2014
233,Reggie Bullock,LAC,23,43,30,13,9.2,97.5,1.0,9.5,16.0,0.2,14.5,0.0,2.9,3.1,2.8,2.7,8.1,0.049,2014
234,Shawn Marion,DAL,36,76,44,32,31.7,109.2,4.8,15.3,23.6,1.2,21.9,0.5,15.9,11.3,9.7,11.2,30.8,0.049,2014
235,O.J. Mayo,MIL,26,52,10,42,25.9,108.2,1.9,7.6,12.3,0.5,14.2,0.3,8.3,10.1,7.0,6.8,22.9,0.048,2014
236,Diante Garrett,UTA,25,71,23,48,14.8,103.7,1.2,8.4,13.1,0.6,24.0,0.1,5.3,5.6,4.0,4.9,14.2,0.048,2014
237,Greg Stiemsma,NOP,28,55,21,34,18.3,105.6,2.8,16.5,25.2,0.6,22.6,1.0,39.6,6.4,5.0,5.1,16.1,0.048,2014
238,Perry Jones III,OKC,22,62,45,17,12.3,101.5,1.4,11.0,16.7,0.2,10.3,0.3,23.5,4.6,3.0,3.1,9.6,0.048,2014
239,Steven Adams,OKC,20,81,59,22,14.8,103.7,2.3,15.7,23.3,0.5,20.6,0.7,43.2,5.3,3.4,3.9,12.2,0.048,2014
240,Wesley Johnson,LAL,26,79,27,52,28.4,108.8,3.5,11.7,19.0,1.1,24.4,1.0,29.6,10.5,9.4,9.8,29.9,0.047,2014
241,Orlando Johnson,SAC,25,45,34,11,8.7,96.2,1.0,11.3,17.4,0.1,11.3,0.0,5.4,2.6,2.3,2.3,6.8,0.047,2014
242,Henry Sims,PHI,24,46,11,35,19.0,105.9,2.9,15.7,24.4,0.6,18.4,0.4,32.8,6.9,5.7,6.2,17.2,0.047,2014
243,Andre Drummond,DET,20,81,29,52,32.3,109.4,7.8,25.3,37.6,1.2,22.4,1.6,49.2,12.2,9.1,9.5,29.6,0.047,2014
244,Robbie Hummel,MIN,25,53,26,27,12.4,101.9,1.8,15.2,22.3,0.3,13.6,0.0,3.4,4.0,3.3,4.0,11.7,0.046,2014
245,Trevor Booker,WAS,26,72,36,36,21.6,107.2,3.2,15.9,24.0,0.6,16.8,0.6,29.4,7.5,6.3,5.8,20.5,0.046,2014
246,Gary Neal,CHA,29,52,19,33,21.4,107.3,1.5,7.6,11.6,0.3,14.0,0.0,0.0,8.2,5.5,5.4,18.8,0.046,2014
247,Tony Wroten,PHI,21,72,18,54,24.5,108.2,2.2,8.7,14.4,1.1,22.3,0.2,10.0,10.3,8.1,8.6,22.7,0.046,2014
248,Matt Bonner,SAS,34,61,43,18,11.3,100.9,1.9,16.3,24.3,0.2,15.0,0.2,19.0,3.0,2.5,2.9,9.8,0.046,2014
249,Nazr Mohammed,CHI,36,80,47,33,7.0,93.1,1.4,18.8,28.2,0.2,19.2,0.4,45.5,2.1,1.6,1.4,5.2,0.046,2014
250,Brandan Wright,DAL,26,58,36,22,18.6,106.2,2.4,13.9,22.0,0.6,17.4,0.9,57.3,6.0,5.5,5.6,17.2,0.045,2014
251,Jeremy Evans,UTA,26,66,23,43,18.3,106.2,2.9,16.7,24.3,0.6,21.5,0.7,39.0,6.9,4.6,6.0,16.9,0.045,2014
252,Kendall Marshall,LAL,22,54,14,40,29.0,109.1,2.6,8.3,13.2,0.9,20.5,0.1,2.4,11.9,9.8,10.2,31.3,0.045,2014
253,Joel Freeland,POR,27,52,37,15,14.0,103.9,2.3,15.5,24.3,0.2,12.2,0.4,40.0,4.8,4.4,3.3,13.0,0.045,2014
254,Giannis Antetokounmpo,MIL,19,77,14,63,24.6,108.3,3.4,14.0,22.9,0.8,22.1,0.8,28.2,8.6,6.8,6.3,20.8,0.045,2014
255,Austin Rivers,NOP,21,69,27,42,19.4,106.7,1.5,8.0,12.1,0.7,21.4,0.1,5.1,6.2,4.8,6.1,16.2,0.045,2014
256,Jeff Withey,NOP,24,58,21,37,11.8,102.2,1.7,14.7,22.5,0.3,14.7,0.9,50.0,4.1,2.9,3.7,10.2,0.044,2014
257,Jameer Nelson,ORL,32,68,21,47,32.0,109.6,3.0,9.5,13.7,0.8,17.7,0.1,3.0,10.5,8.3,8.7,26.8,0.044,2014
258,Gordon Hayward,UTA,24,77,23,54,36.4,110.2,4.3,12.6,18.8,1.4,27.2,0.5,15.7,13.4,9.0,11.8,35.0,0.044,2014
259,Jerryd Bayless,BOS,25,72,24,48,23.4,107.9,1.7,7.6,11.7,0.8,25.0,0.1,6.4,8.0,6.6,6.8,20.8,0.044,2014
260,DeJuan Blair,DAL,25,78,46,32,15.6,105.3,2.9,19.8,29.9,0.8,25.0,0.3,22.8,5.3,4.4,4.6,13.9,0.044,2014
261,Ryan Hollins,LAC,29,61,43,18,7.9,97.2,1.0,10.8,17.6,0.1,10.8,0.5,67.4,2.7,2.1,2.1,6.4,0.044,2014
262,Alexey Shved,MIN,25,63,28,35,10.5,100.5,1.0,9.0,13.6,0.4,24.5,0.3,22.5,3.4,2.9,3.1,9.8,0.044,2014
263,Thaddeus Young,PHI,26,79,18,61,34.4,110.1,3.9,11.5,18.1,2.1,31.0,0.5,16.7,13.3,11.0,11.8,33.0,0.043,2014
264,Gorgui Dieng,MIN,24,60,32,28,13.6,103.9,3.3,23.4,36.4,0.5,20.1,0.8,62.5,4.5,3.5,4.7,13.1,0.043,2014
265,Al-Farouq Aminu,NOP,23,80,33,47,25.6,108.8,4.6,18.8,28.7,1.0,23.9,0.5,14.0,8.3,7.1,7.5,24.7,0.043,2014
266,Earl Clark,NYK,26,54,22,32,14.2,104.8,2.2,15.9,23.4,0.3,16.3,0.5,36.8,5.4,3.7,4.1,12.7,0.042,2014
267,Cory Joseph,SAS,22,68,52,16,13.8,104.3,1.1,7.9,11.7,0.5,25.5,0.2,14.9,4.9,4.1,3.6,12.9,0.042,2014
268,Khris Middleton,MIL,22,82,15,67,30.0,109.7,3.0,10.6,16.7,1.0,25.3,0.2,9.1,10.2,8.0,7.6,26.5,0.041,2014
269,Zaza Pachulia,MIL,30,53,10,43,25.0,108.9,3.6,16.2,23.9,0.8,23.6,0.3,15.7,9.4,6.0,7.3,22.4,0.041,2014
270,Elliot Williams,PHI,25,67,13,54,17.3,106.6,1.5,8.7,14.1,0.5,15.6,0.0,2.9,7.6,5.2,6.1,16.4,0.041,2014
271,Ryan Kelly,LAL,23,59,15,44,22.2,108.3,3.0,12.9,20.1,0.5,15.6,0.8,32.6,8.0,7.7,7.1,21.2,0.041,2014
272,Spencer Hawes,CLE,26,80,26,54,30.9,110.2,6.6,20.3,31.2,0.6,11.7,1.2,49.0,12.0,9.1,9.5,26.9,0.04,2014
273,Luke Ridnour,CHA,33,61,22,39,18.7,107.2,1.2,6.9,10.9,0.5,20.5,0.1,6.1,7.3,5.1,4.7,15.6,0.04,2014
274,Anthony Bennett,CLE,21,52,20,32,12.7,104.5,2.0,16.0,25.6,0.4,18.4,0.2,17.0,5.5,3.4,3.3,10.2,0.04,2014
275,Mike Scott,ATL,25,80,36,44,18.5,107.3,2.8,15.4,23.8,0.4,12.8,0.1,6.9,6.9,5.3,4.7,16.8,0.04,2014
276,Will Bynum,DET,31,56,17,39,18.8,107.5,1.3,7.1,11.0,0.7,24.2,0.1,6.9,7.3,6.1,6.3,18.2,0.039,2014
277,Garrett Temple,WAS,28,75,40,35,8.5,99.7,0.6,8.0,11.8,0.5,31.3,0.1,15.1,3.3,2.1,2.1,6.9,0.039,2014
278,Jeff Adrien,MIL,28,53,17,36,18.1,107.5,3.8,22.3,34.6,0.5,19.7,0.7,35.0,6.4,4.4,4.9,15.1,0.038,2014
279,Rodney Stuckey,DET,28,73,27,46,26.7,109.5,1.8,6.7,10.6,0.7,16.3,0.1,5.6,9.2,8.4,7.7,24.3,0.038,2014
280,Hollis Thompson,PHI,23,77,18,59,22.6,108.7,2.3,10.3,15.9,0.7,15.6,0.2,8.7,8.7,6.4,7.7,21.0,0.038,2014
281,Anthony Randolph,DEN,24,43,15,28,12.3,104.4,2.4,18.5,28.3,0.6,29.9,0.4,29.7,5.3,3.2,4.6,10.9,0.038,2014
282,Tyreke Evans,NOP,24,72,32,40,28.2,109.8,3.7,13.6,21.1,1.2,25.5,0.3,8.4,9.7,7.8,7.8,25.4,0.038,2014
283,Kenneth Faried,DEN,24,80,36,44,27.2,109.7,5.6,20.4,30.4,0.9,21.3,0.9,27.4,10.4,7.7,8.2,28.3,0.038,2014
284,Tim Hardaway Jr.,NYK,22,81,37,44,23.2,109.0,1.3,5.8,9.1,0.5,15.1,0.1,4.2,8.0,6.4,5.7,19.4,0.037,2014
285,Robert Sacre,LAL,25,65,20,45,16.8,107.1,2.6,15.3,24.5,0.4,11.7,0.7,42.7,5.9,5.5,5.6,15.2,0.037,2014
286,Luc Mbah a Moute,MIN,27,64,31,33,15.7,106.4,1.4,9.2,14.0,0.5,18.4,0.2,17.9,5.3,3.7,5.4,15.1,0.037,2014
287,John Lucas III,UTA,31,42,10,32,14.1,106.0,0.6,4.8,7.5,0.3,15.9,0.0,0.0,6.1,4.2,4.9,13.7,0.036,2014
288,Jodie Meeks,LAL,26,77,25,52,33.2,110.8,2.1,6.1,9.9,1.4,28.2,0.1,1.4,12.4,10.7,12.6,36.2,0.035,2014
289,Quincy Miller,DEN,21,52,21,31,15.2,107.0,2.1,14.1,20.6,0.4,16.4,0.6,34.8,6.1,3.7,5.5,14.6,0.034,2014
290,Steve Novak,TOR,31,54,28,26,10.0,103.2,0.9,9.8,15.0,0.2,16.7,0.1,9.8,3.6,2.8,3.0,8.3,0.034,2014
291,Mason Plumlee,BKN,24,70,37,33,18.2,108.1,3.0,17.5,28.8,0.7,19.1,0.8,51.9,6.5,5.4,5.6,16.4,0.034,2014
292,Alexis Ajinca,NOP,26,56,22,34,17.0,107.7,3.3,20.1,29.3,0.4,17.3,0.8,36.8,6.0,4.7,5.2,14.8,0.034,2014
293,Jon Leuer,MEM,25,49,24,25,13.1,106.0,2.5,20.8,31.0,0.4,17.5,0.3,22.8,4.7,2.8,3.9,10.0,0.034,2014
294,Reggie Evans,SAC,34,54,18,36,16.6,107.5,4.1,26.0,38.0,0.7,27.4,0.1,4.9,6.1,3.3,5.7,14.9,0.034,2014
295,Ray McCallum,SAC,23,45,16,29,19.9,108.6,1.4,7.1,10.0,0.5,18.3,0.2,15.5,7.4,4.5,6.5,16.9,0.034,2014
296,Jordan Hill,LAL,26,72,24,48,20.8,108.8,4.7,21.7,35.2,0.4,13.1,0.9,38.6,8.3,6.7,7.9,22.1,0.034,2014
297,Aron Baynes,SAS,27,53,41,12,9.3,102.7,1.7,18.6,26.0,0.0,3.0,0.1,20.0,3.2,1.9,2.5,8.7,0.034,2014
298,Pau Gasol,LAL,33,60,21,39,31.4,110.8,7.6,22.8,35.7,0.5,10.5,1.5,40.0,13.2,10.2,12.2,34.6,0.032,2014
299,Lou Williams,ATL,27,60,26,34,24.1,109.9,1.9,8.0,12.7,0.8,19.7,0.1,3.6,9.3,7.0,6.3,21.4,0.032,2014
300,Derrick Favors,UTA,22,73,25,48,30.2,110.8,6.0,21.2,31.6,1.0,24.9,1.5,53.5,10.8,7.6,9.7,29.0,0.031,2014
301,Kent Bazemore,LAL,24,67,35,32,13.6,107.0,1.6,11.5,18.0,0.6,24.2,0.2,10.9,5.4,4.0,3.9,13.2,0.031,2014
302,Mirza Teletovic,BKN,28,72,41,31,19.4,109.0,2.9,15.7,24.6,0.4,12.8,0.3,20.4,7.2,5.5,5.5,17.8,0.031,2014
303,Ekpe Udoh,MIL,27,42,7,35,19.1,108.9,2.1,10.5,18.0,0.4,16.3,1.0,41.5,7.0,6.0,4.1,17.0,0.031,2014
304,Donald Sloan,IND,26,48,31,17,8.2,102.2,0.8,10.1,14.4,0.2,20.8,0.0,2.9,2.5,2.0,2.5,6.1,0.031,2014
305,Michael Beasley,MIA,25,55,36,19,15.1,107.8,2.6,18.6,28.5,0.4,17.3,0.4,21.9,5.5,4.2,4.1,13.1,0.03,2014
306,Alonzo Gee,CLE,27,65,29,36,15.7,108.1,1.8,11.0,17.3,0.6,25.2,0.2,15.6,6.0,4.3,4.6,13.2,0.03,2014
307,Trey Burke,UTA,21,70,24,46,32.3,111.2,2.4,8.1,11.9,0.6,13.9,0.1,2.8,10.8,8.0,10.1,30.8,0.03,2014
308,Udonis Haslem,MIA,34,46,30,16,14.2,107.3,2.9,23.1,33.6,0.2,9.9,0.3,26.3,5.0,3.5,3.6,12.3,0.03,2014
309,Amar'e Stoudemire,NYK,31,65,26,39,22.6,109.8,3.2,15.5,24.3,0.4,11.2,0.6,31.9,7.5,6.2,4.9,17.8,0.03,2014
310,Brandon Knight,MIL,22,72,13,59,33.3,111.3,2.9,9.2,14.4,1.0,21.2,0.2,7.9,11.9,9.3,9.1,30.6,0.03,2014
311,Archie Goodwin,PHX,19,52,32,20,10.2,105.1,1.2,10.8,17.4,0.4,20.8,0.2,17.2,3.9,3.8,3.2,10.1,0.029,2014
312,Jonas Jerebko,DET,27,64,23,41,11.6,106.2,1.9,17.0,26.3,0.3,15.7,0.1,11.5,4.9,3.3,3.3,10.6,0.029,2014
313,Marvin Williams,UTA,28,66,24,42,25.4,110.6,3.8,16.0,24.2,0.8,23.1,0.5,20.0,7.5,6.7,7.2,24.4,0.027,2014
314,Richard Jefferson,UTA,34,82,25,57,27.0,110.9,2.5,9.7,14.4,0.7,18.1,0.2,7.1,8.7,6.6,8.3,25.4,0.027,2014
315,Toure' Murry,NYK,24,51,26,25,7.3,103.1,0.6,8.0,12.4,0.4,26.4,0.0,3.4,2.9,2.2,2.0,5.9,0.027,2014
316,John Henson,MIL,23,70,12,58,26.5,110.9,4.7,18.0,29.3,0.6,18.7,1.7,47.9,10.6,7.5,6.8,23.5,0.027,2014
317,Nando De Colo,TOR,27,47,36,11,10.5,106.1,1.3,12.5,18.4,0.5,26.8,0.1,16.7,3.7,2.6,3.1,9.7,0.027,2014
318,Eric Gordon,NOP,25,64,26,38,32.1,111.5,2.1,7.1,10.8,1.2,21.4,0.2,4.5,11.9,9.0,8.7,31.5,0.026,2014
319,Miroslav Raduljica,MIL,26,48,7,41,9.7,105.5,1.1,11.6,19.6,0.1,10.8,0.3,30.2,3.4,2.8,2.7,7.6,0.026,2014
320,Quincy Acy,SAC,23,63,22,41,13.5,108.2,2.3,16.7,25.8,0.4,20.9,0.4,33.3,4.7,4.1,3.7,11.6,0.025,2014
321,Jimmer Fredette,CHI,25,49,20,29,10.6,107.0,0.9,8.3,12.8,0.3,21.9,0.1,6.4,3.2,2.7,3.1,10.0,0.024,2014
322,Rasual Butler,IND,35,50,30,20,7.6,104.4,0.7,9.0,13.4,0.1,14.0,0.2,23.7,2.4,2.1,1.9,5.7,0.023,2014
323,Alex Len,PHX,21,42,24,18,8.6,106.4,1.4,17.1,25.9,0.1,7.1,0.4,50.0,3.6,2.3,3.6,8.0,0.021,2014
324,Thomas Robinson,POR,23,70,47,23,12.5,109.0,2.9,22.9,35.2,0.3,20.9,0.3,25.3,4.5,4.0,3.4,11.7,0.02,2014
325,Cole Aldrich,NYK,25,46,26,20,7.2,105.7,2.0,27.9,45.5,0.2,13.3,0.7,85.7,2.5,2.4,1.5,4.9,0.019,2014
326,Enes Freedom,UTA,22,80,23,57,26.7,112.0,4.7,19.5,29.5,0.4,9.4,0.5,24.4,10.3,6.8,9.0,25.6,0.018,2014
327,Wayne Ellington,DAL,26,45,23,22,8.7,109.0,0.8,9.4,14.6,0.4,21.9,0.0,6.3,3.1,2.5,2.7,7.7,0.015,2014
328,Dennis Schroder,ATL,20,49,21,28,13.1,111.8,1.1,9.1,14.1,0.3,19.5,0.0,0.0,5.5,3.6,3.7,11.7,0.009,2014
329,Byron Mullens,PHI,25,45,16,29,9.2,112.2,1.5,17.2,26.9,0.3,19.5,0.2,33.3,3.8,2.5,2.9,9.7,0.006,2014
