,Player,TEAM,AGE,GP,W,L,MIN,DEF RTG,DREB,DREB%,%DREB,STL,STL%,BLK,%BLK,OPP PTSOFF TOV,OPP PTS2ND CHANCE,OPP PTSFB,OPP PTSPAINT,DEFWS,Year
0,Tim Duncan,SAS,24,74,48,26,38.9,95.0,8.9,21.7,32.9,0.9,15.1,2.2,39.2,12.6,10.2,9.4,28.0,0.193,2000
1,Anfernee Hardaway,PHX,28,60,42,18,37.5,94.8,4.3,10.7,17.1,1.6,21.0,0.6,15.3,13.2,11.0,9.1,28.2,0.187,2000
2,Shaquille O'Neal,LAL,28,79,66,13,40.1,96.2,9.4,21.9,33.7,0.5,7.5,3.0,53.7,10.7,11.3,9.8,28.0,0.181,2000
3,Kobe Bryant,LAL,21,66,55,11,38.2,96.4,4.7,11.4,17.6,1.6,27.5,0.9,17.8,10.4,10.6,10.0,28.4,0.173,2000
4,Eddie Jones,CHH,28,72,47,25,38.9,96.9,3.6,9.2,13.8,2.7,37.4,0.7,13.6,12.1,9.9,11.3,31.5,0.167,2000
5,Latrell Sprewell,NYK,29,82,50,32,40.0,98.2,3.7,9.1,14.3,1.3,24.9,0.3,7.6,13.0,10.6,8.5,27.1,0.158,2000
6,Jason Kidd,PHX,27,67,44,23,39.0,98.1,5.8,14.5,23.3,2.0,27.6,0.4,9.7,13.9,11.8,9.9,29.9,0.155,2000
7,George Lynch,PHI,29,75,45,30,32.2,95.6,4.9,15.1,24.2,1.6,23.6,0.5,15.7,9.7,8.4,8.5,25.4,0.154,2000
8,Derek Fisher,LAL,25,78,65,13,23.1,90.3,1.6,6.2,9.5,1.0,26.6,0.0,1.3,6.3,5.9,5.9,16.0,0.15,2000
9,David Robinson,SAS,34,80,51,29,32.0,95.8,7.2,22.4,34.3,1.2,24.6,2.3,50.0,9.8,8.9,7.3,22.6,0.149,2000
10,Jamal Mashburn,MIA,27,76,47,29,37.2,98.2,4.2,11.0,17.0,1.0,18.5,0.2,3.9,12.1,9.7,9.2,27.5,0.146,2000
11,Clifford Robinson,PHX,33,80,51,29,35.5,97.7,3.2,8.5,13.7,1.1,17.1,0.8,19.9,12.6,10.7,8.8,27.1,0.146,2000
12,Eric Snow,PHI,27,82,49,33,34.9,97.5,2.7,7.7,12.4,1.7,24.2,0.1,3.0,10.6,9.4,9.1,27.3,0.145,2000
13,Rodney Rogers,PHX,29,82,53,29,27.9,94.3,3.8,12.8,21.0,1.1,21.7,0.6,19.1,10.0,8.1,6.3,19.8,0.145,2000
14,Tom Gugliotta,PHX,30,54,36,18,32.7,96.6,5.3,15.9,25.3,1.5,24.3,0.6,16.7,11.0,9.9,8.3,25.2,0.145,2000
15,Rasheed Wallace,POR,25,81,58,23,35.1,97.7,5.4,15.3,23.4,1.1,18.8,1.3,37.8,10.3,9.3,8.8,24.9,0.144,2000
16,Terry Porter,SAS,37,68,43,25,23.7,91.9,2.5,9.8,15.2,0.7,19.2,0.1,4.3,7.5,6.2,4.8,15.9,0.142,2000
17,Allan Houston,NYK,29,82,50,32,38.6,99.2,2.8,7.4,11.6,0.8,15.5,0.2,5.1,12.4,9.7,8.7,25.8,0.14,2000
18,Theo Ratliff,PHI,27,57,34,23,31.5,96.6,5.2,16.1,25.6,0.6,9.7,3.0,75.3,9.7,8.6,7.0,23.6,0.14,2000
19,Allen Iverson,PHI,25,70,42,28,40.8,99.9,2.8,7.0,11.3,2.1,24.8,0.1,1.7,12.4,10.9,11.0,32.3,0.139,2000
20,Dan Majerle,MIA,34,69,44,25,33.5,97.9,4.4,12.9,19.8,1.3,26.5,0.2,5.5,10.8,8.6,8.3,23.6,0.136,2000
21,Bo Outlaw,ORL,29,82,41,41,28.4,95.6,3.9,13.1,21.5,1.4,24.7,1.8,44.6,10.5,8.6,7.4,22.3,0.134,2000
22,Anthony Mason,CHH,33,82,49,33,38.2,99.5,6.8,17.7,26.4,0.9,13.1,0.4,7.9,12.2,10.0,10.9,31.3,0.134,2000
23,Larry Johnson,NYK,31,70,43,27,32.6,97.7,4.2,13.3,20.2,0.6,13.9,0.1,3.9,10.3,7.9,7.2,21.5,0.133,2000
24,Alonzo Mourning,MIA,30,79,50,29,34.7,98.6,6.8,18.9,29.2,0.5,10.4,3.7,74.8,11.4,9.5,8.7,24.5,0.132,2000
25,Kevin Garnett,MIN,24,81,50,31,40.0,100.3,9.0,23.3,36.6,1.5,22.7,1.6,35.9,12.1,10.7,10.7,32.1,0.13,2000
26,Avery Johnson,SAS,35,82,53,29,31.4,97.6,1.5,4.7,7.2,0.9,18.7,0.2,5.0,10.2,8.8,7.7,23.2,0.13,2000
27,Robert Horry,LAL,29,76,62,14,22.2,92.6,3.0,12.4,19.6,1.1,29.5,1.1,31.5,6.7,6.0,5.6,15.7,0.129,2000
28,Terrell Brandon,MIN,30,71,43,28,36.5,99.6,2.7,7.7,11.9,1.9,31.8,0.4,10.2,10.8,9.1,9.9,28.8,0.128,2000
29,Steven Smith,POR,31,82,59,23,32.8,98.4,2.3,6.9,10.7,0.9,17.4,0.4,11.0,9.9,9.3,8.7,24.7,0.127,2000
30,Scottie Pippen,POR,34,82,59,23,33.5,98.7,4.9,14.4,22.1,1.4,26.1,0.5,15.4,9.9,9.3,8.6,24.5,0.127,2000
31,Tyrone Hill,PHI,32,68,41,27,31.7,97.9,6.0,19.3,30.1,0.9,14.6,0.4,13.8,9.4,8.3,8.6,24.4,0.126,2000
32,Glen Rice,LAL,33,80,65,15,31.6,98.1,3.4,10.0,15.7,0.6,12.6,0.2,3.8,9.3,9.2,8.3,23.5,0.125,2000
33,Patrick Ewing,NYK,37,62,39,23,32.8,98.6,7.5,23.3,35.9,0.6,13.4,1.4,52.8,10.6,7.6,7.7,22.5,0.125,2000
34,Bryon Russell,UTA,29,82,55,27,35.3,99.8,4.0,12.1,18.6,1.6,26.8,0.3,7.4,10.8,8.8,7.0,24.3,0.121,2000
35,Mario Elie,SAS,36,79,51,28,28.1,97.2,2.5,8.8,13.5,0.9,22.0,0.1,3.0,9.5,7.9,7.1,21.1,0.12,2000
36,P.J. Brown,MIA,30,80,52,28,28.8,97.5,4.8,16.2,24.8,0.8,19.6,0.8,19.4,9.4,7.5,7.3,21.0,0.12,2000
37,John Stockton,UTA,38,82,55,27,29.7,98.1,2.1,7.5,11.2,1.7,33.3,0.2,5.7,8.7,7.3,5.8,20.5,0.119,2000
38,Shawn Marion,PHX,22,51,37,14,24.8,96.0,4.5,17.5,27.0,0.7,15.4,1.0,37.3,9.2,7.0,6.3,18.9,0.116,2000
39,Toni Kukoc,PHI,31,56,30,26,31.9,98.9,3.5,11.6,19.3,1.4,22.1,0.5,17.1,11.8,8.5,8.0,25.6,0.116,2000
40,Chris Webber,SAC,27,75,41,34,38.4,101.2,8.0,19.3,31.3,1.6,20.9,1.7,45.7,14.4,11.8,13.4,33.6,0.116,2000
41,Darrell Armstrong,ORL,32,82,41,41,31.6,99.2,2.5,7.6,12.3,2.1,30.8,0.1,2.7,12.0,9.9,10.0,26.4,0.115,2000
42,Elden Campbell,CHH,31,78,45,33,32.5,99.4,5.4,16.9,25.1,0.7,12.1,1.9,48.4,10.5,8.6,9.6,25.8,0.114,2000
43,Karl Malone,UTA,36,82,55,27,35.9,100.7,7.4,22.3,34.2,1.0,15.6,0.9,22.3,11.0,9.0,7.5,25.5,0.113,2000
44,Aaron McKie,PHI,27,82,49,33,23.8,95.9,2.4,10.1,16.3,1.3,29.1,0.2,10.8,7.5,6.2,5.8,17.7,0.113,2000
45,Metta World Peace,CHI,20,72,16,56,31.1,99.3,3.4,11.5,18.2,1.7,31.2,0.5,17.1,12.6,7.9,8.8,24.6,0.113,2000
46,Arvydas Sabonis,POR,35,66,50,16,25.5,96.9,6.3,24.3,36.2,0.7,16.2,1.2,42.6,7.8,6.9,7.5,18.5,0.111,2000
47,Damon Stoudamire,POR,26,78,57,21,30.4,99.3,2.3,7.5,11.5,1.0,20.9,0.0,0.4,9.3,8.4,8.0,22.1,0.111,2000
48,Marcus Camby,NYK,26,59,38,21,26.2,97.5,4.9,18.0,29.4,0.7,20.6,2.0,63.0,7.9,7.3,5.5,17.4,0.111,2000
49,Gary Payton,SEA,31,82,45,37,41.8,102.2,5.2,12.3,19.8,1.9,26.9,0.2,6.3,12.3,12.7,11.5,35.2,0.11,2000
50,Vlade Divac,SAC,32,82,44,38,29.0,98.9,5.9,18.5,29.0,1.3,21.7,1.3,43.3,11.3,8.4,10.8,25.1,0.109,2000
51,David Wesley,CHH,29,82,49,33,33.6,100.3,2.3,6.6,9.9,1.3,23.0,0.1,3.4,11.4,9.2,10.4,27.8,0.109,2000
52,Tim Hardaway,MIA,33,52,35,17,32.1,100.0,2.4,7.3,11.4,0.9,21.2,0.1,1.9,10.0,8.9,8.0,23.5,0.108,2000
53,Jason Williams,SAC,24,81,43,38,34.0,100.9,2.6,6.9,11.1,1.4,21.4,0.1,2.9,13.6,10.2,12.5,30.1,0.107,2000
54,Charlie Ward,NYK,29,72,45,27,27.6,98.7,2.9,10.2,16.2,1.3,36.4,0.2,8.7,9.0,7.6,6.2,20.3,0.106,2000
55,Ron Harper,LAL,36,80,66,14,25.5,97.3,3.0,11.3,17.2,1.1,27.7,0.5,14.3,6.9,7.0,6.9,18.6,0.105,2000
56,Oliver Miller,PHX,30,51,31,20,21.3,95.5,3.4,14.7,24.5,0.8,20.1,1.6,46.2,8.5,6.5,5.0,15.8,0.105,2000
57,Malik Sealy,MIN,30,82,50,32,29.1,99.3,2.8,9.9,15.6,0.9,20.8,0.2,7.1,8.8,7.5,7.9,22.4,0.105,2000
58,Derrick Coleman,CHH,33,74,43,31,31.8,100.2,6.9,21.1,31.8,0.5,8.9,1.8,40.9,10.7,8.8,9.1,25.9,0.104,2000
59,Rick Fox,LAL,30,82,67,15,18.0,92.7,1.6,8.7,13.2,0.6,21.0,0.3,12.3,5.3,4.4,4.3,12.1,0.104,2000
60,Jerome Kersey,SAS,38,72,46,26,18.2,92.7,2.3,12.4,19.0,0.9,29.3,0.7,25.0,5.8,5.0,4.6,12.8,0.104,2000
61,Paul Pierce,BOS,22,73,34,39,35.4,101.4,4.3,12.8,19.1,2.1,27.4,0.8,33.3,12.0,9.3,9.5,27.9,0.103,2000
62,Kurt Thomas,NYK,27,80,49,31,24.6,97.4,4.5,18.2,28.9,0.6,20.2,0.5,25.5,8.3,6.2,4.6,15.2,0.103,2000
63,Voshon Lenard,MIA,27,53,34,19,27.1,98.8,2.2,7.6,12.1,0.8,18.9,0.3,7.5,9.0,7.3,6.2,18.7,0.102,2000
64,Reggie Miller,IND,34,81,55,26,36.9,101.9,2.3,6.1,9.7,1.0,20.2,0.3,7.7,11.4,10.8,11.2,33.4,0.102,2000
65,Jalen Rose,IND,27,80,54,26,37.2,102.0,4.3,11.0,17.5,1.1,20.6,0.6,14.5,11.6,10.9,11.7,33.1,0.101,2000
66,Ben Wallace,ORL,25,81,40,41,24.2,97.5,5.6,22.1,35.1,0.9,16.9,1.6,46.4,9.3,7.4,7.7,20.3,0.101,2000
67,Vince Carter,TOR,23,82,45,37,38.1,102.3,4.0,10.7,16.6,1.3,21.0,1.1,21.0,11.3,10.8,13.9,31.2,0.1,2000
68,A.C. Green,LAL,36,82,67,15,23.5,97.0,4.0,16.0,24.2,0.6,19.1,0.2,7.7,6.4,6.3,6.0,17.5,0.1,2000
69,Luc Longley,PHX,31,72,45,27,19.7,94.7,3.1,15.3,24.0,0.3,9.0,0.6,30.9,7.3,5.7,5.5,14.8,0.099,2000
70,Brad Miller,CHH,24,55,35,20,17.5,93.5,3.3,17.6,27.5,0.4,12.0,0.6,28.2,5.8,5.0,5.3,14.3,0.099,2000
71,Wally Szczerbiak,MIN,23,73,45,28,29.7,100.3,2.5,8.8,13.6,0.8,15.8,0.3,9.7,8.8,7.5,8.0,24.2,0.098,2000
72,Clar. Weatherspoon,MIA,29,78,49,29,20.7,95.8,4.1,19.6,30.4,0.7,20.9,0.6,25.4,6.9,5.2,4.2,13.4,0.097,2000
73,Tracy McGrady,TOR,21,79,44,35,31.1,100.8,4.0,13.0,20.7,1.1,21.8,1.9,39.2,9.5,8.8,11.6,26.1,0.097,2000
74,Nick Anderson,SAC,32,72,41,31,29.1,100.6,3.6,11.1,17.6,1.3,21.1,0.2,7.4,12.0,8.5,11.3,25.0,0.096,2000
75,Anthony Carter,MIA,25,79,50,29,23.6,97.9,1.9,8.0,12.4,1.2,32.1,0.1,2.0,7.9,6.0,5.7,16.4,0.096,2000
76,Jeff Hornacek,UTA,37,77,52,25,27.7,100.2,1.7,6.6,10.1,0.9,18.3,0.2,6.7,8.6,7.0,6.4,20.0,0.093,2000
77,Malik Rose,SAS,25,74,48,26,18.1,94.8,2.7,14.4,23.0,0.5,16.5,0.7,31.5,6.3,4.9,4.7,12.9,0.093,2000
78,Shawn Bradley,DAL,28,77,38,39,24.7,98.7,4.4,16.2,27.2,0.9,24.7,2.5,72.5,7.5,8.5,6.9,18.3,0.093,2000
79,Matt Maloney,CHI,28,51,14,37,23.1,97.8,1.1,4.6,7.6,0.6,16.8,0.1,2.7,9.5,6.8,5.3,17.6,0.093,2000
80,Ron Mercer,ORL,24,68,34,34,34.9,102.0,2.7,7.6,12.4,1.1,18.8,0.3,5.9,12.6,10.5,10.3,31.1,0.092,2000
81,Tariq Abdul-Wahad,DEN,25,61,27,34,25.8,99.9,3.1,11.2,17.6,1.0,19.5,0.5,12.6,9.2,7.5,9.3,21.2,0.092,2000
82,Shawn Kemp,CLE,30,82,32,50,30.4,101.2,6.0,20.0,30.7,1.2,21.2,1.2,40.5,12.2,8.5,9.4,24.2,0.092,2000
83,Austin Croshere,IND,25,81,55,26,23.3,98.5,4.7,19.9,30.4,0.5,15.0,0.7,31.1,7.3,6.0,6.2,19.9,0.09,2000
84,Sam Perkins,IND,39,81,55,26,20.0,96.3,2.8,13.9,20.7,0.4,12.8,0.4,23.2,5.6,4.9,4.7,15.7,0.089,2000
85,Lamond Murray,CLE,27,74,27,47,32.0,101.9,4.0,12.3,19.4,1.4,24.6,0.5,16.1,12.6,9.5,9.0,24.8,0.089,2000
86,Brevin Knight,CLE,24,65,27,38,27.1,100.6,2.4,8.6,13.7,1.6,28.6,0.3,11.9,11.3,8.2,7.3,21.5,0.089,2000
87,Jerome Williams,DET,27,82,42,40,25.7,99.9,6.2,24.3,39.2,1.2,25.9,0.3,12.9,9.1,8.0,6.4,18.6,0.088,2000
88,Chris Childs,NYK,32,71,42,29,23.6,98.9,1.8,7.9,12.5,0.5,17.4,0.1,2.7,7.8,6.0,4.4,13.7,0.087,2000
89,Horace Grant,SEA,34,76,43,33,35.3,102.8,5.6,15.6,24.9,0.7,12.4,0.8,27.9,10.8,10.7,10.0,30.0,0.087,2000
90,Vin Baker,SEA,28,79,43,36,36.0,103.0,4.8,13.2,21.0,0.6,10.7,0.8,27.8,11.1,10.8,10.0,30.8,0.086,2000
91,Detlef Schrempf,POR,37,77,55,22,21.6,98.3,3.3,14.5,23.7,0.5,14.5,0.2,10.4,7.0,6.6,4.9,15.6,0.085,2000
92,Matt Geiger,PHI,30,65,41,24,21.6,98.4,3.6,17.0,27.5,0.4,10.6,0.3,25.9,7.1,5.3,6.0,16.5,0.085,2000
93,Brent Barry,SEA,28,80,44,36,34.2,102.8,4.0,11.8,19.0,1.3,23.4,0.4,13.5,10.7,10.6,9.8,28.8,0.085,2000
94,Peja Stojakovic,SAC,23,74,41,33,23.6,99.1,2.7,11.0,18.0,0.7,15.3,0.1,4.0,8.4,7.1,7.6,21.4,0.084,2000
95,Greg Ostertag,UTA,27,81,54,27,19.8,97.2,3.8,19.5,29.9,0.2,8.8,2.1,78.2,7.2,5.3,3.5,11.3,0.084,2000
96,Bob Sura,CLE,27,73,30,43,30.4,102.1,3.3,10.5,17.1,1.2,21.4,0.3,9.1,12.8,9.6,8.4,24.3,0.083,2000
97,Joe Smith,MIN,24,78,49,29,25.3,100.2,3.8,15.6,25.2,0.6,14.3,1.1,39.0,7.8,7.3,6.9,19.1,0.083,2000
98,Billy Owens,GSW,31,62,30,32,21.0,98.0,3.3,15.1,24.6,0.5,13.9,0.3,15.8,6.2,6.3,5.8,16.5,0.083,2000
99,Grant Hill,DET,27,74,40,34,37.5,103.7,5.3,14.6,23.1,1.4,21.9,0.6,25.0,12.9,11.5,9.5,29.0,0.082,2000
100,Charles Oakley,TOR,36,80,45,35,30.4,102.0,5.3,17.6,27.4,1.3,24.8,0.6,14.3,9.0,8.5,11.5,25.3,0.082,2000
101,Michael Finley,DAL,27,82,40,42,42.3,104.5,4.8,11.0,18.4,1.3,20.9,0.4,8.7,13.7,15.0,12.8,37.4,0.081,2000
102,Jaren Jackson,SAS,32,81,53,28,20.9,98.6,1.8,8.6,13.3,0.7,21.5,0.1,3.0,6.7,5.4,5.4,15.9,0.081,2000
103,Greg Anthony,POR,32,82,59,23,18.9,97.0,1.4,7.4,12.1,0.7,22.4,0.1,6.6,6.0,5.7,4.5,13.7,0.081,2000
104,Todd Day,PHX,30,58,36,22,16.3,95.4,1.7,10.1,16.4,0.8,23.9,0.4,19.6,5.7,4.6,3.7,11.5,0.081,2000
105,Stephon Marbury,NJN,23,74,31,43,38.9,104.1,2.4,6.3,10.6,1.5,21.5,0.2,4.9,12.1,12.5,12.9,35.5,0.081,2000
106,Antonio Davis,TOR,31,79,43,36,31.4,102.5,5.8,19.0,29.3,0.5,9.6,1.3,30.3,10.2,8.4,12.2,25.9,0.08,2000
107,Andrew DeClercq,CLE,27,82,32,50,22.2,99.4,3.5,15.2,24.8,0.8,18.5,0.8,38.4,9.2,7.0,5.5,17.4,0.08,2000
108,Dale Davis,IND,31,74,51,23,28.8,101.9,6.4,20.9,34.0,0.7,18.4,1.3,40.7,9.0,9.0,9.3,25.5,0.08,2000
109,Dirk Nowitzki,DAL,22,82,40,42,35.9,103.6,5.2,14.1,23.3,0.8,14.7,0.8,22.4,11.1,12.3,11.7,31.7,0.08,2000
110,Kenny Anderson,BOS,29,82,35,47,31.6,102.8,2.1,7.1,10.5,1.7,24.3,0.1,4.8,10.5,8.3,9.3,25.6,0.079,2000
111,Travis Best,IND,27,82,56,26,20.6,98.3,1.5,7.6,11.4,0.9,27.9,0.1,3.1,6.1,5.1,5.2,16.0,0.079,2000
112,Rasho Nesterovic,MIN,24,82,50,32,21.1,98.9,3.0,14.5,22.1,0.3,8.0,1.0,42.5,5.7,5.0,5.7,16.4,0.078,2000
113,Erick Strickland,DAL,26,68,36,32,29.8,102.5,3.7,12.0,19.7,1.5,30.7,0.2,6.0,9.4,10.7,9.1,26.9,0.078,2000
114,Andre Miller,CLE,24,82,32,50,25.6,100.9,2.4,9.2,14.8,1.0,26.3,0.2,9.0,9.8,7.6,6.9,19.3,0.078,2000
115,Jon Barry,SAC,30,62,36,26,20.6,98.3,2.0,9.1,14.5,1.2,30.4,0.1,6.1,6.7,6.1,6.5,18.1,0.077,2000
116,Dikembe Mutombo,ATL,34,82,28,54,36.4,103.8,10.4,27.6,42.8,0.3,7.9,3.3,71.0,13.0,10.0,12.2,29.0,0.077,2000
117,Adrian Griffin,BOS,25,72,29,43,26.8,101.7,3.4,14.0,21.1,1.6,28.2,0.2,10.6,9.7,6.7,8.4,22.8,0.076,2000
118,Doug Christie,TOR,30,73,40,33,31.0,103.0,3.0,9.9,15.3,1.4,26.4,0.6,13.7,10.2,8.5,12.3,26.9,0.076,2000
119,John Amaechi,ORL,29,80,39,41,21.1,99.2,2.6,11.5,19.7,0.4,10.3,0.5,16.7,8.4,7.3,6.1,18.2,0.075,2000
120,Bruce Bowen,MIA,29,69,37,32,12.6,92.3,1.0,8.0,13.0,0.3,15.8,0.2,15.5,4.2,3.1,2.6,8.6,0.075,2000
121,Chucky Brown,CHH,32,63,42,21,17.4,96.8,2.1,11.3,17.3,0.3,12.0,0.3,13.4,5.5,5.6,4.2,13.5,0.074,2000
122,Elton Brand,CHI,21,81,17,64,37.0,104.2,5.7,16.6,26.5,0.8,14.0,1.6,44.6,15.9,9.9,10.7,30.9,0.074,2000
123,Wesley Person,CLE,29,79,29,50,26.0,101.6,2.8,10.9,17.4,0.5,12.0,0.2,10.7,10.1,7.8,7.2,20.0,0.074,2000
124,Mitch Richmond,WAS,35,74,27,47,32.4,103.4,2.4,7.6,11.9,1.5,28.4,0.2,6.2,11.8,8.8,9.1,27.4,0.074,2000
125,Kerry Kittles,NJN,26,62,29,33,30.6,103.0,2.9,9.5,16.1,1.3,22.7,0.3,8.5,9.6,9.8,9.7,28.0,0.074,2000
126,Baron Davis,CHH,21,82,49,33,18.6,98.3,1.4,7.7,12.2,1.2,30.6,0.2,10.0,6.1,6.0,4.5,15.5,0.073,2000
127,Mark Bryant,CLE,35,75,29,46,22.7,100.3,3.0,13.5,20.9,0.4,11.3,0.4,21.7,8.5,6.1,6.4,17.6,0.073,2000
128,Antoine Walker,BOS,23,82,35,47,36.6,104.3,5.5,16.3,24.3,1.4,18.9,0.4,16.5,12.5,9.6,10.6,30.2,0.073,2000
129,Brian Grant,POR,28,63,46,17,21.0,99.6,3.5,17.2,28.5,0.5,15.1,0.4,22.2,6.7,6.3,4.7,14.5,0.073,2000
130,Keon Clark,DEN,25,81,35,46,22.9,100.8,4.2,17.5,27.5,0.6,18.2,1.4,37.5,8.6,6.3,7.1,19.2,0.072,2000
131,Al Harrington,IND,20,50,34,16,17.1,97.8,2.2,13.3,20.3,0.5,19.5,0.2,10.5,5.5,4.8,4.7,13.8,0.071,2000
132,Antonio Daniels,SAS,25,68,45,23,17.5,98.0,1.0,5.8,9.0,0.8,29.9,0.1,3.1,5.3,4.5,4.2,12.8,0.071,2000
133,Kelvin Cato,HOU,25,65,28,37,24.3,101.4,4.4,17.2,26.8,0.5,14.5,1.9,57.7,9.0,7.2,7.1,20.3,0.071,2000
134,Jerry Stackhouse,DET,25,82,42,40,38.4,104.8,2.4,6.4,10.1,1.3,19.5,0.4,17.3,14.2,11.4,10.4,30.8,0.07,2000
135,Randy Livingston,PHX,25,79,52,27,13.6,94.7,1.3,9.5,15.6,0.6,23.3,0.2,11.7,5.1,3.5,3.4,9.8,0.07,2000
136,Johnny Newman,NJN,36,82,31,51,21.4,100.3,1.4,6.8,11.4,0.6,16.8,0.1,7.5,7.0,6.4,6.2,17.2,0.07,2000
137,Chris Gatling,DEN,32,85,34,51,21.3,100.6,4.1,18.4,30.1,1.0,26.7,0.3,10.6,8.5,6.5,6.7,17.6,0.069,2000
138,Vitaly Potapenko,BOS,25,79,35,44,22.7,101.1,4.0,18.8,27.7,0.5,11.6,0.4,25.0,7.6,5.9,6.4,19.2,0.069,2000
139,Hakeem Olajuwon,HOU,37,44,14,30,23.8,101.4,4.8,20.2,31.0,0.9,21.2,1.6,57.9,10.0,6.4,8.1,19.2,0.069,2000
140,Isaiah Rider,ATL,29,60,23,37,34.8,104.3,3.3,8.8,14.0,0.7,17.6,0.1,2.3,12.4,9.6,12.4,29.6,0.069,2000
141,Michael Ruffin,CHI,23,71,15,56,13.7,95.4,1.9,14.7,23.3,0.4,14.5,0.4,25.5,6.5,3.6,3.8,10.0,0.069,2000
142,Olden Polynice,UTA,35,82,55,27,22.2,100.9,3.5,17.4,26.3,0.4,9.5,1.0,44.9,6.5,5.4,5.2,16.3,0.068,2000
143,James Posey,DEN,23,81,34,47,25.3,102.2,2.9,11.1,17.0,1.2,34.6,0.4,10.9,9.4,6.7,7.8,22.7,0.068,2000
144,Dickey Simpkins,CHI,28,69,16,53,24.0,101.6,3.6,15.9,24.7,0.3,8.9,0.3,14.6,10.1,6.0,6.2,19.9,0.068,2000
145,Lamar Odom,LAC,20,76,15,61,36.4,104.7,5.7,16.0,25.2,1.2,21.8,1.3,26.5,13.7,10.9,11.2,35.3,0.068,2000
146,Bonzi Wells,POR,23,66,49,17,17.6,98.5,1.6,9.0,14.5,1.0,31.2,0.2,11.8,6.3,5.3,4.0,12.3,0.068,2000
147,Ruben Patterson,SEA,24,81,45,36,25.9,102.4,2.7,10.0,16.5,1.2,26.5,0.5,22.1,8.0,8.4,7.9,22.9,0.068,2000
148,Brian Shaw,LAL,34,74,62,12,16.9,98.2,2.3,12.7,20.1,0.5,18.7,0.2,8.1,6.2,4.8,4.2,12.3,0.068,2000
149,Scott Burrell,NJN,29,74,31,43,18.0,99.0,2.6,14.7,24.8,0.9,24.8,0.6,36.4,4.8,5.2,4.8,14.6,0.068,2000
150,Eddie Robinson,CHH,24,67,40,27,16.6,98.2,1.9,11.5,17.6,0.7,21.8,0.4,16.8,5.6,5.1,4.7,14.4,0.067,2000
151,Muggsy Bogues,TOR,35,80,45,35,21.6,100.7,1.4,6.6,10.6,0.8,22.6,0.1,1.7,6.4,6.1,7.6,17.0,0.067,2000
152,Michael Curry,DET,31,82,42,40,19.7,100.1,1.0,5.2,8.3,0.4,12.9,0.1,4.3,7.5,5.9,5.0,14.1,0.066,2000
153,Raef LaFrentz,DEN,24,81,34,47,30.0,103.6,5.8,18.9,29.4,0.5,14.0,2.2,44.1,10.7,8.6,9.5,26.8,0.066,2000
154,Sam Cassell,MIL,30,81,42,39,35.8,104.8,2.9,8.1,13.0,1.3,20.2,0.1,2.8,12.2,10.8,10.5,27.0,0.066,2000
155,Lindsey Hunter,DET,29,82,42,40,35.6,104.8,2.6,7.6,11.8,1.6,25.9,0.3,11.1,12.4,10.4,9.5,27.8,0.066,2000
156,Nick Van Exel,DEN,28,79,35,44,37.3,105.0,3.5,9.1,14.3,0.9,17.4,0.1,2.3,13.5,10.7,11.8,32.9,0.066,2000
157,Grant Long,VAN,34,42,13,29,22.0,101.3,3.5,17.3,28.7,1.1,26.9,0.2,14.3,8.2,6.3,6.8,16.8,0.065,2000
158,Cuttino Mobley,HOU,24,81,34,47,30.8,103.9,2.8,8.8,14.1,1.1,21.4,0.4,11.6,11.9,9.7,8.6,27.1,0.065,2000
159,Scot Pollard,SAC,25,76,40,36,17.5,98.6,3.1,17.5,27.9,0.7,21.1,0.8,45.4,6.3,4.8,5.4,14.3,0.065,2000
160,John Crotty,DET,30,69,36,33,13.6,95.5,0.8,6.3,10.0,0.4,16.8,0.1,6.4,5.0,4.1,3.3,9.7,0.065,2000
161,Mark Jackson,IND,35,81,55,26,27.0,103.1,2.9,9.9,15.9,0.9,27.2,0.1,4.1,8.6,8.0,9.2,25.4,0.065,2000
162,Chris Anstey,CHI,25,73,13,60,13.8,96.1,2.6,19.7,31.6,0.4,16.1,0.3,27.8,6.0,3.9,3.5,10.0,0.065,2000
163,Tony Delk,SAC,26,46,24,22,14.8,96.4,1.1,7.7,12.8,0.8,24.3,0.1,9.8,4.9,4.0,4.0,12.5,0.065,2000
164,Danny Ferry,CLE,33,63,25,38,21.1,100.9,2.9,13.5,23.1,0.3,9.7,0.4,21.1,8.4,7.4,4.4,15.9,0.065,2000
165,Michael Doleac,ORL,23,81,40,41,16.5,98.3,3.0,17.8,26.9,0.4,13.4,0.4,21.0,5.7,4.1,5.3,12.5,0.065,2000
166,Anthony Peeler,MIN,30,82,50,32,25.3,102.6,2.1,8.5,13.8,0.8,19.2,0.1,4.2,7.7,7.4,7.1,20.4,0.064,2000
167,Kevin Willis,TOR,37,79,45,34,21.3,100.9,3.6,17.3,28.3,0.5,12.8,0.6,20.1,6.5,6.2,8.1,17.9,0.064,2000
168,Otis Thorpe,MIA,37,51,31,20,15.2,97.5,2.2,15.0,22.6,0.5,20.6,0.2,10.8,5.5,3.1,3.3,10.0,0.064,2000
169,Kenny Thomas,HOU,22,72,33,39,24.9,102.4,4.0,15.8,25.2,0.8,18.8,0.3,10.5,9.9,7.7,7.6,21.0,0.064,2000
170,Chucky Atkins,ORL,25,82,41,41,19.9,100.6,1.3,6.3,10.4,0.6,20.5,0.0,1.9,7.6,5.6,5.6,15.8,0.064,2000
171,Armen Gilliam,UTA,36,50,33,17,15.7,97.8,2.7,18.0,26.9,0.2,12.6,0.3,16.0,5.9,3.8,3.7,9.8,0.063,2000
172,Rex Chapman,PHX,32,53,32,21,18.1,99.6,1.3,7.2,11.5,0.4,14.4,0.0,1.0,6.3,5.4,4.7,13.7,0.063,2000
173,Walt Williams,HOU,30,76,34,42,24.5,102.5,3.1,12.5,19.1,0.6,18.3,0.6,21.7,9.3,6.5,7.5,20.6,0.063,2000
174,Rashard Lewis,SEA,20,82,45,37,19.2,100.6,2.5,12.9,20.9,0.8,23.0,0.4,22.4,6.1,6.0,4.8,15.7,0.063,2000
175,Corliss Williamson,SAC,26,76,41,35,22.5,102.1,2.2,9.1,14.2,0.5,11.6,0.3,11.0,9.4,6.6,8.6,19.6,0.062,2000
176,Chris Whitney,WAS,28,82,29,53,19.8,100.9,1.4,7.3,11.4,0.7,22.7,0.1,3.1,6.8,4.9,5.2,14.8,0.062,2000
177,Chris Carr,CHI,26,57,14,43,20.4,101.4,2.3,11.6,19.2,0.5,17.1,0.3,11.2,10.0,5.5,5.9,16.2,0.062,2000
178,Jamie Feick,NJN,25,81,30,51,27.7,103.6,6.1,22.8,38.1,0.5,10.8,0.5,23.3,8.2,8.9,9.2,26.6,0.061,2000
179,Tyrone Corbin,SAC,37,54,25,29,17.5,99.5,2.3,12.6,20.2,0.7,20.1,0.1,6.7,6.3,5.4,5.8,15.0,0.061,2000
180,Larry Hughes,GSW,21,82,33,49,28.4,103.8,2.9,10.5,16.6,1.4,24.4,0.3,11.9,10.0,8.3,9.3,23.4,0.061,2000
181,Lucious Harris,NJN,29,77,29,48,19.5,100.7,1.7,9.1,15.0,0.8,25.5,0.1,4.4,5.4,6.2,5.8,16.2,0.061,2000
182,Cedric Henderson,CLE,25,61,25,36,18.1,100.1,1.7,9.7,15.7,0.6,19.3,0.3,17.2,7.5,4.9,4.8,13.7,0.06,2000
183,Ray Allen,MIL,24,82,42,40,37.5,105.6,3.4,9.2,14.9,1.3,21.0,0.2,6.2,13.0,11.1,10.5,28.5,0.06,2000
184,Howard Eisley,UTA,27,82,55,27,25.5,103.1,1.8,7.3,11.6,0.7,19.6,0.1,3.7,8.9,6.9,5.6,16.9,0.06,2000
185,Steve Francis,HOU,23,77,31,46,36.0,105.4,3.3,9.1,14.3,1.5,28.5,0.4,9.4,14.8,10.8,11.0,31.8,0.059,2000
186,Antonio McDyess,DEN,25,81,34,47,33.3,105.0,5.6,16.2,25.6,0.9,19.4,1.7,36.2,12.4,9.8,10.3,29.8,0.059,2000
187,Steve Nash,DAL,26,56,31,25,27.4,103.8,1.6,5.5,9.4,0.7,15.0,0.1,2.1,8.0,9.7,7.7,24.1,0.059,2000
188,Christian Laettner,DET,30,82,42,40,29.8,104.5,4.6,16.3,25.2,1.0,20.4,0.5,30.0,11.3,8.4,8.4,24.1,0.058,2000
189,Ervin Johnson,MIL,32,80,41,39,26.7,103.9,5.2,19.5,31.1,1.0,21.3,1.6,54.0,9.3,7.7,7.8,19.7,0.058,2000
190,Bryce Drew,HOU,25,72,28,44,17.9,100.5,1.1,6.1,9.5,0.6,19.5,0.0,0.7,6.3,5.3,5.1,15.9,0.057,2000
191,John Wallace,NYK,26,60,34,26,13.3,97.3,1.6,12.0,18.2,0.2,11.6,0.2,19.7,4.8,3.0,2.9,7.7,0.057,2000
192,Shandon Anderson,HOU,26,82,34,48,33.0,105.1,3.6,10.6,16.6,1.2,23.9,0.4,10.9,13.5,10.0,10.4,29.3,0.057,2000
193,Kendall Gill,NJN,32,76,30,46,31.0,104.9,2.6,8.7,14.7,1.8,31.8,0.5,16.2,9.0,9.9,10.8,29.1,0.057,2000
194,Cedric Ceballos,DAL,30,69,33,36,29.9,104.7,4.2,13.1,22.6,0.8,19.0,0.3,9.9,9.7,10.8,10.4,27.0,0.056,2000
195,Hersey Hawkins,CHI,33,61,12,49,26.6,104.0,2.4,9.3,14.9,1.2,30.5,0.2,10.8,11.2,8.0,7.6,23.2,0.056,2000
196,Tony Battie,BOS,24,82,35,47,18.3,101.2,3.1,18.4,28.4,0.6,15.5,0.9,51.5,6.9,4.9,4.9,14.2,0.056,2000
197,Calbert Cheaney,BOS,28,67,29,38,19.5,101.8,1.7,9.8,14.6,0.7,17.0,0.2,15.2,6.9,4.8,5.4,15.6,0.054,2000
198,Antawn Jamison,GSW,24,43,10,33,36.3,105.8,4.3,11.8,19.0,0.7,12.1,0.3,11.3,12.1,12.1,11.8,34.5,0.054,2000
199,Jermaine O'Neal,POR,21,70,51,19,12.2,96.9,1.9,14.9,24.3,0.2,8.8,0.8,58.5,4.3,3.6,3.5,8.9,0.054,2000
200,Pat Garrity,ORL,23,82,41,41,18.1,101.1,2.0,11.1,18.3,0.4,12.9,0.2,15.1,6.5,5.1,5.1,14.3,0.054,2000
201,Quincy Lewis,UTA,23,74,50,24,12.1,96.9,0.9,7.6,12.1,0.3,18.5,0.2,14.2,4.5,3.4,2.9,7.2,0.054,2000
202,Corey Benjamin,CHI,22,48,8,40,18.0,101.4,1.4,8.3,13.1,0.6,20.3,0.5,23.2,7.6,4.9,4.0,12.5,0.053,2000
203,Toby Bailey,PHX,24,46,29,17,9.8,94.8,1.0,9.9,15.5,0.3,14.1,0.1,9.5,4.5,2.7,2.7,6.7,0.053,2000
204,Lawrence Funderburke,SAC,29,75,44,31,13.7,98.2,1.8,13.0,20.6,0.4,15.7,0.3,22.5,5.0,3.8,5.2,12.9,0.053,2000
205,Dean Garrett,MIN,33,56,32,24,10.8,95.4,1.8,15.8,25.2,0.1,8.7,0.7,53.3,3.8,3.1,2.8,9.0,0.053,2000
206,Samaki Walker,SAS,24,71,48,23,13.8,99.0,2.7,19.4,30.1,0.1,6.8,0.5,26.5,4.3,4.1,3.6,11.4,0.052,2000
207,Corey Maggette,ORL,20,77,37,40,17.8,101.4,2.3,12.7,20.5,0.3,11.4,0.3,20.6,6.9,5.7,4.9,15.4,0.052,2000
208,Adonal Foyle,GSW,25,76,16,60,21.7,103.1,3.3,14.6,23.8,0.3,9.0,1.8,67.3,6.9,7.4,7.0,20.1,0.052,2000
209,Juwan Howard,WAS,27,82,29,53,35.5,106.0,4.1,12.1,19.0,0.8,15.4,0.3,8.0,13.2,9.7,11.2,30.1,0.051,2000
210,Jim McIlvaine,NJN,27,66,25,41,15.9,100.6,1.9,11.7,19.9,0.4,14.2,1.8,70.1,5.2,5.0,5.0,12.4,0.051,2000
211,Shareef Abdur-Rahim,VAN,23,82,22,60,39.3,106.5,7.4,20.2,32.0,1.1,18.4,1.1,29.7,15.1,11.1,13.5,36.1,0.051,2000
212,Keith Van Horn,NJN,24,80,30,50,34.9,105.9,6.0,17.7,29.9,0.8,13.1,0.8,21.4,11.2,11.8,11.8,32.8,0.051,2000
213,Eric Williams,BOS,27,68,30,38,20.3,102.8,1.5,7.9,12.2,0.6,17.2,0.2,14.8,6.8,5.5,6.0,16.5,0.051,2000
214,Elliot Perry,NJN,31,60,22,38,13.4,98.8,0.8,6.1,9.8,0.7,25.5,0.0,1.8,3.6,4.3,3.9,11.8,0.051,2000
215,Emanual Davis,SEA,31,54,31,23,13.0,98.6,1.6,11.3,18.8,0.7,28.8,0.1,7.5,4.6,4.1,3.0,9.8,0.051,2000
216,Jim Jackson,ATL,29,79,27,52,35.0,106.0,3.7,10.4,16.2,0.7,17.4,0.1,2.9,12.8,9.4,12.4,30.3,0.051,2000
217,Aaron Williams,WAS,28,81,29,52,19.1,102.3,3.1,16.2,26.4,0.5,17.0,1.1,51.4,6.7,5.1,5.3,14.1,0.051,2000
218,Chris Mullin,IND,36,47,31,16,12.4,98.1,1.3,10.6,15.7,0.6,30.8,0.2,15.3,4.2,3.0,4.0,10.6,0.05,2000
219,LaPhonso Ellis,ATL,30,58,18,40,22.6,103.4,3.3,14.4,23.1,0.6,17.3,0.4,19.2,7.3,7.2,6.9,19.1,0.05,2000
220,Michael Smith,WAS,28,46,14,32,24.9,104.2,4.6,18.5,28.6,0.6,16.8,0.5,20.5,10.1,7.4,8.7,21.8,0.05,2000
221,Terry Mills,DET,32,82,42,40,22.5,103.6,4.1,19.1,29.7,0.5,12.3,0.3,23.1,7.3,6.7,5.8,18.6,0.05,2000
222,Jelani McCoy,SEA,22,58,32,26,12.9,98.7,2.2,15.5,27.2,0.3,10.6,0.8,52.9,4.1,4.1,3.3,10.3,0.05,2000
223,Gerard King,WAS,27,62,23,39,17.1,101.4,2.7,16.5,25.9,0.5,19.4,0.2,17.4,5.9,4.1,4.8,14.5,0.05,2000
224,Jud Buechler,DET,32,58,30,28,11.3,97.0,1.1,9.5,14.3,0.4,23.8,0.3,25.4,3.7,3.1,3.0,7.8,0.049,2000
225,Rik Smits,IND,33,79,54,25,23.5,104.1,3.9,15.9,25.4,0.3,8.4,1.3,42.7,7.3,6.8,8.5,22.4,0.049,2000
226,Todd MacCulloch,PHI,24,56,37,19,9.4,95.3,1.8,17.8,28.2,0.2,10.6,0.7,56.9,3.4,2.4,2.8,7.0,0.049,2000
227,Donyell Marshall,GSW,27,64,14,50,32.4,106.0,7.0,20.9,33.5,1.1,18.9,1.1,32.4,11.9,10.6,10.3,29.0,0.047,2000
228,Dale Ellis,CHH,39,42,24,18,13.5,99.3,1.0,7.8,13.1,0.3,12.7,0.0,0.0,3.5,3.8,3.7,11.8,0.047,2000
229,Dell Curry,TOR,36,67,38,29,16.4,101.5,1.3,8.6,14.4,0.5,18.6,0.1,6.2,5.0,4.6,5.9,13.7,0.047,2000
230,Walter McCarty,BOS,26,61,26,35,14.4,100.6,1.3,9.1,14.6,0.4,14.0,0.4,27.4,5.6,4.2,3.8,11.0,0.047,2000
231,Vernon Maxwell,SEA,34,47,27,20,21.1,103.7,1.4,6.3,10.8,0.8,23.8,0.2,12.2,5.8,6.9,5.6,18.3,0.047,2000
232,Bobby Jackson,MIN,27,73,43,30,14.2,100.5,1.4,9.8,15.5,0.7,30.8,0.1,6.5,4.2,4.2,3.9,11.5,0.047,2000
233,Monty Williams,ORL,28,75,39,36,20.0,103.5,2.1,10.2,16.0,0.6,17.2,0.2,11.7,8.4,5.4,7.1,17.6,0.046,2000
234,Scott Williams,MIL,32,68,34,34,21.9,104.0,4.0,19.2,30.6,0.6,17.0,1.0,41.8,7.4,6.1,6.7,16.4,0.046,2000
235,Bryant Stith,DEN,29,45,21,24,15.4,101.2,1.4,8.8,13.5,0.4,20.0,0.3,13.3,5.7,4.0,5.0,12.7,0.046,2000
236,Vonteego Cummings,GSW,24,75,19,56,23.9,104.6,1.7,7.3,12.1,1.2,25.9,0.2,7.6,8.8,7.8,7.5,21.3,0.046,2000
237,Glenn Robinson,MIL,27,81,42,39,36.0,106.6,4.7,13.2,21.5,1.0,15.7,0.5,13.4,12.6,10.7,10.8,28.1,0.046,2000
238,Tracy Murray,WAS,28,80,28,52,22.9,104.4,2.6,11.8,18.8,0.6,16.4,0.3,12.5,8.1,6.2,6.0,18.2,0.045,2000
239,Mookie Blaylock,GSW,33,73,18,55,33.6,106.4,2.9,8.8,14.1,2.0,31.5,0.3,9.7,11.0,11.0,10.8,30.7,0.044,2000
240,George McCloud,DEN,33,78,33,45,27.2,105.4,2.7,9.9,15.9,0.6,16.1,0.3,7.8,10.2,8.3,8.3,23.9,0.044,2000
241,Tim Thomas,MIL,23,80,42,38,26.2,105.4,2.9,11.2,19.1,0.7,17.7,0.4,16.8,9.6,8.4,7.4,19.8,0.044,2000
242,Darrick Martin,SAC,29,71,39,32,12.6,99.4,0.5,4.1,6.6,0.4,15.4,0.0,2.4,4.4,3.8,4.5,10.8,0.043,2000
243,Randy Brown,CHI,32,59,12,47,27.5,105.6,2.1,8.3,13.2,1.0,23.7,0.3,10.0,12.4,6.8,8.6,24.5,0.043,2000
244,Sam Mitchell,MIN,36,66,39,27,18.6,103.3,1.7,9.0,14.6,0.4,16.3,0.2,10.4,6.1,5.4,5.2,14.6,0.043,2000
245,Michael Dickerson,VAN,25,82,22,60,37.9,107.0,2.5,6.8,10.8,1.4,25.2,0.5,16.4,15.1,11.2,13.5,34.5,0.043,2000
246,Bimbo Coles,ATL,32,80,28,52,24.1,105.0,1.8,7.2,11.2,0.7,25.9,0.1,5.0,8.8,6.8,8.7,20.3,0.042,2000
247,Alvin Williams,TOR,25,55,29,26,14.1,101.7,1.1,7.3,11.4,0.6,25.6,0.2,12.2,4.4,4.1,6.2,12.0,0.042,2000
248,Bryant Reeves,VAN,27,69,20,49,25.7,105.4,3.8,16.2,24.6,0.5,12.8,0.6,27.7,9.7,7.0,9.0,22.7,0.042,2000
249,Sean Rooks,DAL,30,71,37,34,14.1,101.5,2.3,16.2,26.9,0.4,18.4,0.7,62.7,5.0,4.9,4.6,12.8,0.041,2000
250,Greg Foster,SEA,31,60,34,26,11.9,99.8,1.5,11.8,20.0,0.2,8.7,0.3,28.1,3.9,3.7,2.9,9.1,0.041,2000
251,Ike Austin,WAS,30,59,19,40,19.8,104.1,3.7,19.0,29.9,0.3,10.6,0.6,40.9,7.5,5.6,6.5,16.5,0.041,2000
252,Jahidi White,WAS,24,80,28,52,19.2,103.9,4.4,23.2,36.2,0.4,14.1,1.0,53.2,7.5,5.2,6.1,16.2,0.041,2000
253,Dana Barros,BOS,33,72,30,42,15.8,102.7,1.2,8.0,12.6,0.4,17.4,0.1,4.7,6.3,4.2,4.5,13.2,0.04,2000
254,Alan Henderson,ATL,27,82,28,54,33.9,106.8,3.7,10.9,17.3,1.0,23.3,0.7,15.6,12.5,9.5,12.2,30.2,0.04,2000
255,Jason Terry,ATL,22,81,28,53,23.3,105.2,1.8,7.4,11.9,1.1,35.7,0.1,4.7,8.4,7.0,7.8,21.1,0.04,2000
256,Chris Crawford,ATL,25,55,16,39,12.1,100.3,0.9,7.0,11.8,0.3,18.5,0.3,20.8,4.3,4.0,3.8,10.0,0.04,2000
257,Roshown McLeod,ATL,24,44,14,30,19.5,104.3,2.2,10.9,16.5,0.4,15.7,0.1,5.0,7.7,5.1,6.7,17.9,0.04,2000
258,Mark Strickland,MIA,29,58,36,22,11.4,100.3,1.7,13.8,21.2,0.3,16.5,0.3,19.6,4.1,3.1,3.1,8.3,0.039,2000
259,Jason Caffey,GSW,27,71,16,55,30.4,106.5,4.1,14.2,22.6,0.9,15.2,0.3,10.9,10.7,9.7,10.5,28.1,0.039,2000
260,Milt Palacio,VAN,22,53,17,36,7.4,94.3,0.6,9.8,15.0,0.4,25.0,0.0,0.0,2.9,1.7,1.9,5.3,0.039,2000
261,Greg Buckner,DAL,23,48,30,18,19.2,104.3,2.5,12.7,21.2,0.8,27.5,0.4,20.8,5.9,6.3,5.1,16.5,0.038,2000
262,Othella Harrington,VAN,26,82,22,60,32.6,106.9,4.5,14.6,23.0,0.4,9.5,0.7,24.8,12.9,9.5,11.5,30.8,0.038,2000
263,John Salley,LAL,36,45,37,8,6.8,93.6,1.0,13.6,21.5,0.2,14.8,0.3,42.4,2.7,1.7,2.2,5.2,0.038,2000
264,Danny Fortson,BOS,24,55,24,31,15.6,103.2,4.1,29.3,45.1,0.4,12.6,0.1,8.9,5.9,3.4,4.5,12.5,0.037,2000
265,Chris Herren,DEN,24,45,18,27,13.2,102.0,0.9,6.5,10.9,0.3,17.4,0.0,2.9,5.0,4.4,3.8,11.3,0.036,2000
266,Ryan Bowen,DEN,24,52,24,28,11.3,100.7,0.8,6.6,11.2,0.8,33.6,0.3,15.7,4.0,3.8,3.6,8.8,0.036,2000
267,Jacque Vaughn,UTA,25,78,51,27,11.3,100.4,0.7,6.5,10.2,0.4,27.8,0.0,0.0,4.2,2.9,2.6,6.9,0.036,2000
268,Will Perdue,CHI,34,67,11,56,15.1,103.3,2.6,18.0,30.2,0.2,8.7,0.6,39.6,6.8,4.0,4.8,12.7,0.035,2000
269,Travis Knight,LAL,25,63,51,12,6.5,94.6,1.3,19.0,30.2,0.1,9.8,0.4,41.8,2.7,1.5,1.9,4.9,0.035,2000
270,Vinny Del Negro,MIL,33,67,33,34,18.1,104.4,1.5,8.5,14.1,0.5,19.7,0.0,0.0,5.9,5.2,5.7,14.6,0.035,2000
271,Maurice Taylor,LAC,23,62,10,52,35.9,107.5,4.9,14.2,22.1,0.8,17.1,0.8,18.3,14.2,10.6,10.8,36.4,0.035,2000
272,Matt Bullard,HOU,33,56,26,30,18.3,104.8,2.2,12.1,18.8,0.3,13.2,0.2,13.1,6.2,5.4,4.8,16.9,0.034,2000
273,John Thomas,TOR,24,55,31,24,8.7,98.9,0.7,8.6,14.0,0.2,11.4,0.3,21.9,2.7,2.3,3.4,7.2,0.034,2000
274,Tony Farmer,GSW,30,74,17,57,16.2,104.1,2.4,15.7,24.8,0.9,28.2,0.2,16.5,5.9,4.9,5.1,14.3,0.034,2000
275,Rod Strickland,WAS,33,69,23,46,31.7,107.2,2.7,8.7,13.7,1.4,29.4,0.3,8.9,12.7,8.9,10.5,27.8,0.034,2000
276,Cherokee Parks,VAN,27,56,14,42,14.4,103.4,2.3,17.0,27.1,0.5,21.5,0.8,51.7,6.0,4.4,5.8,13.6,0.033,2000
277,Devean George,LAL,22,49,40,9,7.0,96.2,0.9,11.9,18.8,0.2,17.9,0.1,7.8,2.9,1.8,1.9,5.3,0.033,2000
278,Danny Manning,MIL,34,72,36,36,16.9,104.2,2.2,13.7,22.9,0.9,32.0,0.4,32.2,5.6,5.3,4.9,14.1,0.033,2000
279,Dennis Scott,VAN,31,66,18,48,19.2,105.2,1.4,8.0,13.0,0.4,13.3,0.1,8.6,7.4,5.0,5.8,16.4,0.032,2000
280,Loy Vaught,DET,32,43,22,21,6.7,96.1,1.5,23.0,34.8,0.1,13.6,0.1,28.6,2.6,1.9,1.8,4.9,0.032,2000
281,Anthony Johnson,ORL,25,56,24,32,11.4,101.9,0.5,4.6,7.5,0.6,32.0,0.1,6.2,4.4,3.1,4.0,9.9,0.031,2000
282,Michael Stewart,TOR,25,42,23,19,9.2,100.5,1.5,17.3,26.8,0.1,7.4,0.5,40.4,2.8,2.5,3.0,6.9,0.031,2000
283,Adam Keefe,UTA,30,62,41,21,9.8,100.7,1.5,16.5,24.7,0.3,18.9,0.2,20.3,4.1,2.0,2.5,6.5,0.031,2000
284,Lorenzen Wright,ATL,24,75,27,48,16.0,104.8,2.5,15.3,24.7,0.4,16.4,0.5,38.5,6.2,4.8,6.1,15.2,0.031,2000
285,Carlos Rogers,HOU,29,53,16,37,20.8,105.9,3.3,16.1,25.8,0.3,8.8,0.6,30.4,8.8,6.6,5.9,19.7,0.03,2000
286,Doug Overton,BOS,30,48,23,25,8.9,100.2,0.4,4.5,7.1,0.2,13.2,0.0,0.0,2.8,2.4,2.5,7.3,0.03,2000
287,Shammond Williams,SEA,25,43,22,21,11.9,103.0,0.9,7.1,12.5,0.4,20.5,0.0,0.0,3.5,4.4,3.0,9.5,0.03,2000
288,Stacey Augmon,POR,31,59,42,17,11.7,102.7,1.3,10.7,17.5,0.5,24.3,0.2,14.9,4.6,3.7,3.3,9.2,0.03,2000
289,Chris Dudley,NYK,35,47,27,20,9.8,101.2,1.6,16.3,25.7,0.1,13.2,0.4,55.3,3.9,2.6,2.5,6.0,0.03,2000
290,Derek Anderson,LAC,25,64,7,57,34.4,107.8,2.8,8.6,13.7,1.4,26.9,0.2,4.3,13.4,9.8,11.2,35.8,0.03,2000
291,Richard Hamilton,WAS,22,71,24,47,19.3,105.8,1.3,6.9,11.2,0.4,14.4,0.1,4.3,6.7,5.6,6.2,15.6,0.03,2000
292,Troy Hudson,LAC,24,62,12,50,25.7,107.0,1.9,7.5,12.6,0.7,18.9,0.0,0.0,10.8,8.8,8.2,27.7,0.03,2000
293,Mike Bibby,VAN,22,82,22,60,38.5,108.1,2.8,7.9,12.7,1.6,28.8,0.2,5.4,15.1,11.5,13.7,36.1,0.029,2000
294,Felipe Lopez,VAN,25,65,16,49,12.0,103.4,1.0,9.1,14.4,0.5,27.8,0.3,23.6,4.8,3.4,3.9,11.3,0.028,2000
295,Michael Olowokandi,LAC,25,80,14,66,31.2,107.9,5.8,19.3,29.9,0.4,10.3,1.8,47.5,11.7,9.3,9.9,30.6,0.026,2000
296,Scott Padgett,UTA,24,47,34,13,9.2,101.9,1.4,14.9,24.3,0.3,20.9,0.2,15.4,3.2,3.0,2.3,6.3,0.025,2000
297,Tyrone Nesby,LAC,24,73,14,59,31.8,108.3,2.6,8.7,14.0,1.0,22.1,0.4,11.0,11.6,9.9,10.1,32.4,0.023,2000
298,Eric Montross,DET,28,51,29,22,6.5,100.6,1.1,16.5,25.2,0.1,12.5,0.2,42.9,2.8,1.6,2.2,4.5,0.022,2000
299,Keith Closs,LAC,24,57,7,50,14.4,106.7,2.0,13.7,23.1,0.2,9.8,1.3,58.9,6.5,5.1,4.7,14.9,0.019,2000
300,Pete Chilcutt,LAC,31,56,22,34,10.8,105.3,1.5,14.0,24.0,0.3,17.4,0.2,18.5,3.8,4.2,3.8,10.7,0.018,2000
301,Cal Bowdler,ATL,23,46,13,33,9.1,104.7,1.4,15.2,24.8,0.3,20.3,0.2,36.0,3.5,3.0,3.8,9.3,0.018,2000
302,Ricky Davis,CHH,20,48,26,22,11.9,106.5,1.1,9.5,15.7,0.6,25.0,0.2,13.8,4.8,4.4,3.9,11.6,0.016,2000
303,Anthony Avent,LAC,30,49,11,38,7.7,104.5,1.0,13.9,24.6,0.3,21.9,0.3,30.6,3.2,2.9,3.0,8.0,0.015,2000
304,Tom Hammonds,MIN,33,56,33,23,6.7,104.3,1.2,16.3,26.7,0.1,17.0,0.1,7.5,2.6,2.4,2.4,5.8,0.014,2000
305,Damon Jones,DAL,23,55,21,34,11.0,106.7,0.8,7.0,11.6,0.3,20.2,0.0,1.9,3.6,3.5,3.7,11.0,0.014,2000
306,Sam Jacobson,GSW,24,52,15,37,13.0,107.2,0.9,7.4,11.6,0.6,21.4,0.1,7.5,4.3,3.9,3.9,11.1,0.014,2000
307,Eric Piatkowski,LAC,29,75,13,62,22.8,108.7,2.0,8.9,14.5,0.6,17.6,0.2,6.0,8.8,7.6,8.2,23.7,0.014,2000
308,Charles R. Jones,LAC,24,56,7,49,11.7,107.2,0.8,6.9,12.1,0.5,28.6,0.1,5.4,4.4,4.1,3.9,12.0,0.013,2000
309,William Avery,MIN,20,59,37,22,8.1,106.3,0.5,6.9,11.8,0.2,22.2,0.0,3.6,3.1,2.8,2.4,6.5,0.011,2000
310,Hubert Davis,DAL,30,79,39,40,23.0,109.4,1.5,6.4,11.1,0.3,9.7,0.0,1.7,7.8,8.1,7.8,21.8,0.008,2000
311,Robert Traylor,MIL,23,44,23,21,10.1,109.5,1.5,15.6,25.3,0.6,28.1,0.6,59.5,3.6,3.1,3.1,7.8,0.003,2000
