,Player,TEAM,AGE,GP,W,L,MIN,DEF RTG,DREB,DREB%,%DREB,STL,STL%,BLK,%BLK,OPP PTSOFF TOV,OPP PTS2ND CHANCE,OPP PTSFB,OPP PTSPAINT,DEFWS,Year
0,Metta World Peace,SAC,26,56,36,20,39.4,98.9,3.8,9.8,15.2,2.2,30.7,0.7,21.6,12.4,10.4,8.4,30.1,0.173,2006
1,Tim Duncan,SAS,30,80,61,19,34.8,97.1,8.1,23.9,36.1,0.9,19.1,2.0,46.8,8.7,8.5,7.6,27.0,0.173,2006
2,Shane Battier,MEM,27,81,49,32,35.1,97.9,3.3,9.7,15.3,1.1,21.9,1.4,32.7,10.6,9.1,9.4,25.6,0.168,2006
3,Vince Carter,NJN,29,79,49,30,36.8,98.7,4.1,11.6,17.1,1.2,23.4,0.7,24.2,10.4,8.1,8.5,25.8,0.167,2006
4,Tony Parker,SAS,24,80,61,19,33.9,97.5,2.8,8.2,12.6,1.0,21.7,0.1,1.3,8.6,8.6,7.1,28.1,0.167,2006
5,Ben Wallace,DET,31,82,64,18,35.2,98.0,7.6,22.5,36.5,1.8,33.3,2.2,49.7,9.2,9.1,7.8,28.6,0.166,2006
6,Richard Jefferson,NJN,26,78,49,29,39.2,100.2,5.6,14.9,21.8,0.8,14.3,0.2,7.7,10.8,8.6,9.4,28.3,0.159,2006
7,Pau Gasol,MEM,25,80,47,33,39.2,100.2,6.5,17.6,27.6,0.6,10.3,1.9,41.5,12.0,10.6,10.7,30.1,0.159,2006
8,Tayshaun Prince,DET,26,82,64,18,35.3,98.9,3.0,8.8,14.0,0.8,14.7,0.5,10.7,8.5,9.1,7.5,28.6,0.157,2006
9,Rasheed Wallace,DET,31,80,63,17,34.7,99.0,5.7,17.3,27.6,1.0,20.9,1.6,37.5,8.7,9.1,7.4,28.5,0.152,2006
10,Manu Ginobili,SAS,28,65,51,14,27.9,96.5,2.9,10.8,16.6,1.6,34.7,0.4,11.1,6.9,6.8,5.6,22.7,0.149,2006
11,Bruce Bowen,SAS,35,82,63,19,33.6,99.0,3.5,10.5,16.1,1.0,22.3,0.4,8.8,8.6,8.1,7.6,27.6,0.148,2006
12,Yao Ming,HOU,25,57,27,30,34.2,99.6,7.6,22.3,32.7,0.5,10.6,1.6,57.0,10.1,8.3,7.8,22.7,0.147,2006
13,Richard Hamilton,DET,28,80,64,16,35.3,100.2,2.2,6.4,10.3,0.7,12.7,0.2,4.8,9.2,9.5,7.7,29.4,0.142,2006
14,Chauncey Billups,DET,29,81,64,17,36.1,100.5,2.6,7.7,12.4,0.9,16.6,0.1,2.2,9.0,9.2,8.0,29.5,0.142,2006
15,Jason Kidd,NJN,33,80,49,31,37.2,101.0,6.2,17.4,25.6,1.9,35.1,0.4,13.5,11.0,8.1,8.7,26.2,0.142,2006
16,Cuttino Mobley,LAC,30,79,45,34,37.7,101.3,3.7,9.5,14.2,1.2,24.7,0.5,9.0,11.8,9.7,7.5,30.9,0.14,2006
17,Michael Finley,SAS,33,77,59,18,26.5,96.5,2.8,10.8,16.3,0.5,14.6,0.1,3.2,7.9,6.4,6.4,21.7,0.14,2006
18,Jermaine O'Neal,IND,27,51,26,25,35.3,100.5,7.3,20.4,31.6,0.5,10.0,2.3,55.2,11.5,10.4,7.8,27.5,0.139,2006
19,Eddie Jones,MEM,34,75,45,30,32.5,99.6,3.3,10.6,16.9,1.7,34.9,0.4,9.7,9.5,8.8,8.5,24.5,0.138,2006
20,Elton Brand,LAC,27,79,44,35,39.2,102.0,7.0,17.3,25.8,1.0,20.0,2.5,47.2,12.4,10.3,8.0,31.9,0.138,2006
21,Dwyane Wade,MIA,24,75,48,27,38.6,102.1,4.3,11.2,16.5,1.9,37.1,0.8,16.6,12.6,9.5,9.7,28.1,0.134,2006
22,Rafer Alston,HOU,29,63,27,36,38.6,102.1,3.5,9.2,14.1,1.6,27.0,0.2,8.1,11.6,9.1,7.7,24.5,0.134,2006
23,Nenad Krstic,NJN,22,80,48,32,30.9,99.3,4.1,14.2,20.6,0.4,9.5,0.8,35.8,8.5,6.6,7.1,22.1,0.134,2006
24,Jason Collins,NJN,27,71,44,27,26.7,97.4,3.5,13.8,20.0,0.6,17.8,0.6,31.0,7.6,5.5,6.1,18.3,0.132,2006
25,Fred Jones,IND,27,68,33,35,27.0,98.1,2.2,8.2,13.0,0.8,19.6,0.3,10.4,10.0,7.4,6.7,21.2,0.129,2006
26,Stephen Jackson,IND,28,81,41,40,35.9,101.8,3.3,9.2,14.2,1.3,23.7,0.5,14.5,12.6,9.8,8.3,29.0,0.128,2006
27,Kevin Garnett,MIN,30,76,31,45,38.9,102.7,9.9,26.0,40.8,1.4,24.9,1.4,30.6,12.3,11.0,8.1,31.6,0.127,2006
28,Tracy McGrady,HOU,27,47,27,20,37.1,102.4,5.6,15.3,23.1,1.3,22.6,0.9,26.5,11.0,9.0,7.8,22.5,0.126,2006
29,Lamar Odom,LAL,26,80,45,35,40.3,103.2,7.0,17.6,27.0,0.9,15.1,0.8,22.2,11.2,10.8,7.7,31.7,0.126,2006
30,Luol Deng,CHI,21,78,39,39,33.4,101.3,5.0,14.5,22.2,0.9,22.2,0.6,22.1,11.5,8.9,7.4,22.4,0.124,2006
31,Chris Kaman,LAC,24,78,45,33,32.8,101.1,7.2,21.5,32.2,0.6,13.5,1.4,32.0,10.3,8.8,6.6,27.3,0.123,2006
32,Luther Head,HOU,23,80,32,48,28.9,99.6,2.9,10.2,15.5,1.1,26.0,0.1,5.0,8.8,6.9,6.2,17.6,0.123,2006
33,Boris Diaw,PHX,24,81,53,28,35.5,102.3,4.9,13.4,20.6,0.7,14.8,1.0,28.4,10.2,9.9,8.0,30.3,0.122,2006
34,Marcus Camby,DEN,32,56,29,27,33.2,101.8,9.6,27.6,43.5,1.4,23.9,3.3,66.2,11.4,10.4,9.7,27.8,0.12,2006
35,Shawn Marion,PHX,28,81,53,28,40.3,103.7,8.8,21.0,32.8,2.0,34.9,1.7,40.5,12.0,11.7,9.1,34.2,0.12,2006
36,David Wesley,HOU,35,71,31,40,33.4,101.8,2.2,6.6,10.1,0.8,17.0,0.1,3.3,10.8,8.0,7.1,20.3,0.12,2006
37,Sam Cassell,LAC,36,78,45,33,34.0,102.1,3.2,9.1,13.6,0.9,22.0,0.1,3.3,10.7,8.9,6.9,28.1,0.118,2006
38,Bobby Jackson,MEM,33,71,43,28,25.0,98.2,2.5,10.9,16.6,0.9,23.2,0.0,0.6,7.9,6.2,6.0,18.2,0.118,2006
39,Kurt Thomas,PHX,33,53,36,17,26.6,98.9,5.9,21.1,32.3,0.4,12.8,1.0,35.8,7.9,7.7,5.8,20.6,0.118,2006
40,Dirk Nowitzki,DAL,28,81,60,21,38.1,103.3,7.6,20.9,32.3,0.7,12.8,1.0,22.6,10.3,9.8,9.9,28.4,0.118,2006
41,Rasho Nesterovic,SAS,30,80,61,19,18.9,93.5,2.4,12.8,19.2,0.3,10.6,1.1,45.4,4.9,4.0,4.1,14.6,0.117,2006
42,LeBron James,CLE,21,79,47,32,42.5,104.4,6.1,15.0,22.5,1.6,26.0,0.8,19.2,12.8,10.3,9.1,32.8,0.117,2006
43,Mike Miller,MEM,26,74,42,32,30.6,101.2,4.8,16.8,26.5,0.7,15.2,0.4,11.7,10.0,8.1,7.3,22.7,0.115,2006
44,Mike Bibby,SAC,28,82,44,38,38.6,103.9,2.6,6.7,10.6,1.0,17.7,0.1,4.3,13.1,10.3,10.0,32.4,0.114,2006
45,Robert Horry,SAS,35,63,48,15,18.8,94.4,2.7,15.2,22.8,0.7,24.0,0.8,37.5,5.1,4.3,3.9,14.9,0.113,2006
46,Brad Miller,SAC,30,79,42,37,37.0,103.5,6.2,17.2,26.5,0.8,14.0,0.8,31.6,12.2,9.6,8.9,30.5,0.112,2006
47,Ricky Davis,MIN,26,78,29,49,41.1,104.8,3.7,9.0,14.3,1.2,20.2,0.2,4.7,14.7,12.4,8.3,33.9,0.112,2006
48,Kirk Hinrich,CHI,25,81,40,41,36.5,103.4,3.2,8.7,13.3,1.2,26.4,0.3,7.8,12.5,9.7,8.0,24.5,0.112,2006
49,Raja Bell,PHX,29,79,54,25,37.5,103.7,2.6,6.9,10.6,1.0,18.3,0.3,7.3,11.5,10.9,8.7,31.2,0.111,2006
50,Andrei Kirilenko,UTA,25,69,38,31,37.7,103.8,5.7,16.1,24.7,1.5,29.6,3.2,59.1,13.0,9.9,9.2,26.7,0.11,2006
51,Jason Terry,DAL,28,80,58,22,35.0,103.2,1.6,4.8,7.3,1.3,24.8,0.3,8.1,9.5,8.9,8.6,26.2,0.109,2006
52,Jamaal Tinsley,IND,28,42,20,22,26.7,100.2,2.3,8.7,13.3,1.2,29.3,0.1,5.4,8.6,6.8,6.0,20.7,0.109,2006
53,Marquis Daniels,DAL,25,62,43,19,28.5,101.1,2.3,8.4,13.1,1.1,26.9,0.2,5.9,8.4,7.5,7.2,20.8,0.108,2006
54,Jason Williams,MIA,30,59,38,21,31.8,102.4,2.3,7.0,10.3,0.9,21.9,0.1,2.1,10.8,8.5,8.2,24.7,0.108,2006
55,Zydrunas Ilgauskas,CLE,31,78,48,30,29.3,101.2,4.4,15.8,23.6,0.5,12.1,1.7,53.5,9.5,6.9,5.7,20.5,0.108,2006
56,Lorenzen Wright,MEM,30,78,47,31,21.7,97.0,3.2,16.3,25.7,0.7,21.1,0.6,23.8,6.0,5.5,5.4,15.6,0.107,2006
57,Andre Miller,DEN,30,82,44,38,35.8,103.6,3.2,8.8,14.0,1.3,20.5,0.2,5.0,11.9,10.9,10.0,29.8,0.107,2006
58,Clifford Robinson,NJN,39,80,49,31,23.3,98.9,2.7,11.7,17.8,0.6,16.9,0.5,27.4,7.3,5.1,5.9,17.1,0.106,2006
59,Marko Jaric,MIN,27,75,31,44,28.0,101.0,2.3,8.5,13.5,1.4,36.7,0.3,8.0,8.5,8.7,6.2,23.8,0.106,2006
60,Anthony Johnson,IND,31,75,35,40,26.4,100.4,1.8,6.8,10.6,0.8,22.6,0.3,10.6,8.8,7.5,5.8,20.8,0.105,2006
61,Kobe Bryant,LAL,27,80,45,35,41.0,105.0,4.4,11.2,17.4,1.8,28.0,0.4,10.6,11.9,11.4,8.4,33.8,0.105,2006
62,Josh Howard,DAL,26,59,44,15,32.5,102.9,4.2,13.8,21.3,1.2,23.5,0.4,11.3,8.9,9.1,8.0,24.1,0.105,2006
63,Eric Snow,CLE,33,82,50,32,28.7,101.4,2.0,7.1,10.6,0.9,22.1,0.2,8.6,8.9,7.0,5.8,20.6,0.105,2006
64,Carmelo Anthony,DEN,22,80,44,36,36.8,104.1,3.4,9.2,14.8,1.1,17.4,0.5,11.7,12.7,11.1,10.4,31.6,0.105,2006
65,Udonis Haslem,MIA,26,81,52,29,30.7,102.3,5.8,19.0,27.7,0.6,15.1,0.2,6.0,10.3,7.7,7.8,23.2,0.105,2006
66,Jason Richardson,GSW,25,75,32,43,38.4,104.6,4.4,11.6,18.4,1.3,22.5,0.5,13.5,12.2,11.3,10.7,32.8,0.104,2006
67,Danny Granger,IND,23,78,39,39,22.6,98.9,3.2,14.1,22.2,0.7,21.2,0.8,30.1,7.7,6.3,5.2,17.6,0.103,2006
68,Ben Gordon,CHI,23,80,40,40,31.0,102.6,2.2,6.9,10.8,0.9,23.7,0.1,2.3,10.1,9.0,6.2,21.0,0.103,2006
69,Juwan Howard,HOU,33,80,34,46,31.7,102.8,4.6,14.8,22.3,0.6,13.4,0.1,4.3,10.3,7.5,7.1,20.9,0.103,2006
70,Gary Payton,MIA,37,81,52,29,28.5,101.7,2.5,8.7,12.8,0.9,23.1,0.1,4.2,9.6,6.5,7.2,20.0,0.102,2006
71,Sarunas Jasikevicius,IND,30,75,37,38,20.8,97.8,1.8,8.4,13.5,0.5,16.0,0.1,2.3,6.8,6.1,4.7,16.8,0.102,2006
72,Alonzo Mourning,MIA,36,65,43,22,20.0,97.0,3.6,17.0,26.2,0.2,7.6,2.7,78.6,6.1,5.2,5.0,14.4,0.102,2006
73,Jerry Stackhouse,DAL,31,55,41,14,27.7,101.6,2.2,8.2,13.1,0.7,17.5,0.2,5.6,8.5,7.8,8.2,21.1,0.102,2006
74,Brent Barry,SAS,34,74,56,18,17.0,94.5,1.8,10.2,15.6,0.5,22.0,0.4,18.6,4.9,4.1,3.9,13.0,0.102,2006
75,Jeff Foster,IND,29,63,30,33,25.1,100.2,5.6,22.7,34.2,0.7,18.5,0.4,18.0,8.2,6.0,6.0,20.8,0.102,2006
76,Steve Nash,PHX,32,79,54,25,35.4,104.1,3.6,9.9,15.5,0.8,15.3,0.2,4.3,10.5,10.5,8.1,29.7,0.101,2006
77,Tyson Chandler,CHI,23,79,39,40,26.8,101.1,5.7,20.9,31.8,0.5,16.5,1.3,53.6,9.2,6.9,5.6,16.5,0.101,2006
78,Bobby Simmons,MIL,26,75,36,39,33.8,103.7,3.2,10.1,15.1,1.1,22.3,0.3,11.3,11.5,8.3,8.8,26.8,0.1,2006
79,Adrian Griffin,DAL,31,52,40,12,23.9,99.9,2.9,13.3,19.8,1.0,23.4,0.2,6.2,6.7,5.1,6.6,17.0,0.1,2006
80,Quinton Ross,LAC,25,67,39,28,22.6,99.0,2.0,8.4,12.5,0.8,25.8,0.2,8.5,7.1,5.7,4.1,18.1,0.1,2006
81,Chris Paul,NOK,21,78,35,43,36.0,104.5,4.3,13.1,19.7,2.2,37.7,0.1,2.8,10.3,8.9,9.1,28.3,0.099,2006
82,Andrew Bogut,MIL,21,82,40,42,28.6,102.2,4.7,17.6,25.9,0.6,14.8,0.8,42.2,9.9,6.7,7.2,23.2,0.099,2006
83,Derek Fisher,GSW,31,82,34,48,31.6,103.2,2.1,6.9,10.8,1.5,31.3,0.1,3.7,10.1,9.0,8.0,25.3,0.099,2006
84,Chris Duhon,CHI,23,74,36,38,29.1,102.4,2.6,9.1,14.1,0.9,24.1,0.0,1.6,10.2,7.7,6.6,20.2,0.098,2006
85,Austin Croshere,IND,31,50,27,23,23.0,99.5,4.1,17.8,27.2,0.4,14.1,0.1,7.5,7.2,6.4,4.9,17.5,0.098,2006
86,Speedy Claxton,NOK,28,71,33,38,28.4,102.2,2.2,8.1,12.7,1.5,33.1,0.1,3.7,8.1,7.6,6.5,19.6,0.098,2006
87,Smush Parker,LAL,25,82,45,37,33.8,104.0,2.9,8.7,13.4,1.7,30.2,0.2,6.6,9.9,9.4,7.0,27.7,0.098,2006
88,Andre Iguodala,PHI,22,82,38,44,37.6,104.9,4.4,12.0,18.9,1.6,26.6,0.3,6.5,12.4,11.0,9.8,32.5,0.098,2006
89,Devin Harris,DAL,23,56,45,11,22.8,99.8,1.8,7.9,12.8,0.9,27.0,0.3,9.2,6.3,6.0,5.3,17.3,0.097,2006
90,T.J. Ford,MIL,23,72,34,38,35.5,104.4,3.4,10.5,15.7,1.4,26.7,0.1,4.0,11.9,8.8,8.6,29.0,0.097,2006
91,Adonal Foyle,GSW,31,77,32,45,23.7,100.1,3.6,14.8,23.3,0.6,16.7,1.6,66.1,8.0,6.8,6.7,20.2,0.097,2006
92,Michael Redd,MIL,26,80,39,41,39.1,105.3,3.3,9.0,13.6,1.2,20.2,0.1,2.4,13.4,10.4,10.1,32.8,0.097,2006
93,Shaun Livingston,LAC,20,61,33,28,25.0,100.9,2.3,9.2,13.9,0.8,20.0,0.5,15.9,8.3,6.7,5.3,19.6,0.096,2006
94,Baron Davis,GSW,27,54,23,31,36.5,104.9,3.5,9.8,15.4,1.6,29.5,0.3,8.2,10.9,10.0,10.1,30.4,0.095,2006
95,Trenton Hassell,MIN,27,77,31,46,32.7,104.0,1.7,5.5,8.8,0.6,12.7,0.4,9.6,10.5,9.5,7.0,27.9,0.094,2006
96,Peja Stojakovic,IND,29,71,31,40,36.6,105.1,4.7,13.0,20.2,0.6,12.6,0.1,4.4,12.2,10.0,9.3,30.9,0.093,2006
97,Keith Bogans,HOU,26,72,25,47,26.6,102.4,2.8,10.9,17.1,1.0,21.3,0.1,5.1,9.0,6.5,6.4,19.5,0.093,2006
98,Kevin Martin,SAC,23,72,40,32,26.6,102.2,2.8,10.7,16.7,0.8,19.0,0.1,5.8,9.3,7.3,6.9,23.4,0.093,2006
99,Kwame Brown,LAL,24,72,39,33,27.5,102.4,4.0,15.2,23.2,0.4,8.5,0.6,30.5,8.4,7.4,6.0,22.0,0.092,2006
100,Antawn Jamison,WAS,30,82,42,40,40.1,105.9,7.3,19.3,30.5,1.1,17.3,0.1,4.3,13.1,10.8,10.5,34.2,0.092,2006
101,Allen Iverson,PHI,31,72,35,37,43.1,106.5,2.6,6.2,10.0,1.9,26.4,0.1,3.0,13.6,13.1,12.0,38.4,0.091,2006
102,Gilbert Arenas,WAS,24,80,40,40,42.3,106.3,2.8,6.9,11.0,2.0,29.2,0.3,8.6,13.9,11.5,11.0,35.0,0.091,2006
103,Antoine Walker,MIA,29,82,52,30,26.8,102.4,3.9,14.5,21.6,0.6,16.1,0.4,12.1,8.8,6.5,7.1,19.6,0.091,2006
104,Bonzi Wells,SAC,29,52,28,24,32.4,104.3,5.0,16.1,25.4,1.8,33.5,0.5,23.4,10.8,8.3,8.3,26.1,0.09,2006
105,Eduardo Najera,DEN,29,64,33,31,22.6,100.8,3.1,13.8,22.8,0.8,20.2,0.5,21.5,7.7,6.3,7.6,19.7,0.09,2006
106,Jarron Collins,UTA,27,79,39,40,21.9,100.0,2.5,12.8,19.2,0.5,16.4,0.3,15.0,7.6,4.9,5.8,14.4,0.089,2006
107,Erick Dampier,DAL,30,82,60,22,23.6,101.0,4.5,20.3,31.2,0.3,10.0,1.3,56.4,7.4,5.9,6.3,17.1,0.089,2006
108,Mike Dunleavy,GSW,25,81,33,48,31.8,104.3,4.0,12.5,19.5,0.7,15.7,0.4,13.4,9.7,9.1,8.8,27.7,0.089,2006
109,Kenny Thomas,SAC,28,82,44,38,28.0,103.0,5.1,18.8,29.5,0.9,20.8,0.5,23.4,9.4,6.8,7.0,24.0,0.089,2006
110,Kenyon Martin,DEN,28,56,25,31,27.6,102.9,4.6,17.0,27.0,0.8,16.3,0.9,28.4,9.4,8.3,6.7,22.5,0.088,2006
111,Shaquille O'Neal,MIA,34,59,42,17,30.6,104.0,6.3,21.0,29.5,0.4,9.8,1.8,60.8,10.0,6.6,7.6,21.2,0.088,2006
112,Keyon Dooling,ORL,26,50,23,27,22.7,101.1,1.3,5.9,9.6,1.0,31.4,0.1,3.3,7.9,6.7,5.5,17.1,0.087,2006
113,Shareef Abdur-Rahim,SAC,29,72,38,34,27.2,103.0,3.5,13.3,21.2,0.7,15.3,0.6,28.4,9.2,7.4,6.9,21.8,0.087,2006
114,Wally Szczerbiak,BOS,29,72,33,39,37.9,105.6,3.3,9.2,14.3,0.6,10.8,0.3,6.5,12.5,10.3,8.7,33.0,0.087,2006
115,David Harrison,IND,23,67,34,33,15.4,95.7,2.5,16.5,25.3,0.3,14.2,0.9,49.2,5.2,4.1,3.6,11.3,0.086,2006
116,Greg Buckner,DEN,29,73,41,32,24.1,102.0,2.4,10.5,16.9,1.2,26.6,0.3,11.0,8.4,6.7,7.2,19.9,0.086,2006
117,Anderson Varejao,CLE,23,48,29,19,15.8,96.7,3.3,21.4,31.8,0.6,23.7,0.4,32.8,4.7,3.5,3.9,12.0,0.085,2006
118,Andres Nocioni,CHI,26,82,41,41,27.3,103.4,5.0,18.6,28.8,0.5,14.1,0.6,26.4,9.2,7.6,6.4,18.9,0.085,2006
119,Desmond Mason,NOK,28,70,32,38,30.0,104.4,3.3,12.0,18.1,0.6,13.0,0.2,10.6,9.5,8.0,8.1,23.5,0.084,2006
120,P.J. Brown,NOK,36,75,33,42,31.7,104.8,4.9,16.7,24.9,0.6,13.2,0.7,28.2,9.3,7.8,8.1,24.7,0.083,2006
121,Monta Ellis,GSW,20,49,16,33,18.1,98.9,1.7,9.3,14.6,0.7,21.5,0.2,12.4,6.3,4.5,5.1,14.8,0.083,2006
122,Orien Greene,BOS,24,80,31,49,15.4,96.5,1.4,9.1,14.3,1.0,37.7,0.1,7.9,5.9,3.5,2.9,11.6,0.082,2006
123,Drew Gooden,CLE,24,79,49,30,27.5,103.6,5.4,21.0,30.9,0.7,16.8,0.6,22.4,8.6,6.6,5.9,21.4,0.082,2006
124,Gerald Wallace,CHA,23,55,19,36,34.5,105.6,5.3,16.8,27.2,2.5,34.8,2.1,54.0,10.6,9.9,7.5,32.1,0.082,2006
125,Dwight Howard,ORL,20,82,36,46,36.8,106.1,9.0,26.0,39.8,0.8,16.5,1.4,44.6,12.9,9.6,9.5,28.2,0.082,2006
126,James Posey,MIA,29,67,44,23,28.6,104.1,4.3,15.1,22.2,0.8,22.4,0.3,9.8,9.4,7.5,7.3,21.3,0.081,2006
127,Earl Watson,SEA,27,70,39,31,22.5,102.0,1.9,8.3,13.7,1.0,23.3,0.1,6.3,8.2,6.9,6.5,18.4,0.081,2006
128,Melvin Ely,CHA,28,57,20,37,23.7,102.1,3.2,14.6,22.9,0.5,11.9,0.8,41.1,7.9,6.2,5.8,20.1,0.081,2006
129,Caron Butler,WAS,26,75,40,35,36.1,106.0,4.7,13.9,22.0,1.7,28.6,0.2,8.4,11.9,9.5,9.4,31.1,0.081,2006
130,Chucky Atkins,MEM,31,71,37,34,24.1,102.7,1.4,5.9,9.6,0.6,16.9,0.0,1.2,7.7,6.5,6.5,19.0,0.081,2006
131,Jared Jeffries,WAS,24,77,39,38,25.3,103.0,2.8,11.4,17.9,0.8,17.6,0.6,28.7,7.6,6.5,6.4,20.0,0.081,2006
132,Francisco Elson,DEN,30,72,39,33,21.9,101.3,3.3,15.6,24.8,0.8,18.1,0.6,26.6,7.7,6.0,6.4,18.1,0.081,2006
133,Darius Songaila,CHI,28,62,27,35,21.4,101.1,2.7,12.9,20.4,0.6,19.3,0.3,15.7,7.1,5.7,4.4,14.0,0.081,2006
134,David West,NOK,25,74,35,39,34.1,105.7,5.1,16.6,25.0,0.8,15.3,0.9,33.5,9.9,8.6,8.8,27.1,0.081,2006
135,DeSagana Diop,DAL,24,81,60,21,18.6,99.5,2.8,16.1,24.7,0.5,18.0,1.8,61.6,4.5,5.0,4.5,13.0,0.08,2006
136,Mehmet Okur,UTA,27,82,41,41,35.9,106.0,6.5,19.8,30.1,0.5,11.2,0.9,19.7,12.9,9.3,9.3,26.7,0.08,2006
137,Tony Allen,BOS,24,51,20,31,19.2,100.3,1.5,8.5,13.3,1.0,28.5,0.4,17.1,8.7,4.7,4.8,14.2,0.08,2006
138,Marcus Banks,MIN,24,58,20,38,25.8,103.7,1.9,7.7,12.4,0.9,24.1,0.2,7.1,9.1,7.9,5.3,20.0,0.08,2006
139,Raymond Felton,CHA,22,80,26,54,30.1,104.9,2.4,8.6,13.7,1.3,21.7,0.1,3.6,9.5,8.2,7.2,28.1,0.078,2006
140,Delonte West,BOS,22,71,28,43,34.1,105.9,3.3,10.0,15.5,1.2,25.5,0.6,18.0,13.0,9.5,7.7,28.6,0.078,2006
141,Brevin Knight,CHA,30,69,19,50,34.1,105.9,2.7,8.7,14.3,2.3,32.8,0.1,2.0,10.3,10.2,8.0,31.1,0.077,2006
142,Devean George,LAL,28,71,40,31,21.7,101.7,2.7,12.7,20.2,0.9,25.1,0.5,24.5,6.1,6.3,4.5,17.1,0.077,2006
143,Nazr Mohammed,SAS,28,80,62,18,17.4,99.1,3.2,19.3,29.7,0.3,10.4,0.6,31.0,5.0,4.7,4.1,15.0,0.077,2006
144,Francisco Garcia,SAC,24,67,36,31,19.4,100.7,2.2,11.1,17.5,0.6,20.5,0.7,47.0,6.4,5.1,4.7,15.6,0.076,2006
145,Jake Voskuhl,CHA,28,51,16,35,16.0,98.4,2.4,16.4,25.3,0.5,15.5,0.5,34.3,4.3,4.1,3.2,11.5,0.076,2006
146,Jamaal Magloire,MIL,28,82,40,42,30.1,105.1,6.8,24.4,36.1,0.4,8.3,1.0,47.1,10.9,7.5,7.7,25.3,0.075,2006
147,Stromile Swift,HOU,26,66,26,40,20.4,101.5,2.8,14.0,21.9,0.6,19.9,0.8,38.8,6.4,5.2,4.2,12.6,0.075,2006
148,Antonio McDyess,DET,31,82,64,18,21.1,102.0,3.4,17.7,27.9,0.6,18.7,0.6,23.8,6.1,5.4,5.3,17.3,0.075,2006
149,Jacque Vaughn,NJN,31,80,48,32,15.4,98.1,0.9,6.3,9.5,0.5,22.1,0.0,1.3,5.2,3.3,3.5,11.1,0.074,2006
150,Nick Van Exel,SAS,34,65,51,14,15.2,97.5,1.3,8.9,13.4,0.2,13.9,0.0,2.9,4.2,3.7,4.1,11.8,0.074,2006
151,Michael Olowokandi,BOS,31,48,20,28,19.1,100.0,3.5,20.1,30.7,0.5,15.9,0.7,38.4,5.9,4.7,3.6,16.1,0.074,2006
152,Matt Harpring,UTA,30,71,35,36,27.4,104.8,3.0,11.5,17.8,0.8,22.2,0.2,5.6,9.7,7.2,7.0,19.9,0.073,2006
153,Derek Anderson,MIA,31,43,22,21,24.3,103.3,2.8,12.0,18.0,0.5,17.4,0.1,6.1,8.4,6.4,4.9,16.2,0.073,2006
154,Brendan Haywood,WAS,26,79,41,38,23.8,103.3,3.4,14.7,23.3,0.4,10.2,1.3,59.8,7.6,6.4,6.3,18.9,0.073,2006
155,Keith Van Horn,DAL,30,53,38,15,20.6,102.3,2.6,13.0,21.5,0.6,19.5,0.2,8.3,6.1,6.4,5.3,16.2,0.072,2006
156,Michael Sweetney,CHI,23,66,31,35,18.5,100.7,3.5,19.0,29.2,0.3,12.4,0.8,45.9,6.5,5.3,3.7,12.4,0.072,2006
157,Troy Murphy,GSW,26,74,30,44,34.0,106.4,7.4,22.5,35.4,0.6,12.7,0.4,11.6,11.5,9.9,9.6,30.2,0.072,2006
158,Kyle Korver,PHI,25,82,38,44,31.3,105.9,3.0,9.9,15.5,0.8,15.8,0.3,10.3,10.0,9.0,8.2,26.6,0.072,2006
159,Channing Frye,NYK,23,65,19,46,24.2,103.9,3.6,15.9,24.9,0.5,13.2,0.7,43.1,8.7,6.5,4.6,16.9,0.071,2006
160,Mickael Pietrus,GSW,24,52,20,32,22.7,103.2,2.0,9.2,14.7,0.6,18.1,0.2,8.5,9.4,6.9,6.0,19.3,0.071,2006
161,Samuel Dalembert,PHI,26,66,29,37,26.7,104.6,5.8,22.3,34.8,0.5,12.1,2.4,77.3,8.7,7.3,7.2,22.8,0.071,2006
162,Damon Jones,CLE,29,82,50,32,25.5,104.4,1.5,6.0,9.2,0.5,12.9,0.0,0.5,8.5,6.4,6.1,20.9,0.071,2006
163,Jameer Nelson,ORL,24,62,31,31,28.8,105.4,2.3,8.4,13.0,1.1,27.9,0.1,5.8,10.8,7.2,7.2,20.8,0.071,2006
164,Malik Allen,CHI,28,54,28,26,13.0,96.3,1.8,13.1,19.5,0.3,14.9,0.3,27.1,3.5,3.0,3.6,8.4,0.071,2006
165,Bernard Robinson,CHA,25,66,16,50,19.7,102.2,2.4,12.9,21.3,1.2,27.9,0.2,8.1,6.3,5.7,4.9,17.8,0.07,2006
166,Luke Walton,LAL,26,69,38,31,19.3,101.6,2.3,12.5,19.2,0.6,18.6,0.2,13.4,5.6,5.0,4.2,15.5,0.07,2006
167,Paul Pierce,BOS,28,79,32,47,39.0,107.5,5.7,15.3,24.2,1.4,24.9,0.4,10.3,15.1,11.1,9.1,33.1,0.07,2006
168,Deron Williams,UTA,22,80,39,41,28.8,105.6,2.0,7.3,11.6,0.8,20.3,0.2,5.6,10.0,8.0,7.4,21.7,0.069,2006
169,Milt Palacio,UTA,28,71,33,38,19.4,102.0,1.6,9.1,14.2,0.7,24.7,0.2,9.2,7.8,5.1,5.3,13.7,0.069,2006
170,Trevor Ariza,ORL,20,57,24,33,17.5,101.3,2.5,15.0,24.6,1.0,31.5,0.2,10.7,6.9,5.2,3.6,13.1,0.068,2006
171,Hedo Turkoglu,ORL,27,78,35,43,33.5,106.8,3.4,10.6,16.6,0.9,21.0,0.3,9.3,12.2,8.9,8.3,25.8,0.068,2006
172,Charlie Bell,MIL,27,59,31,28,21.7,103.4,1.7,8.3,12.8,1.0,26.9,0.1,5.6,7.0,5.3,4.9,17.3,0.068,2006
173,Sasha Vujacic,LAL,22,82,45,37,17.7,100.8,1.5,9.1,13.9,0.6,23.2,0.0,2.2,5.0,4.5,3.9,14.2,0.068,2006
174,Rasual Butler,NOK,27,79,36,43,23.7,104.1,2.3,10.6,16.6,0.4,11.5,0.6,27.8,6.8,6.3,5.2,17.5,0.067,2006
175,Antonio Daniels,WAS,31,80,42,38,28.5,105.6,1.9,7.2,11.6,0.7,13.6,0.1,4.1,9.8,8.0,7.4,25.2,0.067,2006
176,Donyell Marshall,CLE,33,81,50,31,25.6,105.0,4.8,19.6,30.2,0.7,21.0,0.5,20.9,8.7,6.5,6.2,21.0,0.067,2006
177,Brian Scalabrine,BOS,28,71,29,42,13.2,97.0,1.2,9.6,15.2,0.3,13.9,0.3,20.2,5.0,3.4,2.2,10.1,0.067,2006
178,Scot Pollard,IND,31,45,23,22,17.1,100.7,3.2,19.4,28.8,0.8,28.9,0.4,33.3,5.8,4.4,4.2,13.7,0.067,2006
179,Kirk Snyder,NOK,23,68,28,40,19.3,102.2,1.6,8.8,13.3,0.4,15.3,0.3,18.3,5.6,4.7,5.0,14.2,0.066,2006
180,Chris Webber,PHI,33,75,33,42,38.6,107.8,7.4,20.3,32.3,1.4,20.5,0.8,19.7,12.7,11.4,11.2,34.7,0.066,2006
181,Devin Brown,UTA,27,81,40,41,21.1,103.5,1.7,8.5,13.2,0.5,17.8,0.2,7.1,7.2,5.4,5.1,14.8,0.064,2006
182,Chris Mihm,LAL,26,59,32,27,26.1,105.5,4.0,15.7,24.5,0.3,7.4,1.2,45.3,7.7,7.4,5.1,21.4,0.064,2006
183,Jake Tsakalidis,MEM,27,51,30,21,14.4,99.0,2.6,19.2,30.7,0.3,10.8,0.6,31.4,4.3,3.8,3.5,10.9,0.064,2006
184,Jannero Pargo,CHI,26,57,28,29,11.3,95.8,0.9,7.9,12.4,0.4,27.3,0.0,4.0,3.4,2.9,2.2,7.1,0.064,2006
185,Sasha Pavlovic,CLE,22,53,32,21,15.3,100.1,1.2,8.6,12.2,0.4,16.7,0.1,9.8,4.7,3.3,3.7,11.8,0.063,2006
186,Mark Blount,MIN,30,81,28,53,27.6,106.2,3.3,12.4,20.2,0.5,13.0,0.9,31.3,10.5,8.5,5.5,22.8,0.062,2006
187,Rashad McCants,MIN,21,79,31,48,17.2,101.9,1.4,8.2,13.4,0.6,23.2,0.3,13.5,5.5,5.3,3.7,13.5,0.062,2006
188,Theo Ratliff,POR,33,55,18,37,23.7,104.9,3.5,15.3,25.4,0.3,10.2,1.6,66.2,8.4,6.5,5.3,17.5,0.062,2006
189,Eddie Griffin,MIN,24,70,30,40,19.4,103.1,4.0,20.4,34.7,0.2,7.4,2.1,63.5,6.5,6.8,4.8,16.1,0.061,2006
190,Kendrick Perkins,BOS,21,68,25,43,19.6,103.3,3.9,21.2,31.3,0.3,10.9,1.5,58.7,8.4,4.6,5.1,15.1,0.061,2006
191,Matt Carroll,CHA,25,78,24,54,16.4,101.6,1.6,10.5,16.3,0.6,16.8,0.1,10.7,5.4,4.3,3.9,13.9,0.061,2006
192,Daniel Ewing,LAC,23,66,39,27,14.7,100.1,0.9,6.3,9.6,0.6,24.8,0.1,5.1,5.2,3.8,3.0,12.0,0.061,2006
193,Nate Robinson,NYK,22,72,21,51,21.4,104.4,1.5,7.6,11.9,0.8,28.2,0.0,1.1,8.7,5.5,4.6,15.5,0.06,2006
194,Jumaine Jones,CHA,27,76,23,53,27.5,106.3,3.6,14.3,22.8,0.9,16.3,0.3,14.0,8.8,8.1,6.5,25.6,0.06,2006
195,James Jones,PHX,25,75,50,25,23.6,105.2,2.8,11.4,18.4,0.5,15.6,0.7,25.7,7.5,7.6,5.0,21.0,0.06,2006
196,Flip Murray,CLE,26,76,35,41,27.8,106.4,1.6,5.9,9.3,0.9,21.1,0.1,6.2,9.7,7.3,7.2,21.6,0.06,2006
197,Zoran Planinic,NJN,23,56,31,25,10.6,95.2,1.1,10.8,16.8,0.4,22.5,0.1,11.4,3.8,2.2,2.3,7.9,0.06,2006
198,Eddie House,PHX,28,81,53,28,17.5,102.4,1.4,7.8,12.1,0.5,23.0,0.1,8.0,5.2,5.2,4.2,15.5,0.059,2006
199,Carlos Arroyo,ORL,26,77,54,23,15.5,101.2,1.3,8.2,13.5,0.5,23.6,0.1,2.6,5.5,4.4,4.3,12.4,0.059,2006
200,Kareem Rush,CHA,25,47,13,34,23.6,105.4,1.8,8.3,13.3,0.8,16.1,0.3,13.1,7.6,6.6,6.1,21.0,0.059,2006
201,Justin Reed,MIN,24,72,26,46,13.8,100.4,1.0,7.3,11.9,0.3,14.7,0.2,12.0,5.0,4.4,2.8,10.7,0.059,2006
202,Earl Boykins,DEN,30,60,35,25,25.7,105.9,1.0,4.1,6.8,0.8,18.8,0.1,2.3,9.0,7.7,8.3,22.8,0.059,2006
203,Mo Williams,MIL,23,58,27,31,26.4,106.2,1.9,8.2,12.2,0.9,23.0,0.1,7.4,9.3,6.7,6.1,21.4,0.059,2006
204,Leandro Barbosa,PHX,23,57,36,21,27.9,106.6,2.1,7.2,11.6,0.8,21.2,0.1,4.0,8.4,8.8,6.5,24.6,0.058,2006
205,Maurice Evans,DET,27,80,64,16,14.2,100.5,1.1,8.1,12.9,0.5,25.2,0.2,9.9,5.2,3.7,4.5,12.0,0.058,2006
206,Brian Cook,LAL,25,81,45,36,19.0,103.5,2.3,13.0,20.0,0.5,14.6,0.4,25.2,5.3,5.0,3.7,15.1,0.058,2006
207,Jason Hart,SAC,28,66,34,32,12.4,98.2,0.9,7.3,12.0,0.5,22.8,0.1,6.9,4.5,3.0,2.7,9.5,0.057,2006
208,Steve Francis,NYK,29,70,25,45,34.2,107.7,3.1,9.6,14.8,1.1,24.6,0.2,8.8,12.5,9.2,8.9,25.9,0.057,2006
209,DerMarr Johnson,DEN,26,58,29,29,15.9,101.8,1.3,8.4,13.1,0.4,15.4,0.4,24.3,5.1,4.6,4.5,13.0,0.057,2006
210,Antonio Burks,MEM,26,57,34,23,10.0,95.3,0.6,6.0,9.8,0.4,19.6,0.0,0.0,3.3,2.8,1.8,7.7,0.057,2006
211,Steven Hunter,PHI,24,69,33,36,19.0,103.7,2.3,12.4,19.7,0.2,5.9,1.1,57.1,6.1,5.7,5.6,15.7,0.057,2006
212,Ryan Gomes,BOS,23,61,26,35,22.6,105.1,3.2,15.1,23.3,0.6,17.6,0.1,4.5,8.1,5.6,5.4,19.3,0.057,2006
213,Raef LaFrentz,BOS,30,82,33,49,24.8,105.9,4.0,16.8,25.6,0.4,10.5,0.9,34.8,9.4,6.7,6.7,21.6,0.057,2006
214,Dahntay Jones,MEM,25,71,43,28,13.6,100.3,1.2,9.5,14.7,0.5,26.2,0.2,17.2,4.6,3.1,3.6,11.3,0.057,2006
215,Matt Barnes,PHI,26,56,24,32,11.3,97.7,1.3,11.5,18.3,0.4,22.7,0.1,13.5,4.3,2.7,3.3,8.0,0.056,2006
216,John Salmons,PHI,26,82,38,44,25.1,106.2,2.1,8.7,14.0,0.9,21.1,0.2,6.2,8.4,7.3,7.2,21.0,0.056,2006
217,Josh Smith,ATL,20,80,26,54,32.0,107.8,4.4,14.6,24.1,0.8,17.5,2.6,67.3,11.8,10.3,7.7,28.6,0.055,2006
218,Al Jefferson,BOS,21,59,23,36,18.0,103.4,3.4,19.8,33.9,0.5,17.4,0.8,39.3,6.6,5.6,3.3,13.6,0.054,2006
219,Jackie Butler,NYK,21,55,16,39,13.4,100.4,2.1,16.5,25.7,0.3,15.2,0.6,54.4,5.1,3.6,2.9,9.3,0.054,2006
220,Keith McLeod,UTA,26,66,36,30,18.7,103.9,1.0,6.4,9.3,0.6,24.4,0.1,6.1,7.0,3.8,5.0,12.5,0.054,2006
221,Chris Wilcox,SEA,23,77,45,32,19.9,104.7,3.8,19.3,29.8,0.4,14.6,0.4,23.4,7.3,5.8,5.1,16.8,0.054,2006
222,Dikembe Mutombo,HOU,40,64,27,37,14.9,101.4,3.2,22.3,36.1,0.3,11.4,0.9,68.7,5.2,3.7,2.8,7.8,0.053,2006
223,Mark Madsen,MIN,30,62,27,35,10.9,97.6,1.5,13.9,22.4,0.4,23.2,0.3,25.0,3.2,3.3,2.0,7.6,0.053,2006
224,Ruben Patterson,DEN,30,71,29,42,25.2,106.4,1.8,7.2,11.6,1.1,30.2,0.3,10.4,9.2,7.3,7.0,22.6,0.052,2006
225,Etan Thomas,WAS,28,71,35,36,15.8,102.9,2.5,17.2,26.9,0.3,11.7,1.0,71.6,5.4,4.1,3.9,13.5,0.051,2006
226,Marvin Williams,ATL,20,79,25,54,24.7,106.8,3.3,14.2,23.0,0.6,15.8,0.3,11.8,8.6,7.9,6.1,22.4,0.051,2006
227,Wayne Simien,MIA,23,43,26,17,9.6,96.7,1.2,12.2,17.2,0.3,23.2,0.0,3.4,4.5,2.5,2.7,7.3,0.05,2006
228,Andris Biedrins,GSW,20,68,30,38,14.7,102.7,2.3,16.6,25.4,0.3,15.6,0.7,58.8,4.8,4.5,3.3,10.7,0.049,2006
229,Darko Milicic,ORL,21,55,40,15,13.9,102.4,1.9,14.1,23.6,0.3,11.9,1.4,64.2,5.4,4.2,3.9,11.3,0.048,2006
230,Beno Udrih,SAS,23,55,42,13,10.7,99.1,0.6,6.3,9.6,0.3,16.1,0.0,3.0,3.3,2.7,2.7,8.9,0.048,2006
231,Aaron Williams,NOK,34,48,21,27,16.5,104.0,2.4,16.0,25.5,0.4,14.4,0.4,32.8,4.9,4.8,3.9,11.4,0.048,2006
232,Ryan Bowen,HOU,30,68,28,40,9.6,97.9,0.8,8.9,13.2,0.3,21.6,0.1,12.2,3.0,1.9,2.1,5.6,0.048,2006
233,Anthony Carter,MIN,31,45,19,26,13.1,101.9,1.2,9.1,14.8,0.5,25.5,0.2,13.8,4.4,3.9,2.2,8.9,0.047,2006
234,Jason Kapono,MIA,25,51,30,21,13.0,102.0,1.2,9.1,13.1,0.1,9.0,0.1,4.6,5.2,2.9,3.5,9.2,0.047,2006
235,Jamal Crawford,NYK,26,79,21,58,32.3,108.6,2.7,9.2,14.4,1.1,23.1,0.2,8.4,13.3,8.7,7.6,25.0,0.047,2006
236,JR Smith,NOK,20,55,24,31,18.0,105.1,1.7,10.1,15.6,0.7,25.3,0.1,6.3,5.5,5.1,4.9,13.8,0.046,2006
237,Qyntel Woods,NYK,25,49,14,35,20.7,106.1,3.0,16.0,24.7,0.7,19.5,0.3,16.9,8.6,5.0,5.3,15.6,0.046,2006
238,DeShawn Stevenson,ORL,25,82,36,46,32.3,108.7,2.2,7.3,11.4,0.7,16.6,0.2,7.6,11.6,8.8,8.5,25.7,0.045,2006
239,Pat Garrity,ORL,29,57,20,37,16.5,104.4,1.4,9.0,14.4,0.2,10.7,0.2,12.5,6.3,4.1,3.7,12.5,0.045,2006
240,Sebastian Telfair,POR,21,68,17,51,24.1,107.3,1.5,6.7,11.2,1.0,27.8,0.1,3.1,8.9,6.8,7.0,19.4,0.045,2006
241,Primoz Brezec,CHA,26,79,25,54,27.4,107.9,3.3,13.6,21.8,0.2,4.4,0.4,17.8,8.3,7.5,6.9,26.4,0.045,2006
242,Scott Padgett,NJN,30,62,37,25,11.6,100.9,1.8,16.3,25.8,0.5,24.3,0.2,27.3,4.0,2.8,2.4,7.7,0.044,2006
243,Lamond Murray,NJN,33,57,37,20,10.1,99.3,1.8,18.8,29.1,0.3,21.3,0.1,19.4,3.7,2.3,2.3,6.9,0.044,2006
244,Shavlik Randolph,PHI,22,57,23,34,8.5,97.2,1.4,16.0,25.7,0.3,22.9,0.2,32.4,2.9,2.1,2.3,5.9,0.044,2006
245,Othella Harrington,CHI,32,72,36,36,11.4,101.0,1.4,12.3,19.0,0.1,6.7,0.2,21.7,3.9,3.3,2.4,7.3,0.044,2006
246,Shandon Anderson,MIA,32,48,31,17,13.3,102.6,1.3,10.2,15.2,0.4,16.7,0.1,9.5,4.2,2.8,3.1,9.3,0.044,2006
247,Ike Diogu,GSW,22,69,26,43,14.9,104.0,1.9,13.6,21.1,0.2,9.4,0.4,34.1,5.4,3.7,4.6,12.8,0.043,2006
248,Joe Smith,MIL,30,44,20,24,20.2,106.5,3.3,18.7,27.7,0.5,17.9,0.3,24.5,6.5,4.7,5.1,14.8,0.043,2006
249,Tony Battie,ORL,30,82,36,46,27.0,108.2,3.8,14.9,23.1,0.6,16.4,0.8,34.5,9.1,7.5,6.9,20.5,0.042,2006
250,Hakim Warrick,MEM,23,68,42,26,10.6,101.6,1.5,14.7,22.7,0.2,13.1,0.3,28.8,3.5,2.6,2.5,8.2,0.041,2006
251,Joe Johnson,ATL,25,82,26,56,40.7,110.1,2.9,7.8,12.7,1.3,20.8,0.4,9.3,15.3,13.1,9.9,38.1,0.04,2006
252,Kris Humphries,UTA,21,62,27,35,10.0,100.8,1.6,17.6,28.6,0.4,27.7,0.3,27.6,3.9,3.0,2.8,6.7,0.04,2006
253,Brian Skinner,POR,30,65,21,44,14.5,104.8,2.3,16.1,27.0,0.4,18.7,0.7,44.3,6.4,4.1,3.9,11.2,0.04,2006
254,Greg Ostertag,UTA,33,60,30,30,13.5,103.7,2.4,18.8,29.3,0.1,6.3,1.1,57.4,5.6,3.8,3.5,8.5,0.039,2006
255,Jiri Welsch,MIL,26,58,30,28,14.9,105.3,1.5,11.2,17.2,0.6,24.6,0.0,1.5,5.8,3.9,3.9,13.1,0.039,2006
256,Stephon Marbury,NYK,29,60,18,42,36.6,109.9,2.5,7.2,11.3,1.1,22.2,0.1,2.8,14.8,9.8,9.1,27.9,0.039,2006
257,Darrell Armstrong,DAL,38,62,42,20,10.0,101.6,1.0,10.4,17.0,0.4,26.7,0.0,4.1,3.6,3.0,2.5,7.4,0.039,2006
258,Mike Wilks,SEA,27,47,21,26,7.4,96.8,0.6,8.5,13.7,0.3,32.6,0.0,2.9,2.7,1.7,1.6,5.9,0.039,2006
259,James Singleton,LAC,24,59,34,25,12.8,103.7,2.3,18.4,27.6,0.3,18.8,0.4,21.6,4.5,3.4,2.5,9.8,0.038,2006
260,Travis Outlaw,POR,21,69,17,52,16.7,106.2,2.0,12.3,21.7,0.4,19.0,0.7,33.3,5.7,5.3,4.5,14.5,0.038,2006
261,Fabricio Oberto,SAS,31,59,46,13,8.3,99.3,1.1,14.0,21.1,0.2,14.1,0.2,23.9,3.0,2.2,2.5,6.8,0.038,2006
262,Kevin Ollie,PHI,33,70,33,37,15.3,105.5,1.2,8.5,14.1,0.5,18.9,0.0,3.0,4.8,4.7,4.1,12.5,0.037,2006
263,Calbert Cheaney,GSW,34,42,19,23,10.7,102.2,1.0,9.7,15.6,0.3,17.8,0.0,7.7,4.1,3.2,3.5,8.8,0.037,2006
264,Jarrett Jack,POR,22,79,20,59,20.2,107.5,1.8,9.3,15.8,0.5,19.1,0.0,1.1,7.1,6.2,4.8,16.3,0.037,2006
265,Jose Calderon,TOR,24,64,18,46,23.2,108.3,1.7,7.9,12.6,0.7,21.8,0.1,3.6,7.4,6.6,6.0,20.6,0.037,2006
266,Vladimir Radmanovic,LAC,25,77,35,42,25.6,108.8,3.8,15.5,24.7,0.8,19.2,0.4,15.7,9.5,7.5,5.8,21.0,0.036,2006
267,Juan Dixon,POR,27,76,19,57,25.3,108.8,1.9,8.2,13.5,0.8,24.0,0.1,2.9,8.6,7.2,6.5,20.0,0.036,2006
268,Michael Ruffin,WAS,29,76,39,37,13.3,104.9,2.0,16.3,26.5,0.4,17.6,0.4,35.6,5.0,3.4,3.8,11.5,0.035,2006
269,Maurice Taylor,NYK,29,67,17,50,18.1,107.0,2.4,14.5,22.7,0.3,12.7,0.2,20.0,7.5,5.1,4.4,13.6,0.035,2006
270,Linas Kleiza,DEN,21,61,33,28,8.5,100.6,1.3,15.1,23.6,0.2,12.3,0.2,29.5,3.0,2.1,2.9,7.6,0.035,2006
271,Alan Henderson,CLE,33,51,31,20,10.4,102.8,1.5,14.8,24.0,0.2,12.3,0.2,25.5,3.6,3.0,3.0,8.7,0.035,2006
272,Dan Gadzuric,MIL,28,74,38,36,12.0,104.1,1.9,17.8,27.4,0.3,17.1,0.6,62.3,3.8,3.3,2.9,9.3,0.035,2006
273,Moochie Norris,NOK,32,45,14,31,9.4,101.3,0.9,10.6,16.1,0.4,36.4,0.0,2.8,3.0,2.2,2.0,5.8,0.035,2006
274,Donell Taylor,WAS,23,51,27,24,9.1,101.3,0.7,8.7,14.3,0.6,31.3,0.1,8.9,3.1,2.5,1.7,8.1,0.034,2006
275,Chris Bosh,TOR,22,70,26,44,39.3,110.5,6.3,18.4,28.3,0.7,13.3,1.1,42.7,12.3,10.2,9.8,34.6,0.034,2006
276,Salim Stoudamire,ATL,23,61,20,41,20.3,108.1,1.7,8.9,14.8,0.4,15.4,0.0,2.4,7.9,7.0,4.7,18.6,0.033,2006
277,Tyronn Lue,ATL,29,51,17,34,24.2,109.0,1.4,6.0,9.8,0.5,15.2,0.1,2.5,9.0,7.5,6.3,21.6,0.032,2006
278,Royal Ivey,ATL,24,73,24,49,13.4,105.6,0.9,7.8,12.5,0.3,15.4,0.1,8.3,4.5,3.5,3.3,12.7,0.032,2006
279,Michael Bradley,PHI,27,46,24,22,8.0,100.4,1.5,19.0,28.6,0.1,10.9,0.2,33.3,3.1,1.8,1.7,5.8,0.031,2006
280,Toni Kukoc,MIL,37,65,30,35,15.7,107.0,1.9,13.3,20.6,0.5,20.5,0.3,31.5,5.2,3.9,4.0,13.6,0.031,2006
281,Zaza Pachulia,ATL,22,78,26,52,31.4,110.1,4.5,16.0,26.2,1.1,24.7,0.5,19.1,11.3,9.8,7.7,29.1,0.031,2006
282,Zach Randolph,POR,24,74,21,53,34.4,110.4,5.4,17.5,28.0,0.8,17.0,0.2,5.2,12.1,9.5,9.5,27.5,0.03,2006
283,Quentin Richardson,NYK,26,55,11,44,26.2,109.6,3.0,12.3,19.4,0.7,21.3,0.1,6.3,10.0,7.4,5.8,20.5,0.03,2006
284,Andrew Bynum,LAL,18,46,29,17,7.4,100.7,1.0,13.8,20.9,0.1,7.7,0.5,59.5,2.6,2.0,1.7,6.0,0.029,2006
285,Esteban Batista,ATL,22,57,14,43,8.7,102.9,1.5,18.6,28.6,0.3,18.5,0.2,25.0,3.2,2.4,2.3,7.7,0.029,2006
286,Robert Swift,SEA,20,47,20,27,21.0,108.8,3.6,17.6,28.4,0.3,10.2,1.2,53.8,7.9,6.6,5.9,19.5,0.029,2006
287,David Lee,NYK,23,67,21,46,16.8,107.9,2.9,18.4,28.2,0.4,19.4,0.3,23.3,7.4,4.3,4.3,13.0,0.029,2006
288,Mike James,TOR,31,79,25,54,37.0,110.9,2.7,8.4,12.8,0.9,18.4,0.0,1.6,11.5,9.7,9.3,32.7,0.027,2006
289,Charlie Villanueva,TOR,21,81,26,55,29.1,110.3,4.2,15.9,25.0,0.7,19.6,0.8,38.2,8.8,8.0,7.5,26.1,0.027,2006
290,Marc Jackson,NOK,31,64,28,36,16.0,107.9,2.0,14.3,21.7,0.2,8.5,0.1,14.8,5.7,4.0,4.1,11.6,0.027,2006
291,Joel Przybilla,POR,26,56,16,40,24.9,109.7,4.4,18.8,30.5,0.4,11.6,2.3,70.7,8.8,7.6,7.4,20.3,0.027,2006
292,DJ Mbenga,DAL,25,43,33,10,5.5,98.7,0.9,16.4,25.2,0.1,14.6,0.6,65.8,1.9,1.6,1.2,4.1,0.026,2006
293,Joey Graham,TOR,24,80,26,54,19.8,109.2,2.3,12.5,20.2,0.5,19.1,0.2,11.8,6.1,5.5,4.7,17.6,0.025,2006
294,Matt Bonner,TOR,26,78,26,52,21.9,109.6,2.5,13.1,20.9,0.6,22.6,0.4,25.6,6.6,5.5,5.2,18.4,0.025,2006
295,Rafael Araujo,TOR,25,52,17,35,11.6,106.7,1.9,19.5,27.2,0.5,28.6,0.1,18.2,4.2,2.5,3.4,10.6,0.024,2006
296,Al Harrington,ATL,26,76,24,52,36.6,111.1,5.1,15.7,25.5,1.1,20.7,0.2,5.4,13.7,11.0,9.2,33.9,0.024,2006
297,Josh Childress,ATL,23,74,24,50,30.4,110.8,3.4,11.9,20.2,1.2,26.3,0.5,17.2,12.0,9.8,7.7,27.5,0.023,2006
298,Carlos Delfino,DET,23,68,51,17,10.7,106.6,1.3,12.5,19.8,0.3,20.4,0.2,16.5,3.6,2.6,3.0,9.7,0.023,2006
299,Damien Wilkins,SEA,26,82,35,47,18.6,109.6,1.4,8.2,13.4,0.9,29.0,0.1,9.5,7.2,5.5,5.5,17.1,0.021,2006
300,Nick Collison,SEA,25,66,27,39,21.9,110.1,3.4,16.8,27.6,0.3,9.1,0.5,31.0,7.8,7.4,6.2,18.6,0.021,2006
301,Mikki Moore,SEA,30,47,18,29,12.4,107.9,1.8,15.5,25.5,0.1,9.2,0.3,30.6,4.4,4.0,3.5,11.0,0.021,2006
302,Antonio Davis,TOR,37,44,16,28,21.4,110.2,2.7,14.3,22.1,0.5,19.7,0.2,19.6,8.5,5.3,5.3,17.5,0.02,2006
303,Zarko Cabarkapa,GSW,25,61,22,39,8.3,105.6,1.2,16.6,25.1,0.2,15.3,0.1,17.9,2.9,2.0,2.4,7.1,0.02,2006
304,Morris Peterson,TOR,28,82,27,55,38.3,111.6,3.9,11.5,17.8,1.3,24.0,0.2,6.8,11.5,10.3,10.2,34.7,0.02,2006
305,Martell Webster,POR,19,61,11,50,17.5,110.0,1.7,10.5,18.0,0.3,14.2,0.2,12.3,5.9,5.4,4.1,14.7,0.018,2006
306,Pat Burke,PHX,32,42,28,14,8.2,106.5,1.2,13.1,21.5,0.1,14.0,0.3,27.7,3.3,3.5,2.8,7.6,0.018,2006
307,Jerome James,NYK,30,45,11,34,9.0,107.5,1.2,14.2,22.5,0.1,5.9,0.5,71.9,4.1,2.3,3.0,6.5,0.016,2006
308,Johan Petro,SEA,20,68,26,42,18.9,110.7,2.8,15.5,26.3,0.4,13.2,0.8,56.0,6.6,6.5,5.6,15.9,0.015,2006
309,Eddy Curry,NYK,23,72,20,52,25.9,111.6,4.0,16.5,25.8,0.4,12.3,0.8,44.1,11.2,7.1,6.4,21.3,0.013,2006
310,Jalen Rose,NYK,33,72,21,51,27.5,111.9,2.5,10.3,16.2,0.4,12.4,0.2,9.9,9.7,7.3,7.4,23.3,0.011,2006
311,Reggie Evans,DEN,26,67,26,41,20.8,111.5,4.9,26.8,40.7,0.6,18.4,0.1,10.2,7.6,5.4,5.9,18.9,0.011,2006
312,Malik Rose,NYK,31,72,20,52,15.5,111.4,2.4,17.8,27.8,0.6,23.8,0.2,18.2,6.4,3.8,4.5,12.3,0.009,2006
313,Ray Allen,SEA,30,78,35,43,38.7,112.5,3.3,9.4,15.4,1.3,22.0,0.2,7.1,14.2,12.4,10.3,34.1,0.009,2006
314,Pape Sow,TOR,24,42,14,28,14.0,111.3,2.2,18.5,27.3,0.5,24.7,0.5,47.5,4.5,3.6,4.0,12.0,0.009,2006
315,Steve Blake,POR,26,68,16,52,26.2,112.4,1.8,7.4,12.0,0.6,18.3,0.1,2.8,9.6,7.7,6.6,21.7,0.007,2006
316,Viktor Khryapa,POR,23,69,16,53,21.6,112.6,2.8,15.0,25.0,0.7,24.0,0.4,20.4,8.0,6.4,4.9,17.0,0.004,2006
317,Luke Ridnour,SEA,25,79,34,45,33.2,113.9,2.4,7.8,12.9,1.6,29.4,0.3,10.5,11.7,11.2,9.2,30.4,-0.007,2006
318,Rashard Lewis,SEA,26,78,33,45,36.9,113.9,3.6,10.6,17.3,1.3,22.4,0.6,23.8,12.9,11.7,9.8,32.9,-0.007,2006
