,Player,TEAM,AGE,GP,W,L,MIN,DEF RTG,DREB,DREB%,%DREB,STL,STL%,BLK,%BLK,OPP PTSOFF TOV,OPP PTS2ND CHANCE,OPP PTSFB,OPP PTSPAINT,DEFWS,Year
0,Tim Duncan,SAS,25,82,58,24,38.7,94.0,9.0,22.1,33.1,0.9,14.8,2.3,40.8,11.5,9.2,9.1,25.7,0.194,2001
1,Theo Ratliff,PHI,28,50,36,14,36.0,94.2,5.8,15.4,24.0,0.6,9.4,3.7,72.8,12.3,9.7,10.1,27.3,0.18,2001
2,Allen Iverson,PHI,26,71,50,21,41.9,96.5,3.1,7.3,11.3,2.5,33.3,0.3,6.2,13.5,11.2,12.2,32.8,0.179,2001
3,Shawn Marion,PHX,23,79,50,29,36.2,94.5,7.9,22.5,34.0,1.7,22.8,1.4,34.6,11.9,9.4,9.1,26.9,0.176,2001
4,Derek Anderson,SAS,26,82,58,24,34.9,94.3,3.5,9.6,14.3,1.5,28.9,0.2,3.3,10.5,8.1,8.3,23.2,0.173,2001
5,David Robinson,SAS,35,80,57,23,29.6,91.7,6.0,19.4,28.8,1.0,22.8,2.5,53.2,9.0,6.5,7.0,18.3,0.172,2001
6,Eric Snow,PHI,28,50,34,16,34.9,94.4,2.8,8.0,12.2,1.5,24.3,0.1,3.9,11.1,8.6,8.9,25.0,0.171,2001
7,Jason Kidd,PHX,28,77,50,27,39.8,96.3,5.2,13.4,20.4,2.2,27.5,0.3,6.8,12.9,10.4,10.6,30.1,0.171,2001
8,Baron Davis,CHH,22,82,46,36,38.9,96.5,3.4,8.8,13.3,2.1,30.9,0.4,10.4,11.8,10.3,7.7,28.3,0.164,2001
9,Jamal Mashburn,CHH,28,76,42,34,39.4,97.0,6.4,16.3,24.3,1.1,17.0,0.2,3.9,12.0,10.3,8.4,28.6,0.162,2001
10,Chris Webber,SAC,28,70,48,22,40.5,97.4,8.5,19.8,31.0,1.3,16.4,1.7,37.3,13.4,11.3,11.9,33.1,0.161,2001
11,Latrell Sprewell,NYK,30,77,45,32,39.1,96.9,3.9,10.2,15.7,1.4,25.1,0.4,10.8,12.1,8.7,5.8,25.3,0.161,2001
12,Anthony Mason,MIA,34,80,49,31,40.7,97.4,7.5,19.7,30.2,1.0,15.8,0.3,10.7,12.1,9.9,8.0,29.9,0.16,2001
13,Clifford Robinson,PHX,34,82,51,31,33.6,95.6,2.8,8.5,12.9,1.1,16.4,1.0,25.5,11.3,8.7,9.3,25.5,0.151,2001
14,Eddie Jones,MIA,29,63,40,23,36.1,96.8,3.4,10.1,15.9,1.7,29.6,0.9,28.9,11.1,9.1,7.1,26.9,0.15,2001
15,Allan Houston,NYK,30,78,45,33,36.6,97.0,3.4,9.5,14.4,0.7,13.6,0.1,4.0,11.0,8.3,5.6,23.7,0.15,2001
16,Dikembe Mutombo,PHI,35,75,33,42,34.6,95.9,9.4,26.7,40.0,0.4,7.5,2.7,71.5,13.0,8.3,9.3,22.3,0.149,2001
17,George Lynch,PHI,30,82,56,26,32.3,95.6,4.8,14.6,22.5,1.2,21.1,0.4,10.9,11.0,8.3,9.3,24.4,0.148,2001
18,David Wesley,CHH,30,82,46,36,37.9,97.7,2.0,5.2,7.8,1.6,23.5,0.2,4.7,12.4,9.9,8.3,28.0,0.147,2001
19,P.J. Brown,CHH,31,80,46,34,35.1,96.7,6.1,17.6,26.3,1.0,16.4,1.2,28.3,10.7,9.0,7.5,25.4,0.146,2001
20,Aaron McKie,PHI,28,76,51,25,31.5,95.5,3.7,11.5,17.7,1.4,25.1,0.1,3.4,10.5,7.7,8.5,23.2,0.145,2001
21,Bruce Bowen,MIA,30,82,50,32,32.8,96.0,2.4,7.9,12.2,1.0,20.2,0.6,25.0,9.4,8.5,6.5,24.5,0.144,2001
22,Brian Grant,MIA,29,82,50,32,33.8,96.6,6.1,19.0,29.3,0.7,13.6,0.9,31.8,9.8,8.2,6.8,24.7,0.141,2001
23,Tim Hardaway,MIA,34,77,46,31,33.9,96.8,2.3,7.2,11.1,1.2,22.6,0.1,3.0,9.6,8.4,6.4,24.7,0.14,2001
24,Glen Rice,NYK,34,75,43,32,29.5,95.2,3.3,11.8,17.9,0.5,14.2,0.2,6.9,9.7,5.9,4.1,17.7,0.136,2001
25,Kurt Thomas,NYK,28,77,45,32,27.6,94.9,4.5,16.8,25.8,0.8,20.0,0.9,36.7,8.3,5.6,4.5,17.3,0.133,2001
26,Sean Elliott,SAS,33,52,35,17,23.6,92.4,2.9,11.6,17.8,0.4,12.6,0.5,12.8,7.2,6.1,5.6,16.7,0.132,2001
27,Dirk Nowitzki,DAL,23,82,53,29,38.1,98.9,7.7,19.8,31.1,1.0,15.3,1.2,25.8,11.8,11.1,10.3,32.5,0.132,2001
28,Elden Campbell,CHH,32,78,46,32,30.0,96.0,5.8,19.5,29.1,0.8,15.0,1.8,55.3,9.3,7.8,6.3,21.7,0.132,2001
29,Doug Christie,SAC,31,81,54,27,36.3,98.5,3.2,8.4,13.1,2.3,30.7,0.6,13.9,11.8,10.0,10.8,29.6,0.131,2001
30,Rasheed Wallace,POR,26,77,48,29,38.2,99.0,5.9,15.8,24.5,1.2,18.0,1.8,42.6,11.9,10.0,8.3,28.7,0.131,2001
31,Marcus Camby,NYK,27,63,38,25,33.8,97.7,8.4,25.6,38.7,1.0,23.1,2.2,63.8,11.0,8.0,5.0,21.5,0.131,2001
32,Peja Stojakovic,SAC,24,75,50,25,38.7,99.2,4.5,11.1,17.4,1.2,16.0,0.2,4.3,12.5,10.8,11.3,32.2,0.131,2001
33,Tracy McGrady,ORL,22,77,39,38,40.2,99.8,5.0,12.4,20.3,1.5,21.1,1.5,30.4,12.2,12.2,10.5,30.8,0.128,2001
34,Tyrone Hill,PHI,33,76,51,25,31.1,96.8,5.9,19.0,28.7,0.5,9.7,0.4,10.9,10.2,8.1,8.7,24.2,0.127,2001
35,Larry Johnson,NYK,32,65,38,27,32.4,97.4,4.2,13.8,20.8,0.6,13.7,0.4,17.5,10.1,7.3,4.7,21.3,0.127,2001
36,Shawn Bradley,DAL,29,82,53,29,24.4,93.6,5.5,20.6,32.1,0.4,12.1,2.8,72.6,6.9,7.2,5.7,16.9,0.124,2001
37,Michael Finley,DAL,28,82,53,29,42.0,100.7,3.9,9.0,14.2,1.4,21.6,0.4,7.4,13.3,12.4,11.4,35.6,0.121,2001
38,Ben Wallace,DET,26,80,32,48,34.5,98.7,9.4,25.7,40.1,1.3,24.6,2.3,55.0,10.9,9.2,10.0,24.7,0.12,2001
39,Anthony Carter,MIA,26,72,43,29,22.7,93.5,1.9,8.4,13.0,1.0,26.4,0.1,7.6,7.0,5.9,4.6,16.6,0.12,2001
40,Jerry Stackhouse,DET,26,80,31,49,40.1,100.4,2.7,6.3,10.1,1.2,19.6,0.7,14.3,13.4,11.5,11.6,29.3,0.119,2001
41,Scot Pollard,SAC,26,77,52,25,21.6,92.2,3.8,16.5,26.5,0.6,14.5,1.3,49.0,6.5,5.5,5.0,14.2,0.118,2001
42,Terry Porter,SAS,38,80,57,23,21.0,92.3,2.2,10.0,14.9,0.7,20.3,0.1,4.6,6.0,4.9,4.9,13.5,0.117,2001
43,Jalen Rose,IND,28,72,36,36,40.9,100.7,4.5,10.6,16.9,0.9,15.9,0.6,11.4,12.7,11.4,10.6,29.8,0.117,2001
44,Arvydas Sabonis,POR,36,61,37,24,21.2,92.6,4.6,21.4,32.1,0.7,17.5,1.0,44.3,6.1,5.2,4.6,14.7,0.117,2001
45,Vince Carter,TOR,24,75,45,30,39.7,100.5,3.2,8.1,12.7,1.5,24.7,1.1,20.3,11.4,10.6,13.5,31.3,0.117,2001
46,Mario Elie,PHX,37,68,44,24,22.2,93.2,1.7,8.1,11.9,0.9,20.4,0.2,6.6,7.2,5.2,5.8,16.4,0.116,2001
47,Damon Stoudamire,POR,27,82,50,32,32.4,98.6,2.9,8.9,13.6,1.3,23.8,0.1,2.7,10.2,8.4,7.3,24.8,0.116,2001
48,Travis Best,IND,28,77,38,39,31.9,98.5,2.4,7.4,11.7,1.4,31.3,0.1,4.0,9.5,8.7,7.9,21.5,0.115,2001
49,Danny Ferry,SAS,34,80,58,22,21.1,93.1,2.1,9.5,14.3,0.4,11.5,0.3,9.3,6.8,5.0,5.3,14.2,0.113,2001
50,Dan Majerle,MIA,35,53,35,18,24.6,95.7,2.8,11.9,18.1,1.0,24.9,0.3,18.3,7.1,5.4,5.5,18.2,0.112,2001
51,Jermaine O'Neal,IND,22,81,40,41,32.6,98.9,6.7,19.8,31.1,0.6,14.4,2.8,63.0,9.8,9.1,8.0,22.3,0.112,2001
52,Tony Delk,PHX,27,82,51,31,27.9,97.5,2.3,8.2,12.9,0.9,16.6,0.2,7.5,9.8,7.9,7.6,21.5,0.111,2001
53,John Stockton,UTA,39,82,53,29,29.2,98.1,2.1,7.7,11.8,1.6,30.3,0.3,7.7,8.9,7.6,6.3,20.3,0.111,2001
54,Antonio Davis,TOR,32,78,46,32,35.0,99.9,6.6,19.0,29.5,0.3,5.8,1.9,44.8,9.7,9.5,12.2,28.4,0.11,2001
55,Chris Childs,TOR,33,77,47,30,24.1,95.0,2.3,9.7,15.2,0.8,21.1,0.2,7.1,7.8,5.8,4.1,14.7,0.11,2001
56,Kevin Garnett,MIN,25,81,47,34,39.5,101.0,8.7,22.3,35.4,1.4,19.8,1.8,38.0,12.3,11.0,9.6,33.3,0.109,2001
57,Rodney Rogers,PHX,30,82,51,31,26.6,97.0,3.2,12.6,19.6,1.2,22.6,0.6,22.8,9.6,7.0,7.5,20.1,0.109,2001
58,Avery Johnson,SAS,36,55,40,15,23.4,95.2,1.2,4.8,7.5,0.6,19.0,0.1,2.0,7.1,6.1,5.6,17.3,0.109,2001
59,A.C. Green,MIA,37,82,50,32,17.2,90.4,2.5,15.1,23.6,0.4,13.1,0.1,9.0,5.0,4.3,3.7,12.9,0.108,2001
60,Darrell Armstrong,ORL,33,75,40,35,37.0,100.7,3.3,9.0,14.6,1.8,28.1,0.2,3.8,11.7,11.1,9.6,28.2,0.106,2001
61,Charlie Ward,NYK,30,61,35,26,24.5,96.5,2.1,8.9,13.4,1.1,31.0,0.2,7.8,7.5,5.4,3.3,15.7,0.106,2001
62,Wally Szczerbiak,MIN,24,82,47,35,34.8,100.3,3.8,11.0,17.1,0.7,11.9,0.4,9.8,10.5,9.4,8.9,29.9,0.105,2001
63,Charles Oakley,TOR,37,78,45,33,35.5,100.5,7.7,21.9,33.4,1.0,17.9,0.6,14.0,10.1,9.3,11.7,27.5,0.104,2001
64,Bobby Jackson,SAC,28,79,54,25,20.9,93.8,2.2,10.0,16.0,1.1,26.3,0.1,4.2,6.7,5.4,5.2,15.5,0.104,2001
65,Kobe Bryant,LAL,22,68,45,23,41.0,101.9,4.3,10.3,16.1,1.7,28.3,0.6,12.6,12.4,11.3,10.3,32.3,0.103,2001
66,Tom Gugliotta,PHX,31,57,36,21,20.4,94.1,3.1,15.8,24.0,0.8,20.3,0.4,17.5,5.7,4.8,5.2,15.3,0.103,2001
67,Reggie Miller,IND,35,81,41,40,39.3,101.7,3.0,7.7,12.2,1.0,18.1,0.2,3.9,11.8,11.2,10.5,28.7,0.101,2001
68,Corliss Williamson,DET,27,69,32,37,24.4,96.6,3.1,11.8,18.1,0.7,19.9,0.3,10.6,7.6,6.8,8.0,19.1,0.101,2001
69,Donyell Marshall,UTA,28,81,52,29,28.7,99.1,4.9,17.8,26.9,1.0,20.9,1.0,28.5,9.8,7.5,6.7,19.0,0.099,2001
70,Vlade Divac,SAC,33,81,55,26,29.8,99.5,5.8,18.5,28.3,1.1,18.3,1.1,37.3,10.0,8.2,9.2,24.8,0.098,2001
71,Scottie Pippen,POR,35,64,37,27,33.3,100.6,4.1,12.7,19.9,1.5,25.3,0.5,14.7,10.4,9.2,7.3,25.4,0.097,2001
72,Mark Jackson,NYK,36,83,45,38,31.1,100.3,2.9,9.4,14.4,1.0,23.6,0.1,2.7,9.6,8.0,10.0,23.1,0.097,2001
73,Steve Nash,DAL,27,70,48,22,34.1,100.9,2.5,7.1,11.2,1.0,19.0,0.1,1.6,10.7,10.8,9.4,29.5,0.097,2001
74,Matt Maloney,ATL,29,55,20,35,25.5,97.5,1.9,7.2,11.2,1.0,29.3,0.1,3.8,9.1,6.4,6.8,17.9,0.097,2001
75,Malik Rose,SAS,26,57,40,17,21.4,95.9,3.7,16.4,26.4,1.0,34.5,0.7,23.7,7.0,6.4,6.0,16.4,0.095,2001
76,Steven Smith,POR,32,81,49,32,31.4,100.2,2.3,7.5,11.9,0.6,11.9,0.3,9.0,9.8,8.4,7.5,24.0,0.095,2001
77,Mike Miller,ORL,21,82,43,39,29.1,99.7,3.2,10.8,17.5,0.6,12.3,0.2,6.7,9.1,8.7,7.9,21.7,0.094,2001
78,Karl Malone,UTA,37,81,52,29,35.7,101.6,6.9,21.0,32.0,1.1,18.7,0.8,19.7,11.4,9.1,7.9,25.1,0.093,2001
79,Bo Outlaw,ORL,30,80,41,39,31.7,100.6,5.1,16.0,26.6,1.3,24.0,1.7,42.3,11.0,10.3,8.3,24.6,0.092,2001
80,Steve Francis,HOU,24,80,45,35,39.9,102.5,4.5,11.5,17.8,1.8,28.5,0.4,10.9,13.4,11.5,10.1,31.5,0.092,2001
81,Cuttino Mobley,HOU,25,79,44,35,38.1,102.1,4.0,10.4,16.4,1.1,19.0,0.3,9.5,12.1,11.2,8.8,30.3,0.092,2001
82,Joe Smith,DET,25,69,28,41,28.1,99.6,4.8,16.7,25.6,0.7,16.4,0.7,23.6,8.5,7.7,8.4,21.5,0.091,2001
83,Ray Allen,MIL,25,82,52,30,38.2,102.3,4.0,10.3,16.5,1.5,22.7,0.2,6.3,11.7,11.7,9.7,29.4,0.091,2001
84,Terrell Brandon,MIN,31,78,43,35,36.2,101.9,3.1,8.7,13.7,2.1,31.8,0.3,6.7,11.1,10.1,9.5,30.6,0.091,2001
85,Jason Terry,ATL,23,82,25,57,37.7,102.3,2.8,7.3,11.4,1.3,20.9,0.1,3.9,14.3,10.4,10.7,29.7,0.09,2001
86,Jason Williams,SAC,25,77,52,25,29.7,100.5,2.2,6.8,10.5,1.2,20.8,0.1,3.4,10.1,8.7,9.4,25.9,0.09,2001
87,Shaquille O'Neal,LAL,29,74,51,23,39.5,102.6,8.8,21.9,33.9,0.6,11.4,2.8,54.0,12.5,10.7,10.0,29.5,0.089,2001
88,Othella Harrington,NYK,27,74,26,48,24.5,98.9,3.4,14.1,21.3,0.5,14.3,0.6,33.8,9.1,6.4,6.5,19.9,0.089,2001
89,Darius Miles,LAC,19,81,30,51,26.4,99.5,4.3,15.4,24.6,0.6,18.5,1.5,41.0,8.9,7.8,5.3,22.2,0.088,2001
90,Bryant Stith,BOS,30,78,35,43,32.1,101.2,2.8,9.2,14.6,1.2,19.2,0.2,6.3,11.6,8.4,9.0,23.8,0.088,2001
91,Paul Pierce,BOS,23,82,36,46,38.1,102.5,5.2,14.6,23.0,1.7,22.9,0.8,24.8,13.1,10.1,10.2,27.3,0.088,2001
92,Lamar Odom,LAC,21,76,30,46,37.2,102.5,6.3,17.0,26.6,1.0,22.6,1.6,31.7,12.6,10.1,8.2,30.2,0.085,2001
93,Bryon Russell,UTA,30,78,50,28,31.7,101.4,3.0,10.4,16.3,1.2,23.1,0.3,6.8,10.3,8.4,6.7,20.8,0.084,2001
94,Bonzi Wells,POR,24,75,47,28,26.6,99.8,3.3,12.8,19.6,1.3,27.3,0.3,10.3,8.9,6.7,5.8,19.7,0.084,2001
95,Antonio Daniels,SAS,26,79,55,24,26.1,99.8,1.7,6.5,10.3,0.8,20.7,0.2,4.6,8.2,6.6,7.4,19.6,0.084,2001
96,Antoine Walker,BOS,24,81,35,46,41.9,103.4,7.0,17.9,28.3,1.7,21.0,0.6,17.0,14.6,11.3,11.9,32.0,0.084,2001
97,Erick Strickland,VAN,27,50,21,29,16.6,93.8,2.2,13.5,21.1,0.9,32.4,0.0,2.6,5.4,4.4,2.8,10.9,0.084,2001
98,Andre Miller,CLE,25,82,30,52,34.7,102.2,3.2,9.3,14.6,1.5,26.8,0.3,8.5,12.4,9.8,10.5,26.1,0.084,2001
99,Alvin Williams,TOR,26,82,47,35,29.2,100.9,2.0,6.8,10.8,1.5,33.7,0.3,8.1,8.4,8.7,10.2,24.6,0.084,2001
100,Eric Williams,BOS,28,81,36,45,21.5,97.9,1.8,8.8,14.0,0.8,18.1,0.2,10.6,7.1,5.8,6.1,16.7,0.083,2001
101,Anthony Peeler,MIN,31,75,42,33,28.3,100.6,2.0,6.9,10.8,1.2,24.6,0.2,7.1,9.1,7.8,7.8,24.1,0.083,2001
102,Al Harrington,IND,21,78,39,39,24.3,99.1,3.4,13.5,20.9,0.8,24.0,0.2,8.3,8.1,6.6,6.5,17.0,0.083,2001
103,Howard Eisley,DAL,28,82,53,29,29.6,101.0,2.1,7.1,11.4,1.2,25.4,0.1,4.2,9.3,8.5,8.0,25.2,0.083,2001
104,Scott Williams,MIL,33,66,43,23,19.2,96.4,4.0,21.4,33.0,0.7,20.7,0.5,27.1,5.2,5.8,4.1,14.5,0.083,2001
105,Jeff Foster,IND,24,71,34,37,16.3,94.3,3.5,20.5,31.1,0.5,20.7,0.4,18.2,5.4,3.6,3.9,10.1,0.083,2001
106,Mateen Cleaves,DET,23,78,32,46,16.2,94.5,1.4,7.9,12.4,0.6,22.8,0.0,0.8,5.8,4.2,4.8,11.5,0.082,2001
107,Lindsey Hunter,MIL,30,82,52,30,24.4,99.2,1.7,7.2,11.4,1.2,29.7,0.1,6.5,7.4,6.7,5.9,16.9,0.082,2001
108,Juwan Howard,DAL,28,81,32,49,36.7,103.0,5.0,13.8,21.6,0.9,16.0,0.5,10.2,14.0,10.3,10.6,31.2,0.079,2001
109,Tim Thomas,MIL,24,76,48,28,27.4,100.8,3.1,11.3,18.0,1.0,22.3,0.6,22.6,8.1,8.3,7.0,19.9,0.079,2001
110,Milt Palacio,BOS,23,58,27,31,19.7,97.5,1.3,7.0,10.9,0.8,21.7,0.0,0.0,6.8,5.2,4.6,15.0,0.079,2001
111,Dale Davis,POR,32,81,49,32,26.7,100.5,4.6,17.5,27.6,0.5,13.0,0.9,32.5,8.9,7.3,6.7,21.1,0.078,2001
112,Jamaal Magloire,CHH,23,74,42,32,14.8,94.0,2.6,16.8,26.3,0.2,10.5,1.1,50.0,5.1,4.3,3.2,11.1,0.077,2001
113,Jake Tsakalidis,PHX,22,57,36,21,16.6,95.2,2.8,16.9,25.2,0.2,6.8,1.0,47.8,5.8,4.2,4.3,12.2,0.077,2001
114,Horace Grant,LAL,35,77,54,23,31.0,101.9,4.2,13.2,20.2,0.7,16.1,0.8,19.3,9.9,8.6,8.5,24.1,0.077,2001
115,Rick Fox,LAL,31,82,56,26,28.0,101.2,3.0,10.3,15.8,0.9,20.6,0.4,10.2,9.0,7.2,7.4,21.0,0.076,2001
116,Stacey Augmon,POR,32,66,43,23,17.9,96.7,1.5,8.3,13.0,0.7,21.7,0.3,14.3,6.0,4.5,4.2,13.6,0.076,2001
117,James Posey,DEN,24,82,40,42,27.5,101.1,3.7,12.9,19.8,1.1,29.2,0.5,12.6,8.2,7.3,8.3,23.0,0.076,2001
118,Hakeem Olajuwon,HOU,38,58,32,26,26.6,100.9,5.3,20.4,30.5,1.2,25.8,1.5,51.8,9.5,7.0,7.8,19.4,0.076,2001
119,Glenn Robinson,MIL,28,76,50,26,37.0,103.4,5.3,13.9,22.1,1.1,18.1,0.8,22.5,11.7,11.7,9.5,29.7,0.076,2001
120,Chucky Atkins,DET,26,81,31,50,29.2,101.6,1.8,5.9,9.4,0.8,19.1,0.1,1.8,9.4,8.5,7.7,21.7,0.075,2001
121,Kenny Thomas,HOU,23,74,39,35,24.6,100.2,4.0,16.0,25.6,0.5,14.3,0.6,27.0,7.7,7.7,5.8,20.5,0.075,2001
122,Sam Cassell,MIL,31,76,51,25,35.7,103.3,3.2,8.7,13.8,1.2,20.0,0.1,3.1,11.5,11.4,8.8,28.8,0.074,2001
123,Toni Kukoc,ATL,32,65,43,22,24.6,100.3,3.0,12.2,19.5,0.7,17.4,0.2,8.3,8.6,7.4,6.1,20.1,0.074,2001
124,Hedo Turkoglu,SAC,22,74,48,26,16.9,96.0,2.2,11.7,18.9,0.7,21.7,0.3,16.8,6.1,4.9,4.4,13.0,0.074,2001
125,Jon Barry,SAC,31,62,42,20,16.3,95.5,1.3,7.2,11.7,0.5,15.1,0.1,5.8,5.3,4.5,4.2,12.7,0.073,2001
126,Danny Manning,UTA,35,82,53,29,15.9,95.5,1.8,11.8,18.5,0.6,21.1,0.4,17.5,5.5,4.2,3.4,9.0,0.073,2001
127,Billy Owens,DET,32,45,15,30,17.7,97.1,2.7,13.9,22.7,0.7,24.4,0.3,13.3,6.8,4.9,5.3,14.5,0.073,2001
128,Ervin Johnson,MIL,33,82,52,30,24.2,100.2,5.0,20.9,33.0,0.5,12.6,1.2,52.2,7.7,7.0,6.1,17.2,0.073,2001
129,Gary Payton,SEA,32,79,43,36,41.1,104.2,3.6,8.9,14.4,1.6,24.2,0.3,8.1,14.6,11.8,12.3,33.4,0.072,2001
130,Jim Jackson,CLE,30,56,13,43,30.2,102.3,3.1,10.6,16.5,0.9,18.7,0.2,6.4,10.8,8.1,9.4,22.0,0.072,2001
131,Eddie Robinson,CHH,25,67,39,28,17.9,97.3,2.1,11.4,18.4,0.7,25.3,0.5,19.5,5.9,5.1,4.2,14.0,0.072,2001
132,Mookie Blaylock,GSW,34,69,16,53,34.1,103.2,2.9,8.8,13.9,2.4,34.1,0.3,8.4,12.3,9.8,10.6,31.8,0.072,2001
133,Jerome Williams,TOR,28,59,30,29,20.0,99.0,4.2,20.8,33.0,1.0,28.9,0.3,13.3,7.1,5.0,6.0,14.5,0.071,2001
134,Mikki Moore,DET,25,81,32,49,14.2,94.6,2.4,16.1,26.2,0.3,13.3,0.8,50.0,5.2,3.8,3.2,9.3,0.07,2001
135,Greg Ostertag,UTA,28,81,52,29,18.4,97.8,3.1,17.6,27.3,0.3,10.0,1.8,64.3,6.1,4.8,3.7,10.3,0.069,2001
136,Michael Doleac,ORL,24,77,41,36,18.1,97.7,2.6,15.0,23.6,0.5,16.4,0.5,30.1,5.6,5.1,4.3,12.7,0.069,2001
137,Antonio McDyess,DEN,26,70,34,36,36.5,103.7,8.6,22.4,34.8,0.6,14.1,1.5,29.2,10.6,10.2,11.0,30.3,0.069,2001
138,Raef LaFrentz,DEN,25,78,38,40,31.5,102.9,5.6,17.0,26.3,0.5,11.2,2.6,58.5,9.7,8.8,9.8,27.6,0.069,2001
139,Stephen Jackson,NJN,23,77,25,52,21.6,100.0,2.2,10.3,16.5,1.1,29.9,0.2,7.4,7.7,6.2,6.2,16.8,0.068,2001
140,John Starks,UTA,35,75,49,26,28.3,102.3,1.7,6.5,10.1,1.0,20.4,0.1,4.6,9.1,7.4,6.5,21.1,0.068,2001
141,Jud Buechler,DET,33,57,23,34,12.9,93.9,1.3,9.6,15.0,0.4,17.8,0.2,12.5,4.9,3.2,3.9,9.5,0.068,2001
142,Evan Eschmeyer,NJN,26,74,23,51,18.0,98.1,3.1,17.2,26.8,0.6,20.6,0.8,42.6,6.2,4.9,5.5,13.7,0.068,2001
143,Randy Brown,BOS,33,54,23,31,22.9,100.5,1.4,6.7,10.8,1.1,24.7,0.2,8.6,8.4,6.0,6.9,17.0,0.068,2001
144,Lee Nailon,CHH,26,42,23,19,11.1,90.8,1.5,13.1,19.8,0.2,12.3,0.1,9.6,4.8,2.5,2.9,7.7,0.067,2001
145,Austin Croshere,IND,26,81,40,41,23.1,100.7,3.3,14.1,22.0,0.4,13.7,0.6,23.5,7.4,6.2,6.6,16.7,0.067,2001
146,Rashard Lewis,SEA,21,78,43,35,34.9,103.8,5.1,14.6,23.4,1.2,20.5,0.6,16.9,12.1,9.9,10.4,27.7,0.066,2001
147,Pat Garrity,ORL,24,76,40,36,20.8,99.8,2.1,10.3,16.7,0.5,15.9,0.2,8.3,6.3,5.1,5.5,15.3,0.066,2001
148,Hubert Davis,WAS,31,66,36,30,25.7,101.8,1.7,6.5,10.4,0.5,15.0,0.0,0.6,9.1,7.4,7.8,23.1,0.065,2001
149,Sean Rooks,LAC,31,82,31,51,18.9,99.2,2.6,12.9,21.1,0.4,16.6,0.8,33.2,6.4,6.0,3.8,14.5,0.065,2001
150,Rasho Nesterovic,MIN,25,73,41,32,17.0,98.0,2.6,15.3,23.2,0.3,11.3,0.9,44.4,5.6,4.2,4.9,14.1,0.065,2001
151,Michael Dickerson,VAN,26,70,20,50,37.4,104.3,2.3,6.2,9.8,0.9,16.2,0.4,11.4,14.5,11.3,11.6,33.7,0.064,2001
152,Clar. Weatherspoon,CLE,30,82,30,52,33.9,103.8,7.0,20.6,32.5,1.0,20.3,1.3,33.8,12.4,9.8,10.6,26.5,0.064,2001
153,Antawn Jamison,GSW,25,82,17,65,41.4,104.9,5.3,13.4,21.2,1.4,17.6,0.3,8.2,15.2,11.7,13.1,39.6,0.064,2001
154,Shareef Abdur-Rahim,VAN,24,81,23,58,40.0,104.7,6.9,17.6,27.7,1.1,19.5,1.0,26.5,15.7,11.9,13.0,35.8,0.064,2001
155,Larry Hughes,GSW,22,50,13,37,36.9,104.4,4.0,10.9,17.5,1.9,27.7,0.6,15.9,13.5,11.4,11.4,34.9,0.063,2001
156,Kenyon Martin,NJN,23,68,22,46,33.4,103.8,5.4,16.9,26.9,1.1,20.5,1.7,45.0,10.9,9.6,9.8,26.6,0.063,2001
157,Mike Bibby,VAN,23,82,23,59,38.9,104.7,3.1,8.2,13.2,1.3,22.6,0.1,4.3,14.7,12.0,12.0,35.0,0.063,2001
158,Rod Strickland,POR,34,54,16,38,25.4,102.2,1.9,7.8,12.5,1.0,23.8,0.1,3.3,9.8,6.6,7.0,21.2,0.063,2001
159,Dana Barros,DET,34,60,24,36,18.0,99.1,1.5,7.9,12.5,0.5,18.1,0.0,1.9,5.7,4.5,4.9,13.2,0.063,2001
160,Mark Blount,BOS,25,64,28,36,17.2,98.4,2.1,12.7,20.6,0.6,17.0,1.2,58.9,6.0,4.8,4.9,12.3,0.063,2001
161,Bryant Reeves,VAN,28,75,19,56,24.4,101.8,4.3,17.8,27.3,0.6,16.2,0.7,31.2,9.1,6.9,7.7,21.1,0.062,2001
162,Keon Clark,TOR,26,81,48,33,21.2,100.9,3.7,16.6,27.8,0.4,11.9,1.9,51.2,6.9,7.1,6.8,17.0,0.062,2001
163,Walt Williams,HOU,31,72,39,33,22.0,100.9,3.0,13.6,20.6,0.4,13.3,0.4,19.3,7.2,6.3,5.6,16.6,0.062,2001
164,Corey Maggette,LAC,21,69,27,42,19.7,100.3,2.9,14.2,22.8,0.5,19.9,0.1,5.5,6.8,6.0,4.2,16.6,0.062,2001
165,Daniel Santiago,PHX,25,54,34,20,10.7,92.9,1.2,11.3,18.3,0.3,14.7,0.4,31.3,3.8,2.7,3.4,8.3,0.061,2001
166,Olden Polynice,UTA,36,81,53,28,20.0,100.2,2.7,15.0,23.3,0.3,9.3,1.0,46.7,6.8,5.5,5.3,15.2,0.061,2001
167,Stephon Marbury,NJN,24,67,22,45,38.2,104.8,2.3,6.1,9.9,1.2,18.4,0.1,1.9,12.8,11.8,10.6,30.7,0.061,2001
168,Shandon Anderson,HOU,27,82,45,37,29.2,103.3,3.2,11.0,16.9,1.0,23.2,0.5,17.8,10.0,8.5,7.7,23.4,0.06,2001
169,Vitaly Potapenko,BOS,26,82,36,46,23.2,101.6,3.5,16.7,25.9,0.6,14.7,0.3,20.5,7.9,6.0,6.1,17.5,0.06,2001
170,Ruben Patterson,SEA,25,76,41,35,27.1,102.9,2.6,9.6,16.2,1.4,29.0,0.6,19.0,9.8,8.0,8.0,23.1,0.06,2001
171,Chauncey Billups,MIN,24,77,42,35,23.3,101.7,1.6,7.3,11.5,0.7,18.5,0.1,5.3,7.7,6.2,5.7,19.9,0.059,2001
172,Lorenzen Wright,ATL,25,71,23,48,28.0,103.2,5.0,17.7,28.0,0.6,13.9,0.9,29.4,10.6,7.9,8.4,22.5,0.059,2001
173,Brevin Knight,ATL,25,53,14,39,27.6,103.3,2.7,10.0,15.4,1.9,39.1,0.1,3.2,10.9,7.3,7.6,22.8,0.058,2001
174,Mark Pope,MIL,28,63,40,23,14.9,97.8,1.4,9.2,14.3,0.3,10.7,0.4,24.8,4.2,4.3,4.1,11.9,0.058,2001
175,Zan Tabak,IND,31,55,29,26,14.1,96.9,2.7,18.4,28.2,0.2,9.6,0.5,32.6,4.7,3.8,3.9,9.5,0.058,2001
176,Keyon Dooling,LAC,21,76,29,47,16.3,98.9,1.1,6.3,10.0,0.5,24.6,0.1,7.0,5.9,4.9,2.9,13.6,0.058,2001
177,Chris Dudley,PHX,36,53,34,19,11.5,93.9,2.2,20.0,29.9,0.3,10.9,0.5,40.8,3.0,2.9,3.8,8.0,0.058,2001
178,Matt Harpring,CLE,25,56,24,32,28.8,103.5,2.7,9.3,14.5,0.8,17.4,0.3,9.5,11.4,8.1,9.7,22.6,0.058,2001
179,Sherman Douglas,NJN,34,59,19,40,18.5,99.8,0.9,5.2,8.4,0.6,19.6,0.1,4.3,6.6,4.9,5.0,12.5,0.058,2001
180,Morris Peterson,TOR,23,80,45,35,22.6,101.8,1.8,8.2,12.9,0.8,23.4,0.3,9.0,6.5,6.5,7.9,18.3,0.058,2001
181,Dion Glover,ATL,22,57,16,41,16.3,99.1,1.6,9.4,15.3,0.9,29.9,0.2,9.7,6.3,4.4,4.3,12.2,0.057,2001
182,Maurice Taylor,HOU,24,69,37,32,28.5,103.5,3.9,14.3,21.6,0.4,9.5,0.6,20.1,10.3,7.5,7.6,21.9,0.057,2001
183,Michael Curry,DET,32,68,24,44,21.9,101.5,1.5,6.8,10.4,0.4,12.7,0.0,1.9,7.1,5.9,5.9,15.5,0.057,2001
184,Lamond Murray,CLE,28,78,30,48,28.5,103.5,3.0,11.0,17.5,1.1,23.0,0.3,11.2,10.7,8.3,8.3,21.6,0.057,2001
185,Robert Traylor,CLE,24,70,25,45,17.3,99.6,2.5,15.2,24.7,0.7,21.6,1.1,49.0,6.9,4.8,4.8,12.2,0.057,2001
186,Ron Harper,LAL,37,47,31,16,24.2,102.5,2.6,10.2,16.2,0.8,26.0,0.5,15.9,8.4,7.2,6.3,20.5,0.056,2001
187,Tyrone Nesby,WAS,25,62,13,49,25.1,102.8,2.0,8.2,12.9,0.8,23.0,0.3,12.8,9.7,6.6,6.5,21.3,0.056,2001
188,Kevin Ollie,PHI,28,70,41,29,13.2,96.4,1.1,8.7,13.9,0.4,19.9,0.0,1.1,4.7,3.4,3.7,9.8,0.056,2001
189,Wesley Person,CLE,30,44,17,27,21.8,101.8,2.7,12.7,20.1,0.6,18.6,0.3,11.2,9.1,6.3,7.0,17.7,0.056,2001
190,Alan Henderson,ATL,28,73,20,53,24.8,102.8,3.1,13.1,20.6,0.7,16.0,0.4,18.1,10.0,6.5,6.5,19.5,0.055,2001
191,Nick Van Exel,DEN,29,71,34,37,37.8,105.1,2.8,7.1,11.2,0.9,18.4,0.3,4.8,11.1,10.7,11.3,32.2,0.055,2001
192,Felipe Lopez,MIN,26,70,23,47,22.4,102.2,2.6,11.6,18.0,0.9,25.3,0.4,17.8,9.2,6.2,6.3,19.2,0.055,2001
193,Monty Williams,ORL,29,82,43,39,14.7,98.1,1.9,12.7,21.3,0.4,15.2,0.2,11.2,5.7,4.2,4.5,11.0,0.055,2001
194,Hersey Hawkins,CHH,34,59,34,25,11.5,95.0,1.1,9.4,14.0,0.6,30.6,0.2,11.8,3.9,3.1,2.6,8.1,0.055,2001
195,Jeff McInnis,LAC,26,81,31,50,34.9,104.8,2.2,6.3,10.1,0.9,22.7,0.1,1.9,11.6,9.6,8.5,30.6,0.054,2001
196,Andrew DeClercq,ORL,28,67,37,30,13.4,97.4,2.2,15.9,25.8,0.6,25.6,0.5,30.8,3.6,4.2,3.6,9.3,0.054,2001
197,Jumaine Jones,PHI,22,65,43,22,13.3,97.5,1.9,14.7,22.6,0.5,21.0,0.2,20.8,5.0,3.3,3.5,9.5,0.053,2001
198,Grant Long,VAN,35,66,19,47,22.9,102.5,3.0,13.2,22.4,1.1,30.0,0.2,11.9,8.4,7.3,6.2,19.9,0.053,2001
199,Otis Thorpe,CHH,38,49,27,22,13.2,97.5,1.9,15.2,23.2,0.2,11.7,0.1,13.0,4.6,3.4,2.8,9.4,0.053,2001
200,Jonathan Bender,IND,20,59,27,32,9.7,93.9,1.0,9.6,14.8,0.1,8.1,0.5,30.8,4.2,2.5,3.1,6.7,0.052,2001
201,Elton Brand,CHI,22,74,15,59,39.3,105.6,6.2,17.3,27.7,1.0,14.9,1.6,41.5,14.0,10.8,9.4,31.9,0.052,2001
202,Jacque Vaughn,UTA,26,82,53,29,19.8,101.5,1.6,8.8,13.8,0.6,20.5,0.0,1.5,7.0,5.1,4.8,12.4,0.052,2001
203,Kevin Edwards,VAN,35,46,13,33,13.8,98.4,1.3,9.1,14.8,0.6,28.2,0.2,13.1,5.3,4.1,4.0,12.4,0.052,2001
204,Bryce Drew,CHI,26,48,9,39,27.2,103.8,1.2,4.6,7.3,0.7,16.5,0.1,2.8,8.8,7.0,6.8,22.1,0.052,2001
205,Moochie Norris,HOU,27,82,45,37,20.1,101.7,1.9,9.3,14.9,0.8,29.4,0.0,1.4,6.6,5.8,4.1,16.2,0.051,2001
206,Vernon Maxwell,DAL,35,43,31,12,15.4,99.5,1.4,8.9,14.2,0.5,22.3,0.1,4.4,5.4,4.7,4.3,12.7,0.051,2001
207,Trajan Langdon,CLE,25,65,21,44,17.2,100.5,1.2,7.0,11.7,0.6,18.6,0.1,6.9,7.0,5.0,4.8,12.4,0.051,2001
208,Metta World Peace,CHI,21,76,15,61,31.1,104.6,3.1,11.0,17.5,2.0,36.5,0.6,20.6,11.2,8.3,6.9,25.5,0.051,2001
209,Eldridge Recasner,CHH,33,43,27,16,9.4,93.1,0.9,8.6,14.0,0.1,14.6,0.0,1.6,3.5,2.6,2.5,6.5,0.051,2001
210,Adonal Foyle,GSW,26,58,8,50,25.2,103.4,4.3,17.1,27.0,0.5,12.6,2.7,75.4,8.6,7.7,8.3,23.2,0.051,2001
211,Brent Barry,SEA,29,67,39,28,26.6,103.8,2.7,10.0,16.0,1.2,26.8,0.2,7.3,9.4,7.5,7.7,22.7,0.051,2001
212,Eric Piatkowski,LAC,30,81,31,50,26.5,103.9,2.3,8.6,13.9,0.6,18.1,0.2,6.8,8.7,7.7,5.8,23.1,0.05,2001
213,Sam Perkins,IND,40,64,34,30,15.6,99.7,2.1,14.3,22.0,0.5,23.4,0.3,17.3,4.5,4.2,4.2,11.5,0.049,2001
214,Aaron Williams,NJN,29,82,26,56,28.5,104.3,4.6,17.6,29.0,0.7,14.6,1.4,46.7,9.8,8.4,7.4,21.4,0.049,2001
215,Chris Mihm,CLE,21,59,19,40,19.7,102.0,2.9,15.0,23.4,0.3,11.6,0.9,38.4,7.5,6.3,5.7,15.3,0.049,2001
216,Emanual Davis,SEA,32,62,32,30,20.8,102.4,2.0,10.2,16.4,1.0,27.0,0.2,9.0,6.8,6.2,6.1,16.4,0.048,2001
217,Elliot Perry,PHX,32,49,25,24,10.2,95.6,0.8,7.4,11.4,0.4,22.2,0.0,1.8,3.3,2.8,3.2,7.5,0.048,2001
218,Patrick Ewing,SEA,38,79,42,37,26.6,104.1,5.8,22.3,34.8,0.7,16.1,1.2,47.4,9.7,7.2,8.5,21.2,0.048,2001
219,Michael Olowokandi,LAC,26,82,31,51,25.9,103.8,4.4,17.3,26.6,0.4,13.2,1.3,38.6,9.0,6.5,6.3,23.1,0.048,2001
220,John Amaechi,ORL,30,82,43,39,20.9,102.6,2.3,11.2,18.7,0.3,10.4,0.4,14.0,8.0,6.7,6.4,17.2,0.048,2001
221,Eddie House,MIA,23,50,30,20,10.9,96.6,0.7,7.0,10.9,0.3,14.4,0.0,0.0,3.2,2.9,2.7,7.8,0.047,2001
222,Brian Shaw,LAL,35,80,55,25,22.9,103.3,3.2,13.7,22.0,0.6,18.1,0.3,12.2,7.6,6.4,6.2,17.5,0.047,2001
223,Khalid El-Amin,CHI,22,50,7,43,18.7,102.0,1.2,7.0,11.2,1.0,26.8,0.0,2.0,6.2,5.3,4.4,14.6,0.047,2001
224,Calvin Booth,DAL,25,55,19,36,16.9,101.3,3.1,17.7,27.3,0.5,20.3,2.0,71.6,6.2,4.7,5.3,12.9,0.047,2001
225,Ike Austin,VAN,31,52,15,37,16.3,100.8,3.3,21.6,32.8,0.4,14.8,0.4,31.9,6.4,3.6,4.6,14.0,0.047,2001
226,Derrick McKey,IND,34,66,32,34,14.9,100.3,1.9,12.7,20.8,0.7,32.2,0.2,12.1,5.0,4.2,3.8,10.5,0.045,2001
227,Shawn Kemp,POR,31,68,42,26,15.9,100.9,2.9,19.9,29.5,0.7,23.3,0.3,24.5,5.9,3.4,3.8,11.1,0.045,2001
228,Jelani McCoy,SEA,23,70,38,32,16.3,101.0,2.3,13.9,21.7,0.3,9.5,0.7,37.7,5.7,4.9,4.7,12.6,0.045,2001
229,LaPhonso Ellis,MIN,31,82,47,35,23.7,103.8,3.6,15.8,25.5,0.8,21.8,0.9,34.4,8.2,6.5,5.6,19.6,0.045,2001
230,Vin Baker,SEA,29,76,40,36,28.0,104.8,3.3,12.0,20.0,0.5,11.0,1.0,34.9,10.2,7.8,8.6,23.7,0.044,2001
231,Johnny Newman,NJN,37,82,26,56,25.0,104.2,1.7,7.2,12.1,0.8,19.6,0.1,5.0,8.5,7.9,7.6,19.5,0.044,2001
232,Nazr Mohammed,ATL,23,58,30,28,15.8,101.5,3.3,21.1,32.7,0.5,17.1,0.6,45.5,6.0,4.4,4.1,12.5,0.043,2001
233,Quentin Richardson,LAC,21,76,28,48,17.8,102.2,2.0,11.3,17.7,0.6,23.1,0.1,4.2,6.8,4.6,4.3,16.0,0.043,2001
234,Don Reid,ORL,27,65,36,29,11.7,98.6,2.4,20.3,31.6,0.4,19.0,0.8,54.5,4.6,3.1,3.7,8.5,0.043,2001
235,Cedric Henderson,CLE,26,55,19,36,17.5,102.1,1.3,7.5,12.2,0.5,18.8,0.4,20.7,6.9,5.0,4.6,12.7,0.043,2001
236,Robert Horry,LAL,30,79,54,25,20.1,103.1,2.6,12.7,21.1,0.7,23.7,0.7,27.1,6.9,6.0,4.8,16.4,0.043,2001
237,DerMarr Johnson,ATL,21,78,23,55,16.8,102.0,1.6,9.3,15.4,0.6,20.4,0.4,17.9,6.7,5.1,4.6,13.3,0.042,2001
238,Marc Jackson,GSW,26,48,12,36,29.3,105.3,5.0,18.3,27.8,0.7,12.9,0.6,25.0,10.9,7.6,8.0,27.0,0.042,2001
239,Lucious Harris,NJN,30,73,21,52,28.4,105.1,3.0,11.2,18.4,1.0,22.0,0.2,7.6,9.0,8.2,7.3,22.6,0.041,2001
240,Troy Hudson,ORL,25,75,38,37,13.4,100.6,0.9,6.5,11.0,0.5,23.6,0.0,2.5,4.7,4.1,3.8,11.1,0.041,2001
241,Gerard King,WAS,28,45,8,37,15.7,101.6,2.0,14.2,21.6,0.3,11.6,0.2,16.2,6.5,3.3,4.9,11.6,0.041,2001
242,Chris Gatling,CLE,33,74,28,46,22.6,104.1,3.9,18.7,30.5,0.7,18.8,0.4,20.3,8.5,6.5,7.4,17.1,0.041,2001
243,Ron Mercer,CHI,25,61,10,51,41.5,106.6,2.7,7.1,11.7,1.3,18.1,0.4,10.5,15.3,12.5,9.5,34.9,0.041,2001
244,Greg Anthony,POR,33,58,37,21,14.8,101.2,0.7,5.0,8.1,0.7,25.6,0.1,3.6,5.5,4.1,3.9,11.6,0.041,2001
245,Chris Crawford,ATL,26,47,11,36,19.2,103.2,1.7,9.6,14.7,0.4,13.4,0.3,18.6,7.9,5.1,5.7,15.7,0.041,2001
246,Travis Knight,NYK,26,45,29,16,5.7,88.6,0.8,12.9,20.0,0.1,16.7,0.2,55.0,2.5,1.2,0.8,2.8,0.04,2001
247,Dean Garrett,MIN,34,70,41,29,11.9,99.3,2.2,18.5,29.2,0.4,18.2,0.7,44.5,3.7,3.4,3.5,10.3,0.04,2001
248,Voshon Lenard,DEN,28,80,40,40,29.2,105.4,2.3,7.6,12.0,0.8,21.5,0.2,5.7,8.1,8.1,9.1,25.7,0.04,2001
249,Fred Hoiberg,CHI,28,74,14,60,30.3,105.6,3.9,14.1,22.5,1.3,25.9,0.2,5.7,10.6,8.2,7.4,25.4,0.04,2001
250,Ryan Bowen,DEN,25,57,25,32,12.2,99.8,0.9,7.3,11.6,0.6,30.6,0.2,13.0,4.5,3.2,3.8,10.3,0.04,2001
251,Matt Bullard,HOU,34,61,31,30,16.4,102.2,1.8,10.5,17.3,0.2,7.8,0.1,11.4,5.3,5.5,3.0,13.6,0.04,2001
252,Robert Pack,DEN,32,74,38,36,17.0,102.8,1.4,8.3,13.2,0.9,30.7,0.0,0.6,6.0,5.1,5.5,15.5,0.039,2001
253,Hanno Mottola,ATL,24,73,22,51,13.5,101.1,1.7,12.8,21.4,0.2,7.4,0.1,10.8,5.1,3.8,3.8,10.1,0.039,2001
254,Damon Jones,VAN,24,71,16,55,19.9,103.7,1.5,7.6,12.6,0.5,17.6,0.0,0.8,6.8,6.6,5.9,17.4,0.038,2001
255,Rodney Buford,PHI,23,47,30,17,12.2,99.9,1.2,10.3,16.7,0.4,18.3,0.1,13.0,4.3,3.2,3.6,9.4,0.038,2001
256,Vinny Del Negro,PHX,34,65,28,37,14.1,101.4,1.1,8.1,12.9,0.4,16.0,0.0,3.3,5.0,3.8,3.3,12.2,0.038,2001
257,Desmond Mason,SEA,23,78,41,37,19.5,103.7,2.3,12.0,20.0,0.5,15.5,0.3,12.5,6.9,5.5,5.7,16.6,0.038,2001
258,Popeye Jones,WAS,31,45,11,34,14.2,101.6,3.0,23.5,36.6,0.4,16.5,0.2,22.2,5.2,3.7,4.0,12.0,0.038,2001
259,Michael Ruffin,CHI,24,45,8,37,19.5,103.6,3.6,19.4,31.2,0.7,20.8,0.8,34.2,7.2,5.4,4.5,15.2,0.038,2001
260,Corie Blount,GSW,32,68,20,48,19.2,103.5,3.2,17.3,28.1,0.6,18.6,0.3,17.2,7.6,5.8,6.4,16.4,0.038,2001
261,Adrian Griffin,BOS,26,44,16,28,8.5,96.6,1.4,17.9,27.8,0.4,24.7,0.1,16.7,3.4,2.3,2.3,6.4,0.038,2001
262,Shammond Williams,SEA,26,69,35,34,18.0,103.2,1.4,7.9,13.5,0.4,14.8,0.1,3.3,5.8,5.4,5.2,14.9,0.037,2001
263,Samaki Walker,SAS,25,61,45,16,15.8,102.5,2.9,18.2,28.5,0.2,8.9,0.7,33.1,5.1,4.3,4.6,13.0,0.037,2001
264,Bob Sura,GSW,28,53,14,39,31.7,106.1,3.3,11.0,17.4,1.0,16.6,0.2,5.3,12.3,9.0,10.4,32.0,0.037,2001
265,Todd MacCulloch,PHI,25,63,44,19,9.5,98.4,1.6,15.8,25.1,0.1,7.1,0.3,38.8,3.3,2.7,2.8,8.1,0.037,2001
266,Brad Miller,CHI,25,57,10,47,25.2,105.2,4.8,20.8,32.2,0.6,15.8,0.7,31.7,8.4,6.5,6.6,20.7,0.036,2001
267,Anthony Johnson,CLE,26,53,16,37,9.6,98.6,0.6,7.1,12.3,0.4,24.2,0.1,10.7,4.0,2.6,3.0,6.8,0.036,2001
268,Lawrence Funderburke,SAC,30,59,42,17,11.8,99.9,2.1,16.9,27.6,0.2,7.2,0.2,20.3,4.1,3.0,4.0,10.4,0.036,2001
269,Paul McPherson,GSW,22,55,21,34,10.8,99.4,0.7,7.0,11.7,0.5,20.5,0.1,6.7,4.4,3.2,3.2,8.0,0.036,2001
270,Christian Laettner,WAS,31,78,38,40,21.3,104.5,3.2,15.5,25.2,0.9,24.4,0.6,32.4,7.9,6.2,6.7,21.0,0.036,2001
271,Jason Caffey,MIL,28,70,46,24,20.8,104.3,3.1,15.1,23.7,0.5,15.6,0.4,21.0,7.1,6.1,5.5,16.7,0.036,2001
272,William Avery,MIN,21,55,32,23,8.4,97.3,0.4,5.1,8.1,0.2,15.5,0.1,8.5,3.0,2.4,2.2,7.1,0.036,2001
273,Mark Strickland,NJN,30,55,21,34,13.1,101.6,1.9,15.3,23.9,0.3,13.0,0.4,22.7,4.9,3.9,4.8,11.7,0.035,2001
274,Jamal Crawford,CHI,21,61,8,53,17.2,103.5,1.3,8.2,13.3,0.7,21.9,0.2,15.7,7.4,4.9,4.5,14.9,0.035,2001
275,Marcus Fizer,CHI,22,72,14,58,22.0,105.0,3.3,16.7,27.4,0.4,10.6,0.3,12.5,9.2,6.6,5.4,19.6,0.034,2001
276,Bimbo Coles,CLE,33,47,17,30,17.1,103.7,0.8,5.2,8.9,0.6,19.0,0.1,7.1,7.3,5.7,4.5,13.1,0.033,2001
277,Keith Van Horn,NJN,25,49,16,33,35.3,106.8,5.5,16.0,26.3,0.8,15.4,0.4,11.6,11.7,11.1,11.3,29.4,0.033,2001
278,Corey Benjamin,CHI,23,65,9,56,13.2,102.2,1.0,7.7,12.8,0.4,19.6,0.2,19.3,5.6,3.8,3.0,10.5,0.032,2001
279,Mike Penberthy,LAL,26,53,39,14,16.0,103.6,1.0,5.8,9.5,0.4,21.0,0.0,2.0,5.6,4.9,5.2,14.8,0.032,2001
280,Richard Hamilton,WAS,23,78,19,59,32.3,106.6,2.1,6.8,10.8,1.0,18.8,0.1,4.0,12.8,9.3,9.8,27.8,0.032,2001
281,Walter McCarty,BOS,27,60,25,35,7.9,98.4,1.0,12.4,19.9,0.2,14.7,0.1,17.9,3.1,2.4,2.0,5.2,0.031,2001
282,Stromile Swift,VAN,21,80,22,58,16.4,103.7,2.2,13.7,22.4,0.8,29.4,1.0,54.7,5.9,5.2,4.7,13.5,0.031,2001
283,Tony Massenburg,VAN,33,52,13,39,15.7,103.5,2.6,16.6,27.7,0.2,9.5,0.5,32.9,5.0,5.4,4.4,13.5,0.031,2001
284,Cherokee Parks,LAC,28,65,23,42,16.2,104.0,2.4,15.9,24.8,0.4,18.0,0.6,32.7,5.2,4.5,3.7,14.2,0.03,2001
285,David Benoit,UTA,33,49,31,18,9.1,99.9,1.2,14.7,22.8,0.1,11.1,0.1,12.8,3.1,2.0,2.5,5.8,0.03,2001
286,Kevin Willis,DEN,38,78,35,43,23.4,105.7,4.6,19.4,30.5,0.7,21.5,0.7,23.9,8.3,6.9,8.3,21.0,0.03,2001
287,Erick Dampier,GSW,25,43,7,36,24.2,105.8,3.6,15.9,25.4,0.4,8.8,1.3,52.3,9.7,6.0,8.6,23.2,0.03,2001
288,Cal Bowdler,ATL,24,44,15,29,8.5,99.2,1.1,12.3,20.3,0.2,16.7,0.5,48.8,2.8,2.2,1.9,7.1,0.03,2001
289,Vonteego Cummings,GSW,25,66,13,53,22.7,105.7,1.4,6.7,10.5,1.0,24.0,0.2,8.9,8.5,5.8,6.9,19.3,0.029,2001
290,Reggie Slater,MIN,30,55,32,23,12.4,102.8,2.0,15.6,24.2,0.3,14.9,0.2,17.0,3.9,3.8,3.5,11.0,0.028,2001
291,Mark Madsen,LAL,25,70,50,20,9.1,100.5,1.1,11.9,19.1,0.1,7.7,0.1,16.0,3.5,2.3,2.6,7.2,0.028,2001
292,Chris Whitney,WAS,29,59,12,47,26.0,106.6,1.6,6.6,10.3,0.9,23.2,0.1,1.9,10.5,7.4,8.2,21.1,0.026,2001
293,Isaiah Rider,LAL,30,67,46,21,18.0,105.2,1.7,9.3,14.9,0.4,18.2,0.1,5.0,6.2,4.9,5.5,14.8,0.026,2001
294,Steve Kerr,SAS,35,55,42,13,11.9,102.9,0.5,4.5,7.3,0.3,17.4,0.0,1.2,3.9,3.9,3.3,10.1,0.025,2001
295,Devean George,LAL,23,59,43,16,10.0,102.0,1.3,12.4,20.5,0.3,18.5,0.3,18.1,3.5,3.2,2.5,7.3,0.025,2001
296,Jahidi White,WAS,25,68,17,51,23.6,106.4,5.0,22.5,35.9,0.5,12.9,1.6,63.4,10.0,6.6,8.0,22.0,0.024,2001
297,Eric Montross,TOR,29,54,23,31,12.0,104.1,2.2,18.8,29.8,0.2,10.2,0.5,35.6,4.4,3.6,3.3,9.1,0.023,2001
298,Adam Keefe,GSW,31,67,14,53,12.6,104.0,1.8,15.0,25.6,0.4,16.2,0.3,20.8,5.2,3.6,4.0,10.0,0.023,2001
299,George McCloud,DEN,34,76,37,39,26.4,107.0,2.2,8.4,13.7,0.7,17.9,0.4,10.8,9.3,8.5,8.6,23.4,0.023,2001
300,Loy Vaught,WAS,33,51,22,29,10.8,103.2,2.4,23.8,36.6,0.4,28.4,0.1,14.3,4.2,3.1,3.3,9.7,0.022,2001
301,Dell Curry,TOR,37,71,38,33,13.5,104.7,1.0,7.6,12.3,0.4,20.6,0.1,6.5,3.9,4.1,4.9,12.4,0.022,2001
302,Sam Mitchell,MIN,37,82,47,35,12.0,104.2,1.2,10.4,17.3,0.3,15.1,0.1,8.9,4.1,3.2,3.6,10.2,0.021,2001
303,Tracy Murray,TOR,29,51,26,25,11.5,104.3,1.2,10.5,16.3,0.2,13.5,0.1,6.8,3.5,3.2,4.4,9.7,0.021,2001
304,Dragan Tarlac,CHI,28,43,4,39,13.9,105.2,2.0,15.5,26.1,0.2,6.6,0.4,38.8,5.7,4.3,3.3,11.6,0.02,2001
305,Michael Smith,WAS,29,79,19,60,20.4,106.8,4.9,25.7,39.9,0.7,24.1,0.5,24.3,8.8,5.7,5.8,18.0,0.019,2001
306,Courtney Alexander,WAS,24,65,29,36,21.1,107.5,1.6,7.6,12.2,0.7,19.7,0.1,4.7,9.2,6.4,6.9,21.0,0.015,2001
307,Chris Porter,GSW,23,51,9,42,22.5,107.7,2.0,9.3,15.1,0.9,21.7,0.1,4.5,7.5,6.3,7.8,22.5,0.014,2001
308,Greg Foster,LAL,32,62,41,21,7.3,104.7,1.3,18.9,30.3,0.1,16.1,0.2,26.1,2.6,2.1,2.1,6.6,0.011,2001
