,Player,TEAM,AGE,GP,W,L,MIN,DEF RTG,DREB,DREB%,%DREB,STL,STL%,BLK,%BLK,OPP PTSOFF TOV,OPP PTS2ND CHANCE,OPP PTSFB,OPP PTSPAINT,DEFWS,Year
0,Mike Conley,UTA,33,51,37,14,29.4,99.5,2.8,8.2,11.6,1.4,34.7,0.2,5.2,9.1,7.1,7.4,26.9,0.184,2021
1,Rudy Gobert,UTA,29,71,52,19,30.8,100.9,10.1,28.8,40.4,0.6,13.7,2.7,74.8,10.8,7.2,7.6,28.7,0.181,2021
2,LeBron James,LAL,36,45,30,15,33.4,103.2,7.0,20.2,28.6,1.1,20.9,0.6,13.4,10.8,8.0,8.8,32.2,0.172,2021
3,Julius Randle,NYK,26,71,40,31,37.6,106.8,9.0,22.7,32.4,0.9,17.0,0.3,6.9,12.2,9.0,8.4,34.4,0.153,2021
4,Ben Simmons,PHI,24,58,42,16,32.4,106.0,5.6,16.6,23.2,1.6,24.9,0.6,15.1,11.3,7.3,10.2,31.6,0.14,2021
5,RJ Barrett,NYK,21,72,41,31,34.9,107.2,4.8,13.0,18.7,0.7,14.6,0.3,7.5,11.0,8.6,8.0,32.5,0.138,2021
6,Tobias Harris,PHI,28,62,44,18,32.5,106.1,5.8,17.0,23.7,0.9,14.7,0.8,21.2,11.5,7.5,9.5,30.7,0.138,2021
7,Joel Embiid,PHI,27,51,39,12,31.1,105.8,8.4,25.4,36.0,1.0,16.3,1.4,37.1,10.5,7.5,9.0,29.1,0.135,2021
8,Jimmy Butler,MIA,31,52,33,19,33.6,106.9,5.1,15.3,21.3,2.1,34.5,0.3,12.7,10.1,7.7,7.1,28.3,0.135,2021
9,Paul George,LAC,31,54,38,16,33.7,107.0,5.8,17.1,23.6,1.1,21.8,0.4,16.4,10.4,7.5,7.3,30.3,0.134,2021
10,Joe Ingles,UTA,33,67,47,20,27.9,104.9,3.2,10.8,14.9,0.7,16.7,0.2,6.1,10.0,7.1,7.1,27.9,0.13,2021
11,Giannis Antetokounmpo,MIL,26,61,40,21,33.0,107.3,9.4,26.4,35.7,1.2,21.8,1.2,34.6,10.7,8.1,7.0,29.1,0.13,2021
12,Kyle Kuzma,LAL,25,68,40,28,28.7,105.4,4.5,15.7,22.2,0.5,11.8,0.6,19.6,10.1,6.4,6.8,28.8,0.128,2021
13,Royce O'Neale,UTA,28,71,51,20,31.6,107.3,5.6,16.2,22.4,0.8,19.5,0.5,13.3,11.3,7.7,7.9,33.4,0.123,2021
14,Bojan Bogdanovic,UTA,32,72,52,20,30.8,107.3,3.3,9.9,13.9,0.6,15.6,0.1,1.6,11.5,7.9,7.8,33.3,0.121,2021
15,Alec Burks,NYK,29,49,27,22,25.6,104.6,4.2,15.6,22.4,0.6,17.1,0.3,10.9,7.7,6.3,4.7,22.0,0.12,2021
16,Devonte' Graham,CHA,26,55,23,32,30.2,107.1,2.3,7.5,11.2,0.9,18.8,0.1,4.1,9.7,7.9,6.8,28.8,0.119,2021
17,Derrick Rose,NYK,32,50,28,22,25.6,105.0,2.2,8.1,12.0,1.0,25.7,0.4,13.4,8.0,7.5,4.9,23.2,0.119,2021
18,Reggie Bullock,NYK,30,65,38,27,30.0,107.2,3.2,10.2,14.5,0.8,18.6,0.2,5.7,9.2,7.3,7.1,28.2,0.119,2021
19,Seth Curry,PHI,30,57,39,18,28.7,106.5,2.2,7.4,10.5,0.8,14.1,0.1,4.1,9.8,6.7,8.5,27.6,0.118,2021
20,Alex Caruso,LAL,27,58,32,26,21.0,101.7,2.4,11.4,16.3,1.1,29.9,0.3,11.3,6.8,4.7,4.4,18.8,0.118,2021
21,P.J. Dozier,DEN,24,50,36,14,21.8,102.5,2.9,13.3,18.1,0.6,16.5,0.4,19.6,6.6,4.1,4.9,18.8,0.117,2021
22,Dennis Schroder,LAL,27,61,38,23,32.1,108.6,3.0,9.3,13.1,1.1,22.8,0.2,6.2,10.8,7.5,8.3,33.6,0.114,2021
23,Duncan Robinson,MIA,27,72,40,32,31.4,108.3,3.4,10.9,15.6,0.6,11.7,0.3,11.0,10.6,7.8,6.7,26.8,0.113,2021
24,Kawhi Leonard,LAC,30,52,36,16,34.1,109.2,5.4,16.1,22.0,1.6,30.3,0.4,12.6,10.8,7.8,8.0,33.5,0.113,2021
25,Myles Turner,IND,25,47,22,25,31.0,107.9,5.2,15.9,23.3,0.9,16.7,3.4,74.6,10.0,8.8,7.4,31.4,0.113,2021
26,Jrue Holiday,MIL,31,59,41,18,32.3,108.8,3.3,9.3,12.6,1.6,29.9,0.6,21.0,10.1,8.8,6.7,26.9,0.113,2021
27,OG Anunoby,TOR,23,43,18,25,33.3,109.1,4.3,12.5,18.8,1.5,26.9,0.7,18.6,10.3,9.9,7.3,29.1,0.112,2021
28,Andrew Wiggins,GSW,26,71,38,33,33.3,109.1,3.7,10.6,15.3,0.9,16.9,1.0,31.4,12.2,9.7,9.6,31.9,0.112,2021
29,Stephen Curry,GSW,33,63,37,26,34.2,109.6,5.0,13.5,19.9,1.2,20.9,0.1,3.8,13.0,10.2,10.1,32.5,0.112,2021
30,Donovan Mitchell,UTA,24,53,39,14,33.4,109.2,3.5,9.5,13.5,1.0,24.0,0.3,7.3,11.8,8.4,9.0,35.4,0.112,2021
31,Russell Westbrook,WAS,32,65,30,35,36.4,110.4,9.9,24.9,36.2,1.4,25.0,0.4,11.5,12.6,10.5,7.9,36.8,0.111,2021
32,Kentavious Caldwell-Pope,LAL,28,67,39,28,28.4,107.3,2.3,8.1,11.4,0.9,20.0,0.4,12.9,9.8,6.1,7.5,29.7,0.111,2021
33,Fred VanVleet,TOR,27,52,22,30,36.5,110.2,3.6,10.1,15.1,1.7,25.6,0.7,17.5,10.9,10.2,7.7,31.4,0.11,2021
34,Clint Capela,ATL,27,63,34,29,30.1,108.2,9.6,30.1,41.9,0.7,16.7,2.0,58.1,9.4,8.0,7.4,30.2,0.11,2021
35,Chris Paul,PHX,36,70,49,21,31.4,108.8,4.1,13.1,18.6,1.4,29.7,0.3,9.0,9.3,7.7,7.7,30.3,0.11,2021
36,Danny Green,PHI,34,69,46,23,28.0,107.4,3.0,10.0,14.2,1.3,25.9,0.8,23.6,10.1,6.8,8.7,27.3,0.109,2021
37,Bam Adebayo,MIA,23,64,34,30,33.5,109.6,6.7,20.4,29.2,1.2,21.4,1.0,38.2,11.6,8.0,7.2,29.1,0.108,2021
38,Taj Gibson,NYK,36,45,29,16,20.8,103.1,3.4,15.1,21.4,0.7,23.3,1.1,57.0,5.5,5.4,3.4,17.8,0.108,2021
39,Shake Milton,PHI,24,63,46,17,23.2,105.0,1.8,7.6,11.1,0.6,14.7,0.3,9.0,8.8,5.7,6.9,22.3,0.107,2021
40,Rudy Gay,SAS,34,63,29,34,21.6,103.9,4.1,17.6,25.7,0.7,23.2,0.6,24.4,5.8,6.0,4.4,20.4,0.107,2021
41,Patty Mills,SAS,32,68,31,37,24.8,106.4,1.4,5.3,7.9,0.6,18.3,0.0,1.6,7.5,6.8,5.5,24.6,0.105,2021
42,Draymond Green,GSW,31,63,35,28,31.5,109.3,6.2,18.4,26.8,1.7,31.1,0.8,26.0,11.6,9.4,9.0,29.8,0.105,2021
43,Dejounte Murray,SAS,24,67,32,35,31.9,109.5,6.2,19.0,26.9,1.5,30.8,0.1,3.2,8.9,8.6,7.4,32.8,0.104,2021
44,Gordon Hayward,CHA,31,44,24,20,34.0,110.3,5.0,14.3,20.7,1.2,21.7,0.3,9.9,12.1,9.3,9.8,34.4,0.104,2021
45,Jae Crowder,PHX,30,60,42,18,27.5,107.9,4.2,14.6,20.7,0.8,18.8,0.5,17.5,8.3,7.3,7.2,26.0,0.104,2021
46,Jamal Murray,DEN,24,48,31,17,35.5,110.6,3.3,9.5,13.8,1.3,22.3,0.3,9.0,11.2,7.7,9.4,32.5,0.104,2021
47,Mikal Bridges,PHX,24,72,51,21,32.6,110.0,3.2,9.9,14.3,1.1,20.9,0.9,28.4,10.1,8.9,8.1,32.1,0.101,2021
48,Jordan Clarkson,UTA,29,68,49,19,26.7,108.0,3.3,11.7,16.3,0.9,23.7,0.1,5.2,9.1,7.2,7.0,27.9,0.1,2021
49,Nicolas Batum,LAC,32,67,44,23,27.4,108.2,4.0,14.3,20.3,1.0,23.2,0.6,20.4,8.4,6.7,6.3,26.8,0.1,2021
50,Cameron Johnson,PHX,25,60,43,17,24.0,106.5,2.8,11.8,16.7,0.6,17.3,0.3,13.7,6.7,5.3,5.2,22.3,0.1,2021
51,Montrezl Harrell,LAL,27,69,41,28,22.9,105.9,3.9,16.7,24.7,0.7,17.8,0.7,28.5,8.4,5.8,5.6,22.4,0.099,2021
52,Khris Middleton,MIL,29,68,45,23,33.4,110.5,5.2,14.3,19.3,1.1,19.9,0.1,4.2,10.9,8.6,7.5,29.9,0.099,2021
53,Dillon Brooks,MEM,25,67,36,31,29.8,109.4,2.1,6.9,9.7,1.2,21.0,0.4,11.9,10.5,7.6,8.2,29.8,0.099,2021
54,Kelly Oubre Jr.,GSW,25,55,27,28,30.7,109.8,4.5,13.5,20.0,1.0,20.2,0.8,22.8,11.6,9.5,9.1,30.1,0.099,2021
55,Jonas Valanciunas,MEM,29,62,32,30,28.3,108.9,8.4,28.9,39.2,0.6,12.0,0.9,35.0,10.2,6.2,8.4,28.5,0.098,2021
56,P.J. Washington,CHA,22,64,31,33,30.5,109.8,5.1,16.3,24.0,1.1,21.2,1.2,38.0,10.1,8.2,8.6,30.1,0.098,2021
57,Georges Niang,UTA,28,72,52,20,16.0,100.3,2.1,11.7,16.2,0.3,14.1,0.1,7.0,5.2,4.1,3.5,14.5,0.097,2021
58,Kyle Anderson,MEM,27,69,36,33,27.4,108.7,5.0,17.3,24.2,1.2,23.9,0.8,29.5,9.4,7.0,7.3,27.2,0.097,2021
59,Pascal Siakam,TOR,27,56,21,35,35.8,111.4,5.5,15.6,23.1,1.1,17.7,0.7,18.1,11.2,10.8,8.4,32.1,0.096,2021
60,Domantas Sabonis,IND,25,62,29,33,36.0,111.5,9.5,25.9,38.2,1.2,19.2,0.5,13.3,12.3,10.4,10.3,39.6,0.096,2021
61,Malcolm Brogdon,IND,28,56,27,29,34.5,111.1,4.2,11.8,17.5,0.9,15.5,0.3,6.3,10.9,9.9,9.3,37.3,0.095,2021
62,Talen Horton-Tucker,LAL,20,65,39,26,20.1,104.7,2.2,10.4,15.1,1.0,27.2,0.3,14.4,6.8,5.3,5.0,19.2,0.095,2021
63,Goran Dragic,MIA,35,50,30,20,26.7,108.6,2.9,10.7,15.6,0.7,15.0,0.2,7.8,9.0,7.1,5.5,24.3,0.095,2021
64,Matisse Thybulle,PHI,24,65,46,19,20.0,104.7,1.4,7.0,10.2,1.6,40.7,1.1,36.6,7.1,4.7,5.6,19.0,0.095,2021
65,Donte DiVincenzo,MIL,24,66,44,22,27.5,109.1,4.5,15.5,21.1,1.1,22.1,0.2,7.9,8.8,7.1,6.1,25.8,0.094,2021
66,Kent Bazemore,GSW,31,67,35,32,19.9,104.6,3.0,14.0,20.8,1.0,28.9,0.5,26.2,6.8,5.3,5.3,18.6,0.094,2021
67,Maxi Kleber,DAL,29,50,31,19,26.8,108.9,4.3,15.1,21.3,0.5,14.5,0.7,27.6,8.0,7.0,7.2,25.6,0.093,2021
68,Garrett Temple,CHI,35,56,25,31,27.3,109.3,2.3,8.2,11.6,0.8,19.2,0.5,21.3,9.8,6.7,6.5,27.4,0.093,2021
69,Josh Jackson,DET,24,62,16,46,25.2,108.3,3.2,12.3,18.1,0.9,20.2,0.8,25.7,10.2,6.7,6.1,26.4,0.093,2021
70,Furkan Korkmaz,PHI,23,55,39,16,19.3,104.3,1.7,9.0,12.8,0.9,23.7,0.2,6.5,6.9,4.3,5.1,18.7,0.092,2021
71,Marc Gasol,LAL,36,52,32,20,19.1,104.2,3.4,17.4,24.0,0.5,17.1,1.1,52.3,6.3,4.2,5.0,19.2,0.092,2021
72,Juan Toscano-Anderson,GSW,28,53,28,25,20.9,105.6,3.9,17.2,24.8,0.8,20.7,0.5,24.3,7.3,5.6,5.7,21.0,0.092,2021
73,Joe Harris,BKN,29,69,45,24,31.0,110.6,3.0,9.0,13.0,0.7,15.7,0.2,6.1,9.9,9.0,8.1,31.1,0.092,2021
74,Jayson Tatum,BOS,23,64,34,30,35.8,111.8,6.6,18.8,26.9,1.2,20.2,0.5,12.3,10.8,8.8,8.4,32.3,0.092,2021
75,Immanuel Quickley,NYK,22,64,37,27,19.4,104.5,1.8,8.6,12.6,0.5,16.0,0.2,8.8,5.4,5.2,3.4,16.5,0.092,2021
76,Miles Bridges,CHA,23,66,31,35,29.3,110.1,4.8,15.8,23.8,0.7,14.1,0.8,26.0,10.6,7.9,7.3,29.0,0.092,2021
77,Devin Booker,PHX,24,67,48,19,33.9,111.4,3.7,10.8,15.8,0.8,16.0,0.2,7.5,10.7,9.6,8.2,33.8,0.092,2021
78,Jakob Poeltl,SAS,25,69,32,37,26.7,109.0,4.8,17.3,24.3,0.7,17.2,1.8,61.2,7.7,7.2,6.1,25.7,0.091,2021
79,De'Anthony Melton,MEM,23,52,27,25,20.1,105.4,2.5,11.8,17.1,1.2,27.5,0.6,23.8,6.3,5.5,5.3,19.2,0.091,2021
80,Marcus Smart,BOS,27,48,24,24,32.9,111.3,2.7,8.4,12.0,1.5,27.0,0.5,13.7,11.5,8.7,9.4,30.5,0.091,2021
81,Jerami Grant,DET,27,54,15,39,33.9,111.5,4.0,11.8,17.1,0.6,12.3,1.1,29.4,11.2,9.2,7.6,35.1,0.091,2021
82,Pat Connaughton,MIL,28,69,44,25,22.8,107.3,3.9,15.2,21.3,0.7,18.4,0.3,17.6,7.3,6.3,5.3,19.1,0.09,2021
83,Jaylen Brown,BOS,24,58,30,28,34.5,111.8,4.8,13.6,19.4,1.2,22.9,0.6,14.3,11.8,9.7,8.5,31.5,0.09,2021
84,Tyler Herro,MIA,21,54,29,25,30.3,110.6,4.5,14.4,21.3,0.6,13.6,0.3,12.2,10.7,9.0,6.4,26.9,0.09,2021
85,Wesley Matthews,LAL,34,58,33,25,19.5,105.0,1.3,6.4,9.3,0.7,22.5,0.3,13.5,6.7,4.6,4.4,18.9,0.09,2021
86,Zion Williamson,NOP,20,61,29,32,33.2,111.7,4.5,13.1,18.5,0.9,18.4,0.6,21.5,12.3,8.4,9.5,31.9,0.089,2021
87,Deandre Ayton,PHX,22,69,48,21,30.6,110.8,7.2,23.6,34.0,0.6,13.1,1.2,39.1,10.0,8.3,8.0,30.0,0.088,2021
88,Jalen Brunson,DAL,24,68,40,28,25.0,108.7,3.0,11.7,16.6,0.5,17.8,0.0,0.7,7.2,6.0,6.0,22.0,0.087,2021
89,Coby White,CHI,21,69,30,39,31.2,111.3,3.7,11.6,15.9,0.6,13.1,0.2,8.7,11.9,7.3,8.2,31.2,0.087,2021
90,Kemba Walker,BOS,31,43,22,21,31.8,111.4,3.6,11.3,16.5,1.1,24.0,0.3,9.0,10.0,9.0,7.8,27.9,0.086,2021
91,Nerlens Noel,NYK,27,64,35,29,24.2,108.5,4.1,16.4,24.6,1.1,30.0,2.2,70.1,7.7,6.4,5.7,22.9,0.086,2021
92,Justin Holiday,IND,32,72,34,38,30.3,111.2,3.1,9.8,14.6,1.0,19.5,0.6,14.6,9.9,8.9,8.5,33.5,0.085,2021
93,Dario Saric,PHX,27,50,37,13,17.4,104.4,2.9,16.8,23.1,0.6,23.1,0.1,6.2,4.9,3.8,3.6,17.0,0.085,2021
94,Bogdan Bogdanovic,ATL,28,44,30,14,29.7,111.0,3.2,10.4,14.6,1.1,26.8,0.3,11.8,10.1,8.2,7.0,30.3,0.084,2021
95,Aaron Gordon,DEN,25,50,29,21,27.7,110.4,4.1,15.0,20.7,0.7,15.2,0.7,28.6,9.3,6.8,7.5,26.9,0.084,2021
96,Markieff Morris,LAL,31,61,32,29,19.7,106.3,3.6,17.6,25.1,0.4,12.0,0.3,14.1,7.5,4.2,5.2,20.2,0.084,2021
97,Isaiah Stewart,DET,20,68,20,48,21.4,107.4,4.3,19.3,28.9,0.6,16.3,1.3,47.5,7.4,6.0,4.4,21.0,0.083,2021
98,Monte Morris,DEN,26,47,30,17,25.5,109.5,1.8,7.1,10.2,0.7,18.3,0.3,12.1,8.3,6.1,6.5,24.5,0.083,2021
99,Brook Lopez,MIL,33,70,46,24,27.2,110.2,3.5,11.5,15.4,0.6,13.5,1.5,51.2,9.1,7.2,5.9,24.0,0.083,2021
100,T.J. McConnell,IND,29,69,33,36,26.0,110.0,2.9,10.6,16.4,1.9,38.7,0.3,9.2,8.8,8.9,6.8,28.4,0.083,2021
101,Ja Morant,MEM,21,63,33,30,32.6,112.1,3.1,9.1,12.9,0.9,15.6,0.2,6.5,11.0,8.8,9.3,33.0,0.082,2021
102,Kevin Huerter,ATL,22,69,40,29,30.8,111.6,2.8,9.0,12.8,1.2,25.9,0.3,7.8,10.0,8.0,7.1,32.0,0.082,2021
103,Nikola Jokic,DEN,26,72,47,25,34.6,112.6,8.0,23.7,33.4,1.3,23.2,0.7,23.1,10.8,7.7,9.6,32.1,0.082,2021
104,Chuma Okeke,ORL,22,45,15,30,25.2,109.8,3.1,11.7,16.7,1.1,28.7,0.5,19.1,7.3,6.2,6.3,24.1,0.081,2021
105,Lauri Markkanen,CHI,24,51,20,31,25.8,109.9,4.6,17.3,24.1,0.5,14.9,0.3,14.7,10.0,6.2,6.7,27.1,0.081,2021
106,Luka Doncic,DAL,22,66,40,26,34.3,112.7,7.2,20.2,29.3,1.0,21.5,0.5,17.1,10.0,9.6,9.4,33.0,0.081,2021
107,Darius Garland,CLE,21,54,18,36,33.1,112.3,2.0,6.2,8.9,1.2,22.4,0.1,4.1,11.9,7.7,8.7,35.0,0.081,2021
108,Kevon Looney,GSW,25,61,34,27,19.0,106.1,3.4,16.5,24.4,0.3,10.7,0.4,20.8,7.1,5.8,4.9,17.7,0.081,2021
109,Caris LeVert,IND,26,47,24,23,31.6,112.1,3.9,11.1,17.3,1.4,26.0,0.6,16.1,11.0,10.6,9.6,38.2,0.08,2021
110,Brandon Clarke,MEM,24,59,32,27,24.0,109.3,3.9,16.0,23.3,1.0,21.6,0.9,32.1,7.9,6.4,6.7,23.2,0.08,2021
111,Dorian Finney-Smith,DAL,28,60,36,24,32.0,112.1,3.8,11.6,16.5,0.9,21.7,0.4,15.3,10.1,8.2,8.4,29.1,0.08,2021
112,Michael Porter Jr.,DEN,23,61,40,21,31.3,111.9,5.8,18.9,26.4,0.7,12.4,0.9,28.1,9.9,7.7,8.6,29.6,0.08,2021
113,Willie Cauley-Stein,DAL,27,53,29,24,17.1,105.0,3.2,17.5,25.2,0.4,16.8,0.8,48.9,4.3,4.8,4.2,15.1,0.079,2021
114,Kyle Lowry,TOR,35,46,15,31,34.8,113.0,4.6,13.3,20.0,1.0,16.7,0.3,8.7,12.2,11.1,8.6,30.7,0.079,2021
115,Andre Iguodala,MIA,37,63,37,26,21.3,108.1,2.9,13.4,20.2,0.9,27.7,0.6,29.7,8.3,5.5,3.6,18.0,0.078,2021
116,CJ McCollum,POR,29,47,28,19,34.0,112.8,3.3,9.9,13.9,0.9,17.5,0.4,12.7,9.1,8.9,9.3,33.0,0.078,2021
117,Kendrick Nunn,MIA,25,56,31,25,29.5,111.6,2.8,9.6,13.7,0.9,18.4,0.3,10.9,10.1,7.2,6.4,25.0,0.078,2021
118,Terry Rozier,CHA,27,69,32,37,34.5,112.9,3.7,10.5,15.5,1.3,22.8,0.4,10.5,12.3,9.4,10.1,34.3,0.078,2021
119,Norman Powell,POR,28,69,32,37,32.0,112.5,2.5,7.9,11.5,1.2,22.4,0.3,7.2,10.7,9.1,8.9,30.4,0.078,2021
120,Zach LaVine,CHI,26,58,26,32,35.1,113.1,4.4,12.1,16.9,0.8,17.0,0.5,14.1,13.4,9.0,8.6,36.9,0.078,2021
121,Luguentz Dort,OKC,22,52,18,34,29.7,111.6,2.9,9.2,13.2,0.9,20.2,0.4,14.6,10.7,8.2,7.2,29.5,0.078,2021
122,Reggie Jackson,LAC,31,67,43,24,23.0,109.3,2.5,10.7,14.5,0.6,17.9,0.1,6.0,7.4,5.7,6.2,22.4,0.077,2021
123,John Collins,ATL,23,63,34,29,29.3,111.7,5.5,18.3,25.8,0.5,13.0,1.0,31.3,9.6,8.2,7.3,30.7,0.077,2021
124,LaMelo Ball,CHA,19,51,23,28,28.8,111.8,4.7,16.1,23.8,1.6,30.9,0.4,12.2,11.4,7.9,9.3,30.2,0.077,2021
125,Rui Hachimura,WAS,23,57,29,28,31.5,112.4,4.6,13.9,19.6,0.8,15.7,0.1,4.9,11.3,8.5,7.7,32.2,0.077,2021
126,Facundo Campazzo,DEN,30,65,43,22,21.9,108.8,1.7,8.1,11.3,1.2,32.0,0.2,11.6,7.0,5.0,5.1,19.8,0.076,2021
127,Jordan Poole,GSW,22,51,28,23,19.4,106.9,1.5,7.4,10.8,0.5,15.8,0.2,9.8,6.9,5.8,4.8,20.7,0.076,2021
128,Bobby Portis,MIL,26,66,44,22,20.8,108.3,5.2,22.9,32.5,0.8,21.8,0.4,22.0,6.7,5.8,4.3,19.2,0.076,2021
129,Trae Young,ATL,22,63,36,27,33.7,113.0,3.3,9.4,13.3,0.8,18.1,0.2,5.2,10.9,9.6,8.6,35.8,0.076,2021
130,Saddiq Bey,DET,22,70,19,51,27.3,111.2,3.9,14.5,21.0,0.7,18.1,0.2,6.5,9.7,7.3,6.8,30.6,0.076,2021
131,Jae'Sean Tate,HOU,25,70,17,53,29.2,111.8,3.5,11.8,17.2,1.2,26.3,0.5,18.6,10.6,7.8,8.8,29.6,0.076,2021
132,Xavier Tillman Sr.,MEM,22,59,31,28,18.4,106.6,3.1,16.3,24.2,0.7,17.7,0.6,31.4,5.0,5.2,4.8,16.9,0.076,2021
133,Thaddeus Young,CHI,33,68,30,38,24.3,110.1,3.8,15.4,21.7,1.1,29.8,0.6,27.0,8.3,5.9,5.3,24.9,0.075,2021
134,Malik Monk,CHA,23,42,19,23,20.9,108.6,2.1,9.6,14.0,0.5,13.2,0.1,4.3,6.6,5.1,5.4,20.4,0.075,2021
135,Ivica Zubac,LAC,24,72,47,25,22.3,109.3,4.6,20.0,27.0,0.3,11.7,0.9,51.7,7.8,5.2,6.0,21.0,0.075,2021
136,Davis Bertans,WAS,28,57,29,28,25.7,110.8,2.6,9.5,13.9,0.6,15.9,0.2,9.3,8.9,7.5,4.9,24.6,0.075,2021
137,Terrence Ross,ORL,30,46,16,30,29.3,112.0,3.1,10.4,14.7,1.0,22.6,0.5,17.1,9.9,7.0,8.3,27.2,0.075,2021
138,Deni Avdija,WAS,20,54,25,29,23.3,109.9,4.4,18.1,25.5,0.6,16.5,0.3,14.9,8.4,6.7,5.4,23.4,0.074,2021
139,Will Barton,DEN,30,56,37,19,31.0,112.4,3.3,10.9,15.6,0.9,18.1,0.4,14.9,9.6,7.3,9.4,29.4,0.074,2021
140,DeAndre' Bembry,TOR,26,51,23,28,19.1,107.7,2.2,11.2,16.8,1.0,29.6,0.4,15.9,6.1,5.4,4.3,16.7,0.073,2021
141,JaMychal Green,DEN,31,58,38,20,19.3,107.6,3.3,17.7,25.1,0.4,13.4,0.4,21.2,5.7,4.5,4.7,17.6,0.073,2021
142,Jaxson Hayes,NOP,21,60,24,36,16.1,105.5,2.8,16.1,22.8,0.4,14.4,0.6,38.4,5.6,4.1,4.3,14.7,0.073,2021
143,Mike Scott,PHI,32,51,35,16,16.7,105.9,2.1,12.9,18.1,0.5,15.2,0.3,12.8,6.2,3.7,5.2,16.4,0.073,2021
144,Dwight Howard,PHI,35,69,46,23,17.3,106.3,5.7,30.9,45.0,0.4,15.8,0.9,34.3,6.6,4.4,5.5,16.6,0.073,2021
145,Ish Smith,WAS,32,44,23,21,21.0,108.7,2.9,13.1,19.4,0.7,22.5,0.3,15.7,7.0,6.1,3.9,21.0,0.073,2021
146,Khem Birch,TOR,28,67,23,44,22.8,109.7,3.2,13.8,19.4,0.7,20.3,0.7,34.7,7.2,5.1,6.0,21.7,0.073,2021
147,Andre Drummond,LAL,27,46,19,27,27.0,111.4,8.4,33.6,47.2,1.4,28.8,1.1,45.4,10.0,5.5,7.3,27.1,0.072,2021
148,Josh Hart,NOP,26,47,21,26,28.7,112.1,6.9,23.4,32.2,0.8,18.2,0.3,11.1,11.6,6.9,7.3,26.5,0.072,2021
149,Grayson Allen,MEM,25,50,26,24,25.2,111.0,2.8,10.6,14.9,0.9,20.5,0.2,7.9,8.7,7.1,7.4,25.2,0.072,2021
150,Desmond Bane,MEM,23,68,36,32,22.3,109.7,2.6,11.6,16.5,0.6,14.6,0.2,9.8,7.9,5.4,6.3,22.0,0.072,2021
151,Danilo Gallinari,ATL,32,51,29,22,24.0,110.3,3.8,15.5,22.4,0.6,17.4,0.2,9.8,7.3,7.0,5.2,23.6,0.072,2021
152,Blake Griffin,BKN,32,46,24,22,25.8,111.0,4.1,15.9,23.1,0.7,19.2,0.3,11.8,7.7,7.7,6.3,24.3,0.071,2021
153,Daniel Theis,CHI,29,65,28,37,24.6,110.8,4.0,16.4,23.3,0.6,17.2,0.9,37.3,8.4,5.9,6.4,22.9,0.071,2021
154,Chris Boucher,TOR,28,60,25,35,24.2,110.7,4.8,19.2,29.7,0.6,14.3,1.9,53.4,7.6,7.1,5.4,20.7,0.071,2021
155,Kyrie Irving,BKN,29,54,36,18,34.9,113.8,3.8,10.1,15.0,1.4,27.4,0.7,17.5,10.8,11.5,7.8,35.0,0.07,2021
156,Rajon Rondo,LAC,35,45,28,17,17.1,106.8,2.0,11.3,17.5,0.8,28.0,0.1,6.9,5.9,4.9,3.1,16.0,0.07,2021
157,Delon Wright,SAC,29,63,21,42,27.7,111.8,3.2,12.2,18.3,1.6,32.1,0.5,16.9,9.1,7.5,6.7,29.5,0.07,2021
158,Hamidou Diallo,DET,22,52,18,34,23.6,110.6,4.1,16.1,23.0,0.8,23.7,0.5,18.9,9.5,7.1,4.9,24.0,0.07,2021
159,Tim Hardaway Jr.,DAL,29,70,42,28,28.4,112.3,3.0,10.1,14.9,0.4,13.1,0.2,6.5,8.7,8.1,6.9,26.3,0.07,2021
160,Brad Wanamaker,CHA,31,61,29,32,17.3,107.1,1.4,8.0,11.9,0.7,24.7,0.2,10.6,5.9,5.0,4.1,16.7,0.069,2021
161,Sterling Brown,HOU,26,51,14,37,24.1,110.8,3.6,14.7,21.9,0.7,18.5,0.2,8.4,9.3,6.5,7.5,24.1,0.069,2021
162,Isaac Okoro,CLE,20,67,20,47,32.4,113.4,2.1,6.6,9.4,0.9,18.5,0.4,14.7,12.1,7.6,8.3,35.0,0.069,2021
163,Damion Lee,GSW,28,57,28,29,18.9,108.2,2.8,14.2,20.8,0.7,22.5,0.1,7.9,5.8,5.2,4.1,18.1,0.069,2021
164,Nikola Vucevic,CHI,30,70,26,44,33.5,113.6,9.6,28.9,38.3,0.9,20.6,0.7,27.1,11.9,7.5,9.3,32.7,0.069,2021
165,Evan Fournier,BOS,28,42,18,24,30.0,113.0,2.8,9.4,13.0,1.1,23.3,0.5,16.4,9.9,6.7,8.0,28.8,0.069,2021
166,Collin Sexton,CLE,22,60,18,42,35.3,114.0,2.2,6.3,9.1,1.0,18.7,0.2,5.6,13.1,9.0,10.0,36.4,0.069,2021
167,Tomas Satoransky,CHI,29,58,25,33,22.5,110.1,1.9,8.7,12.1,0.7,21.6,0.2,11.8,7.7,5.4,4.9,23.8,0.068,2021
168,Tristan Thompson,BOS,30,54,27,27,23.8,110.9,5.0,21.2,29.5,0.4,12.8,0.6,26.0,7.3,5.7,6.6,22.1,0.068,2021
169,Elfrid Payton,NYK,27,63,36,27,23.6,110.8,2.4,9.8,13.9,0.7,22.5,0.1,6.0,8.0,5.4,6.1,22.9,0.068,2021
170,Denzel Valentine,CHI,27,62,26,36,16.7,106.7,2.8,16.8,22.9,0.5,21.0,0.1,8.5,5.9,3.4,3.5,16.2,0.068,2021
171,James Harden,BKN,31,44,31,13,36.6,114.3,7.1,19.1,27.5,1.2,24.9,0.8,19.9,12.8,10.8,10.6,36.9,0.067,2021
172,Raul Neto,WAS,29,64,30,34,21.9,110.3,2.0,8.7,12.3,1.1,33.8,0.1,5.0,8.0,5.9,4.6,22.4,0.067,2021
173,Tyus Jones,MEM,25,70,36,34,17.5,107.8,1.7,9.3,13.7,0.9,27.0,0.1,4.2,6.1,4.5,5.1,17.0,0.066,2021
174,Malachi Flynn,TOR,23,47,21,26,19.7,109.4,2.3,11.4,16.0,0.8,21.2,0.1,6.5,6.6,5.0,5.0,17.5,0.065,2021
175,Damyean Dotson,CLE,27,46,14,32,19.7,109.4,1.9,9.5,13.9,0.3,11.7,0.1,3.6,7.5,5.1,4.9,20.7,0.065,2021
176,Lou Williams,ATL,34,66,44,22,21.6,110.6,1.8,8.0,11.5,0.7,22.4,0.1,5.1,6.9,6.0,5.8,22.2,0.065,2021
177,Cody Zeller,CHA,28,48,21,27,20.9,110.3,4.4,21.0,30.1,0.6,16.7,0.4,27.0,8.1,5.4,5.2,20.4,0.065,2021
178,Brandon Ingram,NOP,23,61,29,32,34.3,114.2,4.3,12.6,17.3,0.7,13.7,0.6,19.8,12.9,8.8,9.1,33.1,0.064,2021
179,Robert Covington,POR,30,70,42,28,32.0,113.8,5.8,18.3,25.9,1.4,28.9,1.2,34.1,9.5,8.4,9.3,31.4,0.064,2021
180,Jordan McLaughlin,MIN,25,51,15,36,18.4,108.8,1.7,9.0,13.2,1.0,29.3,0.1,4.8,6.3,5.9,4.7,17.2,0.064,2021
181,Lonzo Ball,NOP,23,55,23,32,31.8,113.7,4.2,12.9,17.8,1.5,30.7,0.6,20.1,11.7,8.0,8.6,30.4,0.064,2021
182,Robin Lopez,WAS,33,71,34,37,19.1,109.0,1.8,9.2,13.1,0.2,8.4,0.6,47.3,6.6,4.8,3.9,17.8,0.064,2021
183,Cameron Payne,PHX,26,60,42,18,18.0,108.6,2.1,11.9,16.9,0.6,23.7,0.3,20.8,5.7,5.0,3.9,18.0,0.064,2021
184,Semi Ojeleye,BOS,26,56,28,28,17.0,107.8,2.1,12.1,17.2,0.3,12.3,0.0,0.0,5.8,5.1,3.8,16.1,0.063,2021
185,Solomon Hill,ATL,30,71,41,30,21.3,110.6,2.4,11.1,16.1,0.7,21.8,0.2,8.9,6.8,5.6,5.0,21.5,0.063,2021
186,Jeff Green,BKN,34,68,44,24,27.0,112.8,3.4,11.6,17.1,0.5,13.8,0.4,13.5,8.9,8.9,6.7,27.3,0.063,2021
187,Darius Bazley,OKC,21,55,16,39,31.2,113.8,6.3,19.3,27.3,0.5,11.6,0.5,19.8,12.1,8.1,7.6,32.2,0.063,2021
188,Kira Lewis Jr.,NOP,20,54,23,31,16.7,108.1,1.1,6.4,8.8,0.7,25.3,0.2,12.5,6.3,3.8,4.3,16.0,0.062,2021
189,Terance Mann,LAC,24,67,45,22,18.9,109.7,2.8,14.0,20.3,0.4,16.2,0.2,11.2,6.0,5.5,4.8,19.3,0.062,2021
190,Kelly Olynyk,HOU,30,70,26,44,28.5,113.2,5.7,19.6,27.6,1.1,26.8,0.6,26.3,10.0,7.3,7.6,26.6,0.062,2021
191,Josh Richardson,DAL,27,59,35,24,30.3,113.7,2.4,7.9,11.4,1.0,26.0,0.4,14.3,9.6,8.1,7.4,28.8,0.061,2021
192,Bradley Beal,WAS,28,60,32,28,35.8,114.8,3.5,9.4,13.6,1.2,19.9,0.4,11.9,13.1,10.2,8.3,35.6,0.061,2021
193,Grant Williams,BOS,22,63,30,33,18.1,109.3,2.1,11.3,16.4,0.5,16.1,0.4,17.4,5.3,5.1,4.0,16.2,0.061,2021
194,Kenrich Williams,OKC,26,66,21,45,21.6,111.1,2.9,12.9,18.2,0.8,23.2,0.3,13.5,9.5,6.2,5.4,21.4,0.061,2021
195,Jarred Vanderbilt,MIN,22,64,18,46,17.8,109.2,3.9,21.1,31.8,1.0,29.0,0.7,30.7,6.6,5.4,5.0,18.8,0.061,2021
196,Miye Oni,UTA,23,54,45,9,9.6,99.5,1.1,10.6,14.8,0.2,14.5,0.1,19.5,3.5,2.5,1.8,8.5,0.061,2021
197,Doug McDermott,IND,29,66,32,34,24.5,112.3,2.4,9.6,14.4,0.3,7.2,0.1,3.3,8.6,7.6,7.1,27.4,0.061,2021
198,Cody Martin,CHA,25,52,26,26,16.3,108.1,2.1,12.6,19.2,0.7,24.2,0.2,14.5,5.5,4.4,3.9,15.8,0.061,2021
199,JaVale McGee,DEN,33,46,21,25,14.7,106.9,3.5,23.1,34.5,0.4,17.1,1.2,56.8,5.6,3.7,3.8,13.1,0.06,2021
200,Ben McLemore,LAL,28,53,20,33,17.1,109.2,1.6,9.1,13.6,0.4,14.3,0.2,8.9,6.1,4.7,4.9,16.9,0.06,2021
201,Devin Vassell,SAS,20,62,30,32,17.0,108.9,2.4,13.8,19.8,0.7,26.7,0.3,15.8,4.9,4.1,3.9,17.0,0.06,2021
202,Dwayne Bacon,ORL,25,72,21,51,25.7,112.8,2.7,10.2,14.2,0.6,16.9,0.1,3.1,8.0,5.9,7.6,26.2,0.06,2021
203,Jarrett Allen,CLE,23,63,20,43,29.6,113.9,6.9,23.2,34.0,0.5,11.5,1.4,50.8,11.2,8.3,7.9,33.0,0.059,2021
204,Patrick Williams,CHI,19,71,30,41,27.9,113.5,3.7,13.1,18.0,0.9,26.0,0.6,23.8,10.8,7.1,7.6,29.8,0.059,2021
205,Dwight Powell,DAL,29,58,36,22,16.6,108.8,2.7,15.8,23.8,0.6,24.8,0.5,37.5,5.8,4.7,4.0,16.2,0.059,2021
206,Marcus Morris Sr.,LAC,31,57,38,19,26.3,113.1,3.5,13.3,18.4,0.6,16.4,0.3,14.2,9.3,6.6,7.0,26.6,0.058,2021
207,Karl-Anthony Towns,MIN,25,50,19,31,33.8,114.7,7.9,23.7,34.3,0.8,13.2,1.1,33.5,11.9,10.3,10.3,34.8,0.058,2021
208,Nickeil Alexander-Walker,NOP,22,46,20,26,21.9,111.5,2.8,12.7,18.2,1.0,28.1,0.5,22.9,8.2,5.2,5.0,20.2,0.058,2021
209,Keldon Johnson,SAS,21,69,32,37,28.5,113.8,4.6,16.3,23.3,0.6,14.1,0.3,12.4,8.4,7.7,7.6,31.2,0.057,2021
210,Tyrese Maxey,PHI,20,61,41,20,15.3,108.0,1.5,9.8,14.5,0.4,15.2,0.2,11.8,5.4,4.1,4.8,14.8,0.057,2021
211,Theo Maledon,OKC,20,65,20,45,27.3,113.6,2.9,10.1,14.3,0.9,22.4,0.2,6.5,12.0,7.5,7.0,29.0,0.057,2021
212,James Johnson,NOP,34,51,21,30,20.5,111.4,2.8,13.1,18.9,0.8,25.5,0.8,36.2,7.3,5.4,5.8,20.5,0.056,2021
213,Bryn Forbes,MIL,27,70,45,25,19.3,110.8,1.4,6.9,9.9,0.3,11.2,0.0,0.8,6.8,5.8,4.4,18.4,0.056,2021
214,Payton Pritchard,BOS,23,66,33,33,19.2,110.6,1.9,9.9,14.3,0.6,18.7,0.1,6.9,6.1,5.1,4.2,17.2,0.056,2021
215,Nicolo Melli,DAL,30,45,26,19,12.6,105.2,2.1,16.6,23.3,0.3,16.9,0.1,7.9,3.6,3.0,2.5,11.0,0.056,2021
216,Tony Snell,ATL,29,47,29,18,21.1,111.6,2.0,9.0,12.9,0.3,8.8,0.2,11.1,7.0,6.2,4.9,20.9,0.055,2021
217,Yuta Watanabe,TOR,26,50,24,26,14.5,107.8,2.5,17.1,25.1,0.5,18.4,0.4,21.8,5.1,3.9,3.7,13.0,0.055,2021
218,Landry Shamet,BKN,24,61,39,22,23.0,112.4,1.7,6.7,10.2,0.5,15.5,0.2,6.6,8.3,8.0,5.6,23.7,0.055,2021
219,Jake Layman,MIN,27,45,12,33,13.9,107.3,1.2,8.3,12.2,0.6,22.0,0.4,23.5,4.9,3.8,3.3,13.6,0.055,2021
220,Paul Millsap,DEN,36,56,38,18,20.8,111.5,3.3,16.7,23.7,0.9,24.5,0.6,33.0,6.4,4.5,6.5,19.1,0.055,2021
221,Terence Davis,SAC,24,61,26,35,17.6,110.1,2.2,12.5,18.9,0.7,22.9,0.2,10.9,5.7,5.1,4.5,16.9,0.055,2021
222,Aaron Holiday,IND,24,66,30,36,17.8,110.3,1.1,6.0,9.3,0.7,21.1,0.2,7.9,5.9,6.1,5.1,19.4,0.055,2021
223,Isaiah Hartenstein,CLE,23,46,20,26,12.1,105.7,2.5,20.7,30.4,0.4,19.8,0.8,60.0,4.0,3.4,2.8,10.1,0.055,2021
224,Bismack Biyombo,CHA,28,66,28,38,20.4,111.7,3.2,15.0,21.9,0.3,7.9,1.1,47.7,7.2,5.3,6.3,19.5,0.054,2021
225,Bruce Brown,BKN,24,65,45,20,22.3,112.4,3.7,15.4,22.8,0.9,28.9,0.4,18.7,7.7,7.3,5.4,21.3,0.054,2021
226,Damian Lillard,POR,30,67,39,28,35.8,115.6,3.7,10.4,14.9,0.9,17.4,0.3,7.0,11.2,9.6,10.3,35.5,0.054,2021
227,Wendell Carter Jr.,ORL,22,54,21,33,25.5,113.5,5.8,21.9,31.4,0.6,17.1,0.8,37.5,9.6,6.9,7.3,24.7,0.053,2021
228,Jaden McDaniels,MIN,20,63,18,45,24.0,113.1,2.9,11.8,17.5,0.6,11.9,1.0,33.9,8.2,7.5,7.0,23.6,0.053,2021
229,Frank Kaminsky,PHX,28,47,33,14,15.2,108.9,3.2,20.8,28.5,0.3,15.7,0.4,28.8,4.5,3.9,4.1,15.3,0.053,2021
230,Kevin Knox II,NYK,21,42,26,16,11.1,104.7,1.2,10.1,15.2,0.3,16.0,0.1,10.9,3.6,3.2,2.5,9.8,0.053,2021
231,Daniel Gafford,WAS,22,54,31,23,14.7,108.4,2.5,16.0,23.8,0.5,18.8,1.4,72.8,5.3,4.6,2.7,15.5,0.053,2021
232,Aron Baynes,TOR,34,53,20,33,18.5,111.0,3.5,19.2,27.8,0.3,9.9,0.4,28.9,6.1,5.1,4.9,15.8,0.053,2021
233,Amir Coffey,LAC,24,44,32,12,9.0,101.1,0.8,8.1,11.0,0.2,21.3,0.0,0.0,2.8,2.2,2.4,8.3,0.053,2021
234,Drew Eubanks,SAS,24,54,21,33,14.0,108.2,3.1,20.7,30.4,0.3,17.6,0.9,53.3,4.2,3.6,3.9,15.0,0.052,2021
235,Mason Plumlee,DET,31,56,14,42,26.8,114.0,6.7,26.4,37.6,0.8,18.9,0.9,35.5,9.2,6.7,6.9,29.2,0.052,2021
236,Jeff Teague,MIL,33,55,27,28,17.3,110.3,1.3,7.4,11.3,0.6,19.2,0.2,13.2,5.8,6.0,4.8,16.9,0.052,2021
237,Richaun Holmes,SAC,27,61,29,32,29.2,114.6,5.9,19.6,29.2,0.6,15.1,1.6,48.2,9.5,8.5,7.7,32.0,0.051,2021
238,Svi Mykhailiuk,OKC,24,66,13,53,20.1,112.0,2.1,10.4,15.0,0.8,23.1,0.2,10.4,8.0,5.2,6.0,20.8,0.051,2021
239,Jaylen Nowell,MIN,21,42,10,32,18.1,111.1,1.8,9.8,14.7,0.5,15.7,0.3,13.2,5.3,5.7,5.1,17.5,0.051,2021
240,Caleb Martin,CHA,25,53,23,30,15.4,109.5,2.1,12.5,19.6,0.7,27.8,0.2,15.2,5.3,5.0,4.2,13.6,0.051,2021
241,Eric Bledsoe,NOP,31,71,31,40,29.7,114.8,3.0,10.0,13.9,0.8,17.0,0.3,12.2,11.5,7.5,8.5,29.8,0.051,2021
242,DeMar DeRozan,SAS,31,61,27,34,33.7,115.5,3.6,10.6,15.2,0.9,20.1,0.2,7.8,9.7,9.2,8.9,37.0,0.05,2021
243,Aaron Nesmith,BOS,21,46,22,24,14.5,109.1,2.2,14.6,20.8,0.3,16.5,0.2,10.5,5.5,3.6,3.4,13.5,0.05,2021
244,JJ Redick,DAL,37,44,22,22,16.4,110.6,1.4,8.2,11.7,0.3,9.4,0.1,5.4,5.8,4.2,4.5,16.3,0.05,2021
245,Dean Wade,CLE,24,63,19,44,19.2,111.9,2.8,15.4,22.2,0.6,17.9,0.3,21.4,7.1,4.5,5.2,20.6,0.049,2021
246,Ryan Arcidiacono,CHI,27,44,20,24,10.2,104.0,1.4,13.5,19.7,0.2,13.8,0.0,0.0,3.1,2.6,2.1,9.8,0.049,2021
247,Isaiah Roby,OKC,23,61,19,42,23.4,113.6,4.1,16.9,24.4,0.9,24.6,0.6,26.8,10.9,7.0,6.0,24.3,0.049,2021
248,Ricky Rubio,MIN,30,68,23,45,26.1,114.3,2.9,11.0,16.1,1.4,30.1,0.1,2.3,9.3,7.5,8.1,28.0,0.049,2021
249,Kristaps Porzingis,DAL,25,43,26,17,30.9,115.3,7.0,21.9,31.5,0.5,13.9,1.3,46.8,9.1,8.5,9.1,29.3,0.048,2021
250,Robert Williams III,BOS,23,52,29,23,18.9,112.0,4.3,23.2,34.2,0.8,24.6,1.8,75.8,6.7,6.2,4.5,17.2,0.048,2021
251,Cedi Osman,CLE,26,59,17,42,25.6,114.2,2.8,11.3,16.9,0.9,21.1,0.2,5.6,9.7,6.6,7.3,26.6,0.048,2021
252,Tony Bradley,OKC,23,42,15,27,16.3,110.5,3.7,22.4,31.7,0.4,12.3,0.7,41.1,6.3,4.6,3.9,15.3,0.048,2021
253,Anthony Edwards,MIN,19,72,23,49,32.1,115.6,3.8,12.1,17.8,1.1,19.5,0.5,14.6,11.3,9.8,10.4,34.1,0.048,2021
254,Thanasis Antetokounmpo,MIL,28,57,37,20,9.7,104.6,1.2,11.3,17.1,0.4,21.2,0.2,22.2,3.7,3.0,2.0,8.6,0.048,2021
255,Naz Reid,MIN,21,70,22,48,19.2,112.4,3.4,17.3,25.6,0.5,14.5,1.1,45.8,6.5,5.6,5.5,19.3,0.047,2021
256,John Konchar,MEM,25,43,23,20,13.4,108.6,2.2,16.1,23.3,0.7,26.3,0.2,13.4,4.4,3.2,4.1,13.3,0.047,2021
257,Harrison Barnes,SAC,29,58,25,33,36.2,116.2,5.5,15.2,22.6,0.7,13.5,0.2,5.3,12.1,10.5,9.3,39.9,0.047,2021
258,Mychal Mulder,GSW,27,60,33,27,12.8,108.4,0.9,6.2,9.4,0.2,9.0,0.2,13.8,4.3,4.1,3.1,13.2,0.046,2021
259,Jevon Carter,PHX,25,60,42,18,11.9,107.6,1.3,10.7,14.7,0.5,27.4,0.2,14.1,3.1,2.6,2.7,11.6,0.046,2021
260,Obi Toppin,NYK,23,62,36,26,11.0,106.5,1.8,15.5,22.8,0.3,16.8,0.2,18.3,2.6,3.4,2.2,9.6,0.046,2021
261,Trey Burke,DAL,28,62,35,27,14.7,110.2,0.7,4.7,7.1,0.6,29.3,0.1,9.1,4.7,4.6,3.4,14.6,0.046,2021
262,Gary Trent Jr.,TOR,22,58,29,29,31.1,115.7,2.2,6.9,10.4,1.0,20.3,0.2,5.2,8.7,9.4,8.6,32.1,0.045,2021
263,P.J. Tucker,MIL,36,52,27,25,26.1,114.7,2.9,11.3,16.6,0.8,18.3,0.4,14.8,8.9,7.4,8.8,26.6,0.045,2021
264,Brandon Goodwin,ATL,25,47,25,22,13.2,109.1,1.3,9.7,13.8,0.4,18.5,0.0,0.0,4.6,3.1,3.3,12.2,0.045,2021
265,Steven Adams,NOP,27,58,26,32,27.7,115.0,5.2,18.7,25.1,0.9,24.2,0.7,26.8,10.5,7.1,7.4,26.5,0.045,2021
266,Derrick Jones Jr.,POR,24,58,32,26,22.7,114.0,2.2,9.4,13.6,0.6,20.2,0.9,34.0,6.5,6.5,6.7,23.1,0.044,2021
267,Alex Len,WAS,28,64,30,34,15.3,111.0,2.8,17.4,24.0,0.3,14.1,1.0,60.4,6.0,4.2,3.9,15.4,0.044,2021
268,Stanley Johnson,TOR,25,61,25,36,16.5,111.7,2.0,12.8,18.9,0.9,26.9,0.3,15.4,5.8,4.7,4.4,15.3,0.044,2021
269,Buddy Hield,SAC,28,71,31,40,34.3,116.3,4.3,12.6,18.8,0.9,16.7,0.4,12.8,12.4,10.1,9.3,38.2,0.043,2021
270,Saben Lee,DET,22,48,14,34,16.3,111.7,1.6,9.9,14.5,0.7,27.4,0.3,16.5,5.6,4.8,4.4,17.1,0.043,2021
271,Goga Bitadze,IND,21,45,19,26,12.5,109.3,2.0,14.8,23.1,0.2,10.0,1.3,60.0,4.2,4.4,4.3,13.8,0.043,2021
272,Timothe Luwawu-Cabarrot,BKN,26,58,38,20,18.1,112.9,1.7,9.2,13.5,0.6,21.9,0.1,6.4,6.3,5.6,4.9,18.0,0.042,2021
273,Precious Achiuwa,MIA,21,61,31,30,12.1,109.2,2.2,17.4,25.9,0.3,17.4,0.5,47.5,4.8,3.8,3.0,10.1,0.042,2021
274,Sekou Doumbouya,DET,20,56,15,41,15.5,111.5,1.9,11.7,18.2,0.4,17.3,0.2,8.4,6.1,4.8,3.7,16.3,0.042,2021
275,Alekesej Pokusevski,OKC,19,45,13,32,24.2,114.9,4.0,15.5,21.9,0.4,14.7,0.9,32.3,11.5,6.8,6.0,26.2,0.042,2021
276,Enes Freedom,POR,29,72,42,30,24.4,114.8,7.1,28.1,40.4,0.5,14.9,0.7,27.9,6.8,6.8,6.8,25.0,0.042,2021
277,Edmond Sumner,IND,25,53,23,30,16.2,112.2,1.4,8.3,13.0,0.6,20.1,0.2,8.9,5.5,5.8,4.7,19.8,0.041,2021
278,Derrick Favors,UTA,29,68,49,19,15.3,111.6,3.5,22.7,30.9,0.5,23.4,1.0,67.3,5.4,4.3,4.1,17.9,0.041,2021
279,Wayne Ellington,DET,33,46,13,33,22.0,114.2,1.6,7.3,10.9,0.4,12.9,0.2,7.8,7.0,7.0,5.1,24.0,0.041,2021
280,Gabe Vincent,MIA,25,50,27,23,13.1,110.3,0.9,6.8,10.6,0.4,22.3,0.0,3.3,4.6,3.8,2.8,9.6,0.04,2021
281,Moritz Wagner,ORL,24,45,19,26,16.0,112.8,2.6,14.9,22.5,0.6,22.0,0.4,32.7,6.2,5.2,4.8,17.4,0.039,2021
282,Willy Hernangomez,NOP,27,47,20,27,18.0,113.6,4.6,24.7,35.2,0.5,17.6,0.5,29.9,6.9,3.9,4.9,19.0,0.038,2021
283,Josh Okogie,MIN,22,59,21,38,20.3,114.3,1.6,7.9,11.8,0.9,23.7,0.5,20.7,7.1,5.7,5.5,21.4,0.038,2021
284,Tyrese Haliburton,SAC,21,58,25,33,30.1,116.4,2.3,7.6,11.7,1.3,28.2,0.5,14.1,11.2,9.5,8.5,35.2,0.038,2021
285,Jalen McDaniels,CHA,23,47,18,29,19.2,113.9,2.6,13.8,20.8,0.6,19.9,0.4,20.9,6.1,5.6,5.1,18.0,0.037,2021
286,Cory Joseph,DET,29,63,25,38,23.0,115.3,2.0,8.5,12.8,1.0,32.1,0.3,12.6,8.7,6.3,5.4,25.8,0.037,2021
287,DeAndre Jordan,BKN,32,57,37,20,21.9,114.8,5.4,23.1,32.9,0.3,11.6,1.1,55.6,7.7,6.4,6.0,21.7,0.037,2021
288,Lonnie Walker IV,SAS,22,60,28,32,25.4,115.7,2.4,9.3,13.4,0.5,13.7,0.3,10.9,8.3,7.4,7.0,28.5,0.036,2021
289,Luke Kennard,LAC,25,63,44,19,19.6,114.4,2.3,11.8,17.0,0.4,14.9,0.1,8.3,6.9,5.1,5.3,20.8,0.036,2021
290,D.J. Augustin,HOU,33,57,28,29,19.8,114.5,1.3,6.3,9.0,0.5,16.6,0.0,1.0,6.6,4.8,4.7,19.3,0.035,2021
291,Garrison Mathews,WAS,24,64,32,32,16.2,113.4,1.1,6.5,9.8,0.5,18.8,0.1,8.2,6.4,5.0,4.1,17.4,0.035,2021
292,Carmelo Anthony,POR,37,69,39,30,24.5,115.8,2.6,10.7,16.0,0.7,19.7,0.6,21.2,7.0,7.4,5.9,24.6,0.035,2021
293,Cole Anthony,ORL,21,47,13,34,27.1,116.3,3.9,14.2,20.3,0.6,17.3,0.4,15.8,9.8,7.3,8.9,27.9,0.035,2021
294,D'Angelo Russell,MIN,25,42,16,26,28.5,116.8,2.3,7.7,11.8,1.1,23.1,0.4,13.2,11.0,8.9,8.0,30.3,0.033,2021
295,Rodney Hood,TOR,28,55,29,26,17.1,114.0,1.5,8.4,12.6,0.4,17.3,0.1,7.1,5.5,5.2,3.7,16.5,0.033,2021
296,Marvin Bagley III,SAC,22,43,20,23,25.9,116.5,4.9,18.8,27.9,0.5,13.0,0.5,20.8,8.8,7.4,6.7,28.4,0.032,2021
297,Anfernee Simons,POR,22,64,37,27,17.3,114.4,2.0,10.9,16.4,0.3,13.5,0.1,7.0,4.6,5.7,4.4,16.3,0.031,2021
298,Onyeka Okongwu,ATL,20,50,31,19,12.0,112.6,2.0,17.2,25.6,0.5,23.2,0.7,68.8,4.3,3.2,3.3,11.8,0.029,2021
299,Torrey Craig,PHX,30,50,33,17,16.1,114.7,2.8,18.5,26.7,0.6,23.5,0.5,37.5,4.9,3.9,3.4,16.0,0.029,2021
300,Moses Brown,BOS,21,43,8,35,21.4,116.4,5.3,23.8,33.2,0.7,26.1,1.1,46.5,10.4,5.7,6.8,22.7,0.028,2021
301,De'Aaron Fox,SAC,23,58,24,34,35.1,118.0,2.9,8.5,12.6,1.5,29.2,0.5,13.4,11.9,10.2,8.9,39.4,0.027,2021
302,Juancho Hernangomez,MIN,25,52,19,33,17.3,115.4,3.1,17.7,25.8,0.4,13.7,0.1,6.9,5.6,5.0,4.6,18.2,0.027,2021
303,Kenyon Martin Jr.,HOU,20,45,10,35,23.7,117.0,3.8,15.9,23.0,0.7,19.2,0.9,36.3,9.2,6.7,6.0,25.9,0.026,2021
304,Mo Bamba,ORL,23,46,11,35,15.8,115.2,4.1,24.0,35.1,0.3,17.3,1.3,66.7,4.6,4.3,5.7,15.6,0.025,2021
305,Matt Thomas,UTA,26,45,27,18,7.3,109.3,0.8,11.2,16.7,0.1,7.1,0.0,0.0,2.9,2.0,1.9,7.2,0.025,2021
306,Zeke Nnaji,DEN,20,42,30,12,9.5,112.5,1.2,12.9,18.4,0.2,12.3,0.1,10.5,3.5,2.3,2.9,10.2,0.023,2021
307,R.J. Hampton,ORL,20,51,20,31,17.4,116.7,2.9,16.2,24.8,0.4,15.6,0.2,9.9,6.1,5.0,5.7,18.4,0.02,2021
308,Nassir Little,POR,21,48,27,21,13.3,118.4,2.0,14.4,21.7,0.1,7.0,0.3,18.8,3.9,4.9,4.2,12.9,0.009,2021
