,Player,TEAM,AGE,GP,W,L,MIN,DEF RTG,DREB,DREB%,%DREB,STL,STL%,BLK,%BLK,OPP PTSOFF TOV,OPP PTS2ND CHANCE,OPP PTSFB,OPP PTSPAINT,DEFWS,Year
0,Luol Deng,CHI,26,82,62,20,39.1,98.8,4.4,11.2,16.6,1.0,16.9,0.6,13.6,12.5,9.8,10.6,30.0,0.193,2011
1,Paul Pierce,BOS,33,80,55,25,34.7,97.8,5.0,14.4,21.4,1.0,16.7,0.6,21.2,10.4,8.6,7.9,26.0,0.182,2011
2,Kevin Garnett,BOS,35,71,49,22,31.3,96.4,7.7,24.9,36.4,1.3,23.2,0.8,31.1,9.1,7.3,6.6,23.2,0.179,2011
3,Rajon Rondo,BOS,25,68,47,21,37.2,99.8,3.1,8.6,12.8,2.3,34.2,0.2,5.1,11.3,9.8,8.5,29.1,0.173,2011
4,Ray Allen,BOS,35,80,55,25,36.1,99.7,2.8,8.0,12.0,1.0,15.3,0.2,6.7,10.9,9.3,8.4,27.8,0.167,2011
5,Andrew Bogut,MIL,26,65,28,37,35.3,99.5,8.0,23.7,34.6,0.7,14.3,2.6,62.0,11.1,8.7,9.1,26.6,0.164,2011
6,Dwight Howard,ORL,25,78,51,27,37.6,100.6,10.1,26.8,39.1,1.4,26.6,2.4,62.0,12.5,8.8,8.2,26.0,0.163,2011
7,Derrick Rose,CHI,22,81,62,19,37.4,100.7,3.1,8.2,12.3,1.0,20.2,0.6,15.3,12.3,9.6,10.3,29.1,0.163,2011
8,Chris Bosh,MIA,27,77,55,22,36.3,100.5,6.5,17.8,25.8,0.8,15.1,0.6,15.4,11.4,9.1,9.5,29.1,0.161,2011
9,LeBron James,MIA,26,79,57,22,38.8,101.4,6.5,16.3,24.4,1.6,29.5,0.6,15.2,12.4,9.9,10.2,31.0,0.16,2011
10,John Salmons,MIL,31,73,30,43,35.0,100.1,3.3,10.0,14.7,1.0,17.3,0.4,11.3,10.5,8.2,8.9,26.7,0.158,2011
11,Dirk Nowitzki,DAL,33,73,55,18,34.3,100.4,6.3,18.4,27.1,0.5,10.4,0.6,21.1,11.1,8.9,10.0,29.7,0.153,2011
12,Andre Iguodala,PHI,27,67,36,31,36.8,101.9,4.9,13.6,20.0,1.5,25.1,0.6,15.1,10.8,9.1,9.9,31.0,0.145,2011
13,Pau Gasol,LAL,30,82,57,25,37.0,102.1,6.9,18.3,28.6,0.6,9.9,1.6,42.1,10.5,10.5,10.1,30.6,0.144,2011
14,Rudy Gay,MEM,24,54,30,24,39.8,103.1,4.7,12.4,19.3,1.7,22.6,1.1,25.6,12.5,9.6,12.9,34.0,0.143,2011
15,Ronnie Brewer,CHI,26,81,61,20,22.0,93.9,2.6,11.3,16.8,1.3,35.7,0.3,8.6,6.8,5.0,5.7,16.0,0.143,2011
16,Dwyane Wade,MIA,29,76,54,22,37.1,102.4,4.8,12.7,18.7,1.5,27.3,1.1,26.9,11.7,9.4,10.2,30.0,0.142,2011
17,Glen Davis,BOS,25,78,54,24,29.5,99.0,4.2,14.8,22.5,1.0,20.6,0.4,15.8,8.9,7.9,7.4,22.7,0.142,2011
18,Brandon Jennings,MIL,21,63,27,36,34.4,101.6,3.0,9.5,14.1,1.5,26.4,0.3,9.6,10.5,8.0,9.1,27.1,0.14,2011
19,Joakim Noah,CHI,26,48,36,12,32.8,101.1,6.6,20.0,30.3,1.0,19.6,1.5,41.4,11.5,9.5,9.8,26.7,0.139,2011
20,Manu Ginobili,SAS,33,80,61,19,30.3,100.7,3.2,10.3,15.6,1.5,30.1,0.4,10.8,9.5,8.2,9.1,25.6,0.135,2011
21,Carlos Delfino,MIL,28,49,21,28,32.5,101.8,3.6,12.2,18.4,1.6,28.6,0.2,5.7,10.2,7.7,8.0,25.6,0.13,2011
22,LaMarcus Aldridge,POR,25,81,48,33,39.6,104.2,5.3,15.2,23.7,1.0,15.2,1.2,32.3,11.7,10.7,9.0,32.6,0.128,2011
23,Andrew Bynum,LAL,23,54,36,18,27.8,99.6,6.3,22.5,33.7,0.4,9.3,2.0,59.2,8.5,7.1,8.4,21.2,0.128,2011
24,Brandon Bass,ORL,26,76,49,27,26.1,98.9,3.8,14.9,22.2,0.4,9.6,0.7,25.0,9.0,6.3,5.6,20.3,0.127,2011
25,Tim Duncan,SAS,35,76,60,16,28.4,100.3,6.7,23.3,33.9,0.7,14.7,1.9,58.2,8.6,7.2,8.0,23.4,0.127,2011
26,Chris Paul,NOH,26,80,45,35,36.0,103.4,3.6,11.2,16.3,2.4,37.3,0.1,2.0,9.9,7.6,8.4,28.5,0.127,2011
27,Tony Parker,SAS,29,78,60,18,32.4,102.5,2.7,8.2,12.1,1.2,22.8,0.0,1.2,10.0,8.4,9.5,28.0,0.123,2011
28,Luc Mbah a Moute,MIL,24,79,34,45,26.5,99.7,3.2,12.9,19.1,0.9,21.1,0.4,13.1,8.0,5.7,6.7,19.6,0.122,2011
29,Elton Brand,PHI,32,81,41,40,34.7,103.3,5.4,16.4,24.2,1.1,20.5,1.3,41.2,10.2,8.4,9.8,28.8,0.122,2011
30,Carlos Boozer,CHI,29,59,47,12,31.9,102.4,7.4,24.2,34.8,0.8,17.3,0.3,10.1,10.4,7.3,8.8,24.7,0.121,2011
31,Josh Smith,ATL,25,77,43,34,34.3,103.4,6.8,20.8,30.8,1.3,29.0,1.6,49.4,10.1,8.5,10.3,28.1,0.12,2011
32,David West,NOH,30,70,40,30,35.0,103.6,5.3,17.0,24.4,1.0,17.2,0.9,28.1,9.8,7.4,8.1,27.6,0.12,2011
33,Mike Conley,MEM,23,81,46,35,35.5,103.8,2.7,7.9,12.2,1.8,26.2,0.2,5.7,11.0,9.3,11.4,30.2,0.12,2011
34,Emeka Okafor,NOH,28,72,43,29,31.8,102.5,6.3,22.0,31.9,0.6,10.4,1.8,58.5,9.3,6.8,7.7,24.8,0.12,2011
35,Taj Gibson,CHI,26,80,60,20,21.8,97.0,3.7,16.7,24.9,0.5,15.4,1.3,42.9,6.5,5.2,6.2,15.8,0.118,2011
36,Jrue Holiday,PHI,21,82,41,41,35.4,103.9,3.2,9.5,13.9,1.5,26.3,0.4,11.2,10.9,8.9,9.3,30.0,0.118,2011
37,Gerald Wallace,POR,28,71,36,35,37.9,104.7,6.5,18.1,27.5,1.5,25.3,0.9,23.2,11.6,9.7,9.8,30.0,0.118,2011
38,Lamar Odom,LAL,31,82,57,25,32.2,102.8,6.5,19.8,30.7,0.6,12.2,0.7,22.5,9.4,9.2,8.2,26.3,0.118,2011
39,Tyson Chandler,DAL,28,74,54,20,27.8,101.3,6.6,23.3,33.6,0.5,12.5,1.1,45.7,8.5,6.9,7.9,24.3,0.116,2011
40,Metta World Peace,LAL,31,82,57,25,29.4,102.0,2.0,6.9,10.7,1.5,31.5,0.4,14.1,8.8,8.1,8.7,24.8,0.116,2011
41,Jameer Nelson,ORL,29,76,49,27,30.5,102.5,2.5,8.2,12.0,1.0,24.6,0.0,1.3,10.1,7.6,6.8,22.4,0.115,2011
42,Kurt Thomas,CHI,38,52,39,13,22.7,98.3,4.3,19.9,28.9,0.6,20.6,0.8,38.2,7.1,5.0,5.6,16.3,0.115,2011
43,Zach Randolph,MEM,29,75,43,32,36.3,104.4,7.8,23.3,35.9,0.8,12.4,0.3,7.9,11.6,9.2,11.7,31.3,0.114,2011
44,Mike Dunleavy,IND,30,61,28,33,27.6,101.6,4.1,14.2,20.8,0.7,16.5,0.5,15.3,9.4,7.0,7.5,21.0,0.114,2011
45,Derek Fisher,LAL,36,82,57,25,28.0,101.8,1.7,6.0,9.2,1.2,26.1,0.1,3.3,8.4,7.3,7.9,23.4,0.113,2011
46,Keyon Dooling,MIL,31,80,35,45,22.0,98.4,1.3,6.2,9.6,0.7,20.6,0.1,2.4,6.9,5.9,5.0,17.1,0.111,2011
47,Thaddeus Young,PHI,23,82,41,41,26.0,101.1,3.4,13.3,20.5,1.1,26.7,0.3,14.6,7.2,6.9,6.2,21.9,0.111,2011
48,Richard Jefferson,SAS,31,81,60,21,30.4,103.0,3.2,10.5,15.4,0.5,10.5,0.4,14.9,9.4,8.0,8.8,25.9,0.111,2011
49,Danny Granger,IND,28,79,36,43,35.0,104.6,4.3,11.9,17.9,1.1,21.2,0.8,18.5,12.7,9.6,9.7,28.8,0.11,2011
50,Kobe Bryant,LAL,32,82,57,25,33.9,104.2,4.1,12.1,18.5,1.2,22.7,0.1,4.1,10.0,9.3,9.5,28.6,0.11,2011
51,Trevor Ariza,NOH,25,75,43,32,34.7,104.7,4.6,15.1,21.7,1.6,26.3,0.4,14.6,10.1,7.7,8.3,28.7,0.108,2011
52,Wilson Chandler,DEN,24,72,41,31,33.3,104.5,4.6,13.4,20.6,0.7,12.9,1.3,31.5,10.7,9.6,7.6,30.9,0.107,2011
53,Ersan Ilyasova,MIL,24,60,25,35,25.1,101.0,4.3,19.0,28.1,0.9,20.7,0.4,17.4,6.6,6.3,6.2,20.6,0.107,2011
54,Jason Terry,DAL,33,82,57,25,31.3,103.7,1.6,5.1,7.8,1.1,26.2,0.2,5.5,9.5,8.4,8.6,27.4,0.106,2011
55,Ryan Anderson,ORL,23,64,43,21,22.3,99.5,3.5,16.1,23.5,0.5,14.6,0.6,28.8,7.2,4.6,4.7,16.6,0.106,2011
56,Marc Gasol,MEM,26,81,46,35,31.9,103.9,5.1,17.2,26.5,0.9,15.8,1.7,45.6,10.2,8.1,10.1,26.9,0.106,2011
57,Wesley Matthews,POR,24,82,48,34,33.6,104.7,2.6,8.5,13.1,1.2,22.4,0.1,3.8,10.4,9.1,8.2,28.0,0.105,2011
58,Jason Kidd,DAL,38,80,56,24,33.2,104.6,4.0,12.2,17.6,1.7,35.6,0.4,12.7,10.8,8.3,9.8,29.3,0.104,2011
59,Al Horford,ATL,25,77,41,36,35.1,105.2,7.0,21.0,30.9,0.8,18.0,1.0,34.9,10.2,8.9,10.0,29.4,0.103,2011
60,Rashard Lewis,WAS,31,57,24,33,32.0,104.3,3.8,12.2,18.2,0.9,20.6,0.5,15.5,10.2,8.5,8.9,26.1,0.102,2011
61,Hedo Turkoglu,ORL,32,81,48,33,31.4,104.3,3.8,12.5,18.7,0.9,20.5,0.4,13.6,10.3,7.8,7.3,25.7,0.102,2011
62,George Hill,SAS,25,76,56,20,28.3,103.1,2.3,8.3,12.5,0.9,21.1,0.3,11.1,9.1,7.9,7.6,23.9,0.102,2011
63,Joe Johnson,ATL,30,72,38,34,35.5,105.5,3.2,9.7,14.6,0.7,15.2,0.1,3.1,10.4,9.2,10.0,29.5,0.101,2011
64,JJ Redick,ORL,27,59,37,22,25.6,102.4,1.8,7.0,10.4,0.5,15.5,0.1,2.2,9.3,5.5,6.2,20.0,0.1,2011
65,Mario Chalmers,MIA,25,70,52,18,22.6,100.5,1.9,8.3,12.6,1.1,32.3,0.1,3.7,7.3,6.2,5.6,18.2,0.1,2011
66,Darrell Arthur,MEM,23,80,45,35,20.1,99.1,2.8,14.5,23.0,0.7,14.9,0.8,38.7,5.9,5.2,5.7,15.7,0.1,2011
67,Jason Richardson,ORL,30,80,47,33,33.9,105.5,3.3,9.8,14.9,1.2,23.8,0.2,5.2,11.4,9.3,8.5,27.2,0.099,2011
68,Jodie Meeks,PHI,23,74,40,34,27.9,103.4,2.0,7.6,11.5,0.9,19.3,0.1,2.3,8.3,7.1,8.1,24.7,0.098,2011
69,Marquis Daniels,BOS,30,49,37,12,19.1,98.4,1.8,10.2,15.9,0.8,23.6,0.4,26.5,6.4,5.2,4.5,14.6,0.098,2011
70,Andre Miller,POR,35,81,47,34,32.7,104.9,2.5,8.7,13.6,1.4,25.5,0.1,5.0,9.7,8.8,7.8,25.9,0.097,2011
71,Kevin Durant,OKC,22,78,52,26,38.9,106.8,6.1,15.4,23.8,1.1,17.9,1.0,19.2,12.2,12.1,10.1,36.9,0.097,2011
72,Kyle Lowry,HOU,25,75,40,35,34.2,105.6,2.9,8.8,13.4,1.4,25.6,0.3,9.4,9.9,9.9,9.5,31.4,0.097,2011
73,Lou Williams,PHI,24,75,39,36,23.3,101.5,1.6,6.6,10.4,0.6,18.2,0.2,11.6,6.7,6.0,6.3,19.2,0.096,2011
74,Nene,DEN,28,75,46,29,30.5,104.5,5.7,18.3,26.4,1.1,25.0,1.0,36.0,9.6,8.0,7.5,25.8,0.096,2011
75,Kyle Korver,CHI,30,82,62,20,20.1,99.3,1.7,8.4,12.9,0.4,14.1,0.2,9.7,6.3,5.1,5.2,14.7,0.095,2011
76,Tony Allen,MEM,29,72,40,32,20.8,100.4,1.7,8.8,13.9,1.8,36.3,0.6,24.3,6.6,5.5,6.5,17.3,0.094,2011
77,Tyreke Evans,SAC,21,57,18,39,37.0,106.4,4.0,11.3,17.2,1.5,26.9,0.5,14.0,13.7,9.4,12.8,34.8,0.094,2011
78,Omer Asik,CHI,24,82,62,20,12.1,90.2,2.4,19.6,28.8,0.2,11.8,0.7,40.3,3.5,2.5,2.7,7.8,0.093,2011
79,C.J. Watson,CHI,27,82,62,20,13.3,92.6,1.0,7.3,10.7,0.7,28.6,0.1,7.1,3.8,2.9,3.2,8.8,0.091,2011
80,Nick Collison,OKC,30,71,48,23,21.5,100.8,2.8,13.0,20.1,0.6,17.6,0.4,19.5,7.0,5.7,4.7,17.2,0.091,2011
81,Evan Turner,PHI,22,78,40,38,23.0,102.2,3.4,14.9,23.1,0.6,16.9,0.2,9.8,7.4,5.8,6.1,19.2,0.09,2011
82,Jeff Green,BOS,24,75,45,30,32.4,106.0,3.8,12.1,18.7,0.7,13.8,0.5,15.2,10.2,9.5,7.6,30.1,0.09,2011
83,James Posey,IND,34,49,19,30,17.1,97.7,2.8,16.7,25.4,0.5,17.6,0.1,6.9,5.5,3.5,3.0,10.4,0.09,2011
84,Roy Hibbert,IND,24,81,37,44,27.7,104.4,5.3,18.5,27.8,0.4,10.0,1.8,48.6,10.6,7.6,8.6,23.4,0.09,2011
85,Marvin Williams,ATL,25,65,34,31,28.7,104.7,3.8,14.0,20.7,0.5,15.0,0.4,14.4,8.6,7.4,8.3,24.4,0.089,2011
86,Shannon Brown,LAL,25,82,57,25,19.1,100.0,1.5,7.3,11.7,0.8,29.4,0.2,9.2,5.7,6.0,4.9,15.0,0.088,2011
87,Willie Green,NOH,29,77,44,33,21.7,101.9,1.8,8.7,12.9,0.5,15.1,0.2,9.1,7.2,4.4,5.1,16.9,0.088,2011
88,Brandon Roy,POR,26,47,25,22,27.9,104.5,2.0,8.1,13.1,0.8,16.7,0.3,10.4,7.9,7.5,5.9,22.3,0.087,2011
89,Vince Carter,PHX,34,73,38,35,28.1,104.6,3.0,10.8,16.4,0.9,25.1,0.3,10.8,8.9,7.5,7.0,21.5,0.087,2011
90,Kenyon Martin,DEN,33,48,31,17,25.7,103.7,4.8,18.3,26.1,0.9,22.2,0.7,29.7,7.6,6.5,4.9,20.5,0.087,2011
91,Gilbert Arenas,ORL,29,70,35,35,25.7,104.1,2.4,9.4,15.0,1.1,25.5,0.3,11.0,9.5,6.5,7.2,20.3,0.087,2011
92,Russell Westbrook,OKC,22,82,55,27,34.7,106.8,3.1,9.1,13.8,1.9,32.6,0.4,8.1,10.9,10.5,9.2,33.0,0.086,2011
93,James Harden,OKC,21,82,55,27,26.7,104.3,2.6,9.6,15.1,1.1,26.2,0.3,10.0,8.5,8.4,5.9,23.6,0.086,2011
94,Chris Douglas-Roberts,MIL,24,44,19,25,20.1,101.1,1.8,9.7,15.0,0.7,20.7,0.3,12.6,6.3,5.3,5.3,16.5,0.086,2011
95,James Jones,MIA,30,81,57,24,19.1,100.4,1.7,8.8,13.7,0.4,13.6,0.2,12.0,5.9,5.3,5.0,14.6,0.085,2011
96,CJ Miles,UTA,24,78,36,42,25.2,103.9,2.6,10.9,17.5,0.9,21.7,0.5,17.0,8.6,6.5,6.8,18.8,0.085,2011
97,Raymond Felton,DEN,27,75,44,31,36.5,107.3,2.9,8.1,12.6,1.7,27.5,0.1,3.2,12.1,10.5,9.1,34.6,0.085,2011
98,Mickael Pietrus,PHX,29,57,33,24,19.4,100.3,1.9,10.0,15.8,0.5,18.6,0.4,20.0,6.8,4.9,5.3,16.3,0.085,2011
99,Shawn Marion,DAL,33,80,56,24,28.2,105.0,4.8,17.3,26.1,0.9,22.2,0.6,23.6,9.4,7.9,8.3,24.8,0.085,2011
100,Rudy Fernandez,POR,26,78,46,32,23.3,103.2,1.7,8.3,13.4,1.1,27.9,0.2,8.2,7.6,6.5,5.3,20.1,0.084,2011
101,Danilo Gallinari,DEN,22,62,34,28,33.9,106.9,4.0,11.9,18.2,0.8,14.6,0.4,10.5,12.0,9.5,8.5,32.5,0.083,2011
102,Josh McRoberts,IND,24,72,34,38,22.2,102.8,3.8,16.0,25.0,0.7,20.8,0.8,25.0,8.8,6.8,6.6,19.0,0.083,2011
103,Anthony Morrow,NJN,25,58,17,41,32.0,106.3,2.3,7.6,11.6,0.3,9.4,0.1,4.2,10.2,8.4,9.2,28.4,0.083,2011
104,Earl Boykins,MIL,35,57,23,34,15.1,97.2,0.7,4.8,7.5,0.7,29.2,0.1,3.2,4.6,3.9,3.4,11.2,0.083,2011
105,Matt Bonner,SAS,31,66,48,18,21.7,102.4,2.7,12.7,19.2,0.4,12.8,0.3,15.9,6.3,6.3,6.0,18.2,0.082,2011
106,Nicolas Batum,POR,22,80,47,33,31.5,106.4,3.2,11.4,18.1,0.9,16.5,0.6,20.1,9.7,8.3,7.9,26.6,0.082,2011
107,Chris Duhon,ORL,28,51,36,15,15.2,97.3,0.8,5.7,8.1,0.3,14.7,0.0,3.1,6.1,3.4,3.6,11.4,0.082,2011
108,Serge Ibaka,OKC,21,82,55,27,27.0,104.9,5.0,18.3,27.8,0.4,9.5,2.4,60.2,8.9,8.2,6.7,24.4,0.081,2011
109,Mike Bibby,MIA,33,80,49,31,28.6,105.3,2.2,8.2,12.2,0.6,18.6,0.1,4.4,8.9,7.4,8.4,23.1,0.081,2011
110,Corey Maggette,MIL,31,67,25,42,20.9,102.5,2.9,14.8,21.9,0.3,11.6,0.1,3.4,6.7,5.4,5.3,16.6,0.081,2011
111,Carlos Arroyo,BOS,31,64,43,21,18.5,100.7,1.3,6.9,10.2,0.3,14.3,0.0,0.8,5.8,4.6,5.0,15.8,0.081,2011
112,Steve Blake,LAL,31,79,55,24,20.0,101.7,1.7,8.3,13.0,0.5,19.6,0.0,1.8,6.2,6.2,5.8,16.3,0.081,2011
113,O.J. Mayo,MEM,23,71,37,34,26.3,105.1,1.9,7.6,12.2,1.0,20.8,0.4,12.7,8.3,7.3,8.0,22.0,0.08,2011
114,J.J. Barea,DAL,27,81,56,25,20.6,102.1,1.6,7.8,12.2,0.4,13.2,0.0,0.7,6.2,6.0,5.5,17.7,0.08,2011
115,Joel Anthony,MIA,28,75,55,20,19.5,101.4,2.2,10.4,16.3,0.1,5.2,1.2,49.7,6.5,5.9,4.9,14.7,0.08,2011
116,Blake Griffin,LAC,22,82,32,50,37.9,108.0,8.8,23.8,36.8,0.8,13.9,0.5,13.6,15.1,10.5,11.0,33.1,0.079,2011
117,Jamal Crawford,ATL,31,76,40,36,30.2,106.5,1.4,5.0,7.7,0.8,19.3,0.2,7.7,10.0,8.6,9.5,26.8,0.079,2011
118,Boris Diaw,CHA,29,82,34,48,33.9,107.3,3.8,11.8,18.0,0.9,19.9,0.6,16.5,11.5,9.2,10.2,29.2,0.078,2011
119,Paul Millsap,UTA,26,76,36,40,34.3,107.4,5.5,16.6,26.2,1.4,24.5,0.9,21.2,11.1,9.1,9.1,28.8,0.078,2011
120,Nate Robinson,OKC,27,59,44,15,17.2,99.7,1.3,7.7,12.1,0.5,17.2,0.1,4.5,5.6,4.3,4.1,12.3,0.078,2011
121,Shaun Livingston,CHA,25,73,31,42,17.3,100.1,1.6,9.9,14.9,0.6,27.3,0.4,19.2,5.9,4.1,4.5,12.1,0.078,2011
122,Chuck Hayes,HOU,28,74,41,33,28.1,105.8,5.1,18.6,28.5,1.1,25.1,0.7,26.1,8.2,7.9,8.3,26.7,0.077,2011
123,Marcus Thornton,SAC,24,73,37,36,24.3,104.4,2.7,11.5,17.0,0.9,23.4,0.1,5.0,9.2,5.9,8.8,21.9,0.077,2011
124,Arron Afflalo,DEN,25,69,40,29,33.7,107.3,3.0,8.9,13.2,0.5,10.2,0.4,15.8,10.2,9.3,9.0,29.1,0.077,2011
125,Marcus Camby,POR,37,59,32,27,26.1,105.1,7.2,31.3,48.5,0.7,16.1,1.6,57.5,8.1,6.3,6.6,20.8,0.077,2011
126,Eric Gordon,LAC,22,56,25,31,37.7,108.2,2.1,5.7,8.9,1.3,23.7,0.3,7.6,15.3,10.3,9.9,32.4,0.076,2011
127,Beno Udrih,SAC,28,79,24,55,34.6,107.6,2.8,8.6,12.8,1.2,22.4,0.1,3.7,13.3,9.1,12.8,32.1,0.076,2011
128,Luis Scola,HOU,31,74,38,36,32.6,107.3,6.2,19.4,29.9,0.6,13.0,0.6,19.5,9.5,9.3,10.4,30.4,0.076,2011
129,Toney Douglas,NYK,25,81,41,40,24.3,104.8,2.2,9.2,14.5,1.1,27.5,0.0,1.7,8.0,7.0,6.5,22.2,0.075,2011
130,Darren Collison,IND,23,79,36,43,29.9,106.7,2.3,7.6,11.6,1.1,26.2,0.2,4.8,11.8,8.5,9.5,26.4,0.075,2011
131,Antonio McDyess,SAS,36,73,54,19,19.0,102.0,3.7,20.0,30.0,0.5,18.9,0.5,32.2,6.6,5.0,5.5,16.1,0.075,2011
132,Chris Andersen,DEN,32,45,29,16,16.3,100.2,3.2,19.2,29.9,0.5,19.5,1.3,66.7,5.2,4.0,4.4,13.2,0.075,2011
133,Quentin Richardson,ORL,31,57,37,20,16.8,100.3,2.4,15.2,22.2,0.4,18.9,0.1,5.8,6.1,4.0,3.6,11.4,0.075,2011
134,Matt Barnes,LAL,31,53,36,17,19.2,102.4,2.9,14.4,23.1,0.7,26.4,0.4,21.0,6.6,6.2,5.9,14.8,0.075,2011
135,Jason Smith,NOH,25,77,44,33,14.3,98.5,2.0,14.1,21.6,0.3,16.6,0.4,35.2,4.5,2.9,3.8,11.2,0.075,2011
136,Stephen Jackson,CHA,33,67,30,37,35.9,108.1,3.7,10.9,16.8,1.2,24.7,0.4,10.6,13.6,10.0,11.5,31.6,0.075,2011
137,Jeff Foster,IND,34,56,25,31,16.8,100.4,3.4,19.8,29.8,0.4,18.9,0.6,36.5,4.8,4.4,3.4,11.8,0.075,2011
138,Chase Budinger,HOU,23,78,41,37,22.3,104.1,2.9,13.1,20.0,0.5,16.9,0.2,12.4,6.9,6.4,6.2,21.0,0.074,2011
139,Marco Belinelli,NOH,25,80,44,36,24.5,105.0,1.7,7.7,11.3,0.5,11.8,0.1,3.5,7.4,5.2,6.2,19.4,0.074,2011
140,Gerald Henderson,CHA,23,68,29,39,24.4,105.0,2.3,9.9,15.6,0.7,23.3,0.5,18.2,7.3,6.8,7.0,20.6,0.074,2011
141,Nenad Krstic,BOS,27,71,44,27,22.1,104.4,3.0,14.3,20.9,0.4,9.6,0.4,16.6,6.4,6.0,5.8,21.1,0.073,2011
142,Jason Collins,ATL,32,49,27,22,12.1,95.0,1.5,12.5,17.9,0.2,12.0,0.2,20.9,3.0,2.7,2.9,8.1,0.073,2011
143,Erick Dampier,MIA,35,51,36,15,16.0,100.0,2.4,14.8,21.9,0.3,12.8,0.9,51.6,5.1,4.2,4.7,13.5,0.073,2011
144,Marcin Gortat,PHX,27,80,43,37,25.4,105.2,6.0,23.9,36.7,0.5,13.6,1.1,46.0,8.2,7.0,6.3,20.9,0.073,2011
145,Sam Young,MEM,26,78,44,34,20.2,103.2,1.9,9.7,15.1,0.9,23.4,0.3,12.3,6.7,5.4,6.2,16.6,0.073,2011
146,Channing Frye,PHX,28,77,39,38,33.0,107.7,5.8,17.7,27.9,0.6,14.1,1.0,37.1,10.6,9.4,8.5,28.3,0.072,2011
147,Andray Blatche,WAS,24,64,21,43,33.9,107.9,5.4,16.9,26.4,1.5,26.6,0.8,19.2,12.5,9.2,11.6,31.8,0.072,2011
148,Keith Bogans,CHI,31,82,62,20,17.8,101.6,1.6,9.3,13.6,0.5,18.0,0.1,6.3,5.7,4.5,5.1,13.9,0.072,2011
149,Thabo Sefolosha,OKC,27,79,53,26,25.9,106.0,3.6,14.3,21.2,1.2,26.6,0.5,14.7,8.0,7.2,6.7,25.0,0.072,2011
150,Eric Maynor,OKC,24,82,55,27,14.6,99.0,1.2,8.0,12.5,0.4,18.8,0.1,4.6,4.8,4.0,3.1,12.4,0.071,2011
151,Steve Nash,PHX,37,75,39,36,33.3,107.9,2.9,8.8,13.9,0.6,15.3,0.1,1.9,11.0,9.7,8.9,28.9,0.071,2011
152,Eddie House,MIA,33,56,39,17,17.5,101.5,1.5,8.3,13.1,0.6,24.2,0.1,3.3,5.1,5.3,4.8,13.6,0.071,2011
153,Von Wafer,BOS,25,58,45,13,9.5,91.6,0.7,7.4,11.9,0.3,17.5,0.1,7.2,3.2,2.7,2.3,7.2,0.07,2011
154,Spencer Hawes,PHI,23,81,41,40,21.2,104.0,4.1,20.3,29.8,0.4,11.4,0.9,41.0,6.4,5.3,5.7,18.0,0.07,2011
155,Shane Battier,MEM,32,82,42,40,29.0,107.1,3.5,12.3,19.0,0.8,17.7,1.0,32.0,8.5,8.2,9.1,26.0,0.07,2011
156,Carmelo Anthony,NYK,27,77,43,34,35.7,108.4,5.8,16.0,24.9,0.9,18.1,0.6,17.6,11.9,11.1,9.6,32.4,0.07,2011
157,Paul George,IND,21,61,29,32,20.7,104.1,3.1,14.5,22.2,1.0,30.4,0.4,20.3,7.4,5.5,5.7,18.0,0.069,2011
158,JR Smith,DEN,25,79,49,30,24.9,105.9,3.5,14.2,21.7,1.2,26.9,0.2,8.9,8.1,6.8,6.1,20.9,0.069,2011
159,Dorell Wright,GSW,25,82,36,46,38.4,109.0,4.2,11.2,18.1,1.5,20.5,0.8,20.1,13.7,11.7,15.9,37.1,0.069,2011
160,Brandon Rush,IND,25,67,27,40,26.2,106.3,2.7,10.5,16.4,0.6,16.9,0.5,16.7,9.2,7.1,7.3,20.7,0.069,2011
161,Ekpe Udoh,GSW,24,58,28,30,17.8,102.2,1.7,9.7,15.7,0.4,11.8,1.5,55.1,5.4,5.2,5.6,16.0,0.069,2011
162,Nick Young,WAS,26,64,14,50,31.8,107.9,2.3,7.6,11.9,0.7,14.6,0.3,7.0,11.3,8.6,10.5,28.3,0.068,2011
163,John Wall,WAS,20,69,19,50,37.8,109.0,4.1,11.2,18.1,1.8,28.1,0.5,10.3,13.9,11.7,13.5,35.3,0.068,2011
164,DeJuan Blair,SAS,22,81,60,21,21.4,104.6,4.3,20.8,31.2,1.2,32.2,0.5,27.6,6.7,5.6,6.6,18.8,0.068,2011
165,Rasual Butler,CHI,32,47,17,30,16.4,101.9,1.4,8.8,13.6,0.2,6.8,0.3,21.4,6.1,4.3,4.7,12.1,0.067,2011
166,Kevin Martin,HOU,28,80,42,38,32.5,108.2,2.9,9.0,13.8,1.0,20.4,0.2,6.3,9.9,9.5,10.3,31.2,0.067,2011
167,Stephen Curry,GSW,23,74,33,41,33.6,108.4,3.2,9.7,15.7,1.5,23.3,0.3,7.9,12.1,10.0,14.1,32.7,0.067,2011
168,DeShawn Stevenson,DAL,30,72,49,23,16.1,101.5,1.2,7.6,10.9,0.3,14.1,0.1,5.2,5.1,3.8,4.8,14.8,0.067,2011
169,Jared Dudley,PHX,25,82,40,42,26.1,106.6,2.5,9.8,15.4,1.1,29.9,0.2,9.8,9.5,7.1,7.7,23.5,0.066,2011
170,Larry Sanders,MIL,22,60,28,32,14.5,100.6,2.0,14.2,22.5,0.4,16.2,1.2,62.1,4.2,3.7,3.6,11.8,0.065,2011
171,Anthony Tolliver,MIN,26,65,12,53,21.0,104.8,3.1,15.3,24.5,0.4,12.8,0.4,21.1,8.0,6.0,6.5,16.6,0.065,2011
172,Jordan Farmar,NJN,24,73,23,50,24.6,106.5,2.0,8.7,14.0,0.8,29.0,0.1,3.5,8.4,7.0,6.7,20.2,0.064,2011
173,Ronny Turiaf,NYK,28,64,32,32,17.8,103.2,2.2,12.4,19.4,0.5,18.0,1.1,47.7,5.4,5.5,5.1,14.8,0.064,2011
174,Michael Beasley,MIN,22,73,14,59,32.3,108.4,4.0,12.2,18.5,0.7,15.3,0.7,18.2,13.9,9.0,11.5,29.2,0.064,2011
175,Marreese Speights,PHI,23,64,33,31,11.5,97.2,2.3,19.7,30.2,0.1,7.0,0.3,32.8,4.4,3.0,3.5,9.9,0.064,2011
176,DeMarcus Cousins,SAC,20,81,23,58,28.5,107.5,6.0,22.3,33.6,1.0,23.9,0.8,32.7,10.8,7.5,11.0,27.7,0.064,2011
177,D.J. Augustin,CHA,23,82,34,48,33.6,108.7,2.3,7.3,11.2,0.7,15.2,0.0,1.1,11.4,9.2,10.6,29.6,0.063,2011
178,Francisco Garcia,SAC,29,58,18,40,23.9,106.4,1.9,8.2,12.6,0.9,22.3,0.8,31.4,9.2,6.2,9.4,22.3,0.062,2011
179,Kirk Hinrich,ATL,30,72,24,48,30.0,108.2,2.2,8.0,12.5,1.0,23.1,0.2,7.4,10.8,8.1,9.1,25.4,0.062,2011
180,Samuel Dalembert,SAC,31,80,22,58,24.2,106.6,5.6,23.2,35.1,0.5,12.3,1.5,50.9,10.0,6.5,9.0,22.7,0.062,2011
181,AJ Price,IND,24,50,22,28,15.9,102.2,1.1,7.3,11.2,0.6,24.0,0.0,1.4,4.4,4.1,3.6,12.0,0.061,2011
182,Brendan Haywood,DAL,31,72,50,22,18.5,104.0,3.4,19.7,29.7,0.2,8.6,1.0,52.5,6.4,5.0,5.5,16.5,0.061,2011
183,Henry Walker,NYK,23,61,32,29,12.9,99.6,1.7,13.3,21.2,0.3,14.7,0.1,7.0,4.0,3.6,2.8,11.0,0.061,2011
184,Derrick Favors,UTA,19,78,25,53,19.7,104.7,3.1,16.1,25.1,0.4,16.5,0.9,38.0,7.0,5.4,5.9,16.0,0.061,2011
185,Corey Brewer,DAL,25,69,22,47,21.9,106.4,1.7,7.9,12.4,1.4,40.2,0.2,9.7,8.7,6.7,7.3,18.6,0.061,2011
186,Dante Cunningham,CHA,24,78,39,39,21.0,105.4,2.3,12.6,20.1,0.7,19.9,0.6,27.7,6.8,5.8,4.9,17.6,0.061,2011
187,Eric Bledsoe,LAC,21,81,32,49,22.7,106.1,1.9,8.6,13.3,1.1,33.7,0.3,14.2,9.4,6.1,6.5,18.9,0.061,2011
188,Ty Lawson,DEN,23,80,49,31,26.3,107.4,1.8,6.8,10.3,1.0,23.0,0.1,2.3,8.8,6.9,6.7,23.4,0.061,2011
189,Kris Humphries,NJN,26,74,23,51,27.8,107.8,7.4,27.9,42.1,0.4,14.6,1.1,38.6,9.1,6.6,7.4,23.9,0.06,2011
190,Andrei Kirilenko,UTA,30,64,33,31,31.2,108.6,3.5,11.9,18.9,1.3,25.2,1.2,29.1,10.9,8.5,8.8,27.0,0.06,2011
191,Zydrunas Ilgauskas,MIA,36,72,51,21,15.9,102.5,2.5,16.1,23.3,0.3,14.6,0.8,55.2,5.1,4.0,4.7,13.6,0.06,2011
192,JaVale McGee,WAS,23,79,23,56,27.8,107.8,5.2,18.9,31.1,0.5,11.8,2.4,60.5,10.1,8.8,9.7,26.8,0.06,2011
193,Daniel Gibson,CLE,25,67,18,49,27.8,107.8,2.3,8.5,13.0,0.7,19.6,0.3,13.6,8.4,7.0,7.3,22.4,0.06,2011
194,Daequan Cook,OKC,24,43,30,13,13.9,100.9,1.5,10.8,16.5,0.3,13.0,0.0,1.9,4.3,3.5,3.9,11.9,0.06,2011
195,Jason Thompson,SAC,24,75,24,51,23.3,106.6,4.1,18.3,26.8,0.4,11.2,0.6,30.1,8.9,5.7,8.0,21.7,0.059,2011
196,Grant Hill,PHX,38,80,39,41,30.1,108.5,3.3,10.8,17.1,0.8,20.4,0.4,16.7,9.9,8.9,8.4,26.7,0.059,2011
197,Monta Ellis,GSW,25,80,35,45,40.3,110.1,3.0,7.6,12.4,2.1,27.8,0.3,7.3,14.7,12.2,16.5,39.0,0.059,2011
198,Tyler Hansbrough,IND,25,70,34,36,21.9,106.1,3.2,14.5,21.8,0.5,16.8,0.2,10.1,7.5,5.7,7.1,19.5,0.059,2011
199,Tracy McGrady,DET,32,72,25,47,23.4,106.6,2.8,13.7,21.3,0.9,25.2,0.5,25.6,7.7,6.2,7.4,20.5,0.058,2011
200,Landry Fields,NYK,23,82,42,40,31.0,108.7,5.1,16.5,25.5,1.0,21.3,0.2,5.4,10.6,9.3,8.3,30.8,0.058,2011
201,Kevin Love,MIN,22,73,17,56,35.8,109.5,10.7,30.0,45.0,0.6,12.0,0.4,10.0,14.8,10.5,13.4,30.8,0.058,2011
202,Jon Brockman,MIL,24,63,28,35,10.8,97.9,1.7,17.9,28.1,0.2,12.6,0.0,9.1,3.8,2.8,2.6,8.7,0.058,2011
203,Dominic McGuire,CHA,25,52,18,34,14.6,102.2,2.6,18.3,27.8,0.2,11.8,0.6,37.1,5.3,3.5,4.3,11.0,0.058,2011
204,Anthony Parker,CLE,36,72,18,54,29.0,108.4,2.6,9.1,13.9,0.9,24.5,0.1,6.0,9.4,7.7,8.8,24.6,0.057,2011
205,Gary Neal,SAS,26,80,59,21,21.1,106.0,2.2,10.6,16.8,0.3,11.0,0.1,2.9,6.8,6.4,6.4,18.2,0.057,2011
206,Al Harrington,DEN,31,73,45,28,22.8,106.9,3.5,15.7,24.1,0.5,14.8,0.1,7.9,7.8,6.2,6.4,20.2,0.057,2011
207,Earl Watson,UTA,32,80,37,43,19.6,105.3,1.6,9.1,14.1,0.8,23.0,0.2,9.6,6.7,4.6,5.3,14.7,0.057,2011
208,Kwame Brown,CHA,29,66,27,39,26.0,107.7,4.6,19.7,29.9,0.4,11.7,0.6,25.5,8.3,6.6,7.3,21.9,0.056,2011
209,Chauncey Billups,NYK,34,72,38,34,32.1,109.1,2.3,7.1,11.0,1.0,22.2,0.2,6.4,10.1,10.2,8.8,29.2,0.056,2011
210,Julian Wright,TOR,24,52,9,43,14.7,102.6,1.4,9.3,15.0,0.8,28.9,0.4,23.8,5.6,4.7,4.5,12.1,0.056,2011
211,DeAndre Jordan,LAC,22,80,31,49,25.6,107.7,4.6,18.3,28.2,0.5,14.4,1.8,59.2,10.5,7.6,7.5,21.4,0.056,2011
212,Amar'e Stoudemire,NYK,28,78,39,39,36.8,109.9,5.6,15.7,24.7,0.9,16.7,1.9,42.7,12.1,10.9,9.4,35.9,0.056,2011
213,Al-Farouq Aminu,LAC,20,81,31,50,17.9,104.9,2.4,13.5,20.9,0.7,26.3,0.3,16.9,7.9,4.6,5.0,14.6,0.055,2011
214,Dahntay Jones,IND,30,45,22,23,13.1,101.1,1.4,10.4,16.1,0.4,23.0,0.2,13.5,4.7,3.6,3.6,11.1,0.055,2011
215,Brook Lopez,NJN,23,82,24,58,35.2,109.7,3.5,10.8,16.6,0.6,15.2,1.5,43.5,11.2,9.3,9.9,31.6,0.055,2011
216,Maurice Evans,WAS,32,73,36,37,21.2,106.4,1.4,7.0,11.3,0.5,13.3,0.2,7.9,7.9,6.2,7.1,19.4,0.055,2011
217,Jarrett Jack,NOH,27,83,39,44,20.8,106.3,1.8,9.6,14.4,0.7,21.9,0.1,3.8,7.6,4.9,5.9,17.2,0.055,2011
218,Brad Miller,HOU,35,60,32,28,16.9,104.5,3.0,17.8,27.1,0.5,18.5,0.4,21.9,6.0,4.6,4.4,15.6,0.054,2011
219,Luke Ridnour,MIN,30,71,13,58,30.4,109.0,2.3,7.4,11.2,1.3,28.3,0.1,4.2,12.9,8.9,10.9,26.2,0.054,2011
220,Deron Williams,NJN,27,65,33,32,37.9,110.3,3.4,9.4,15.0,1.2,21.5,0.2,5.0,11.9,10.4,10.0,33.2,0.054,2011
221,Ronnie Price,UTA,28,59,31,28,12.1,100.5,0.7,6.0,9.6,0.7,32.6,0.1,6.0,4.3,2.7,3.1,8.7,0.053,2011
222,David Lee,GSW,28,73,35,38,36.1,110.1,6.8,19.4,31.9,1.0,15.6,0.4,11.9,13.1,11.3,15.3,35.4,0.053,2011
223,Kyrylo Fesenko,UTA,24,53,29,24,8.6,95.4,1.4,17.3,27.3,0.1,5.3,0.3,34.0,2.8,1.9,1.9,5.2,0.052,2011
224,Darko Milicic,MIN,26,69,15,54,24.4,107.9,3.3,13.2,19.9,0.8,21.7,2.0,61.4,10.1,7.3,9.6,21.5,0.052,2011
225,Courtney Lee,HOU,25,81,43,38,21.3,106.9,2.0,9.2,14.5,0.7,24.4,0.2,11.1,7.5,6.6,5.9,20.3,0.051,2011
226,DJ White,CHA,24,47,23,24,14.6,103.3,2.4,17.3,26.9,0.3,14.6,0.4,22.7,4.4,3.8,3.9,12.0,0.051,2011
227,Donte Greene,SAC,23,69,21,48,16.3,104.9,1.4,8.7,13.1,0.5,21.8,0.3,18.5,6.1,4.2,5.6,14.8,0.051,2011
228,Carl Landry,NOH,27,76,25,51,26.4,108.7,2.4,9.8,15.4,0.5,12.5,0.4,15.6,9.2,7.1,8.5,24.9,0.051,2011
229,Ryan Gomes,LAC,28,76,29,47,27.6,108.8,2.5,9.6,14.7,0.8,21.1,0.2,6.2,10.3,7.1,8.4,23.6,0.051,2011
230,Travis Outlaw,NJN,26,82,24,58,28.8,109.1,3.3,12.1,19.0,0.4,13.4,0.4,16.0,9.1,7.8,7.5,24.2,0.05,2011
231,Nazr Mohammed,OKC,33,75,40,35,17.1,105.0,3.0,18.7,28.0,0.4,15.7,0.7,39.7,5.8,4.3,5.4,13.6,0.05,2011
232,Joey Dorsey,TOR,27,43,11,32,12.1,101.2,2.6,23.1,35.0,0.6,25.8,0.4,42.5,4.1,3.0,3.6,10.5,0.05,2011
233,Jeff Teague,ATL,23,70,36,34,13.8,103.6,1.3,9.7,15.3,0.6,32.8,0.4,25.3,4.7,4.3,4.0,12.3,0.05,2011
234,Luke Walton,LAL,31,54,39,15,9.0,97.0,1.1,10.7,17.2,0.2,13.6,0.1,8.5,2.8,2.9,2.4,7.4,0.049,2011
235,Al Thornton,GSW,27,71,21,50,19.5,106.4,2.2,12.2,19.5,0.5,15.3,0.2,7.7,6.8,5.2,6.7,17.6,0.049,2011
236,Johan Petro,NJN,25,77,22,55,11.6,101.4,1.9,17.5,28.6,0.4,27.9,0.4,40.5,3.9,3.3,3.0,8.6,0.049,2011
237,Baron Davis,CLE,32,58,24,34,28.4,109.3,2.1,7.7,12.1,1.3,31.3,0.5,18.1,9.9,7.5,8.1,23.0,0.048,2011
238,Jamario Moon,LAC,31,59,20,39,17.7,106.3,2.4,13.6,20.8,0.5,18.4,0.6,29.2,5.5,4.5,6.2,15.1,0.048,2011
239,Omri Casspi,SAC,23,71,17,54,24.0,108.5,3.3,14.4,22.2,0.8,20.1,0.2,8.0,9.5,6.4,9.0,23.4,0.047,2011
240,Vladimir Radmanovic,GSW,30,74,32,42,15.8,105.1,2.0,13.2,21.8,0.6,20.6,0.6,36.4,5.7,4.8,5.4,13.6,0.047,2011
241,Reggie Williams,GSW,24,80,36,44,20.3,107.3,2.1,10.4,17.2,0.4,10.4,0.0,1.8,7.3,6.3,7.2,17.7,0.047,2011
242,Wesley Johnson,MIN,23,79,17,62,26.2,109.1,2.4,9.1,13.8,0.7,19.5,0.7,21.3,10.5,7.7,10.0,23.3,0.046,2011
243,Greivis Vasquez,MEM,24,70,41,29,12.3,102.7,0.9,8.0,12.8,0.3,13.2,0.1,4.2,4.0,3.0,3.3,9.9,0.046,2011
244,Amir Johnson,TOR,24,72,20,52,25.7,109.1,3.8,15.8,24.9,0.7,19.3,1.2,49.4,8.3,7.6,8.3,25.4,0.046,2011
245,Randy Foye,LAC,27,63,28,35,24.6,108.9,1.4,5.9,9.5,0.7,19.9,0.3,13.5,9.7,7.6,7.8,21.8,0.046,2011
246,Patrick Patterson,HOU,22,52,29,23,16.7,105.8,2.2,12.9,20.2,0.3,14.7,0.7,44.0,5.6,5.3,5.0,17.0,0.045,2011
247,Tayshaun Prince,DET,31,78,29,49,32.8,110.3,3.2,11.2,17.5,0.4,8.0,0.5,20.3,10.4,9.3,10.7,29.7,0.045,2011
248,Andres Nocioni,PHI,31,54,23,31,17.2,106.5,2.8,16.9,25.5,0.3,10.1,0.3,17.2,6.0,4.4,5.9,15.1,0.045,2011
249,Greg Monroe,DET,21,80,30,50,27.8,109.5,4.4,18.1,28.4,1.2,27.5,0.6,27.8,9.1,7.9,9.3,26.0,0.045,2011
250,Al Jefferson,UTA,26,82,39,43,35.9,110.8,6.8,20.2,32.0,0.6,10.4,1.9,41.5,12.2,10.0,9.8,31.8,0.044,2011
251,Devin Harris,UTA,28,71,24,47,31.7,110.2,2.1,7.2,11.1,1.0,28.1,0.1,3.3,10.9,8.4,8.5,27.4,0.044,2011
252,Jose Calderon,TOR,29,68,18,50,30.9,110.2,2.5,8.8,13.9,1.2,26.0,0.1,3.7,10.5,8.8,10.3,31.1,0.044,2011
253,Luke Harangody,CLE,23,49,29,20,13.1,104.2,2.1,15.9,27.1,0.3,15.6,0.3,25.0,4.2,4.3,3.5,11.3,0.043,2011
254,Earl Clark,ORL,23,42,28,14,11.0,102.8,1.5,13.6,20.2,0.2,11.8,0.4,45.0,4.2,2.6,3.0,8.3,0.042,2011
255,Goran Dragic,HOU,25,70,37,33,17.6,107.2,1.5,8.9,13.8,0.7,29.6,0.1,9.6,6.3,4.9,5.4,17.8,0.042,2011
256,Shawne Williams,NYK,25,64,33,31,20.7,108.3,2.8,13.9,22.2,0.6,18.6,0.8,36.2,6.4,6.8,5.7,19.5,0.041,2011
257,Juwan Howard,MIA,38,57,43,14,10.4,101.9,1.5,14.5,23.1,0.2,12.8,0.1,6.3,3.6,3.0,2.6,8.1,0.041,2011
258,Derrick Brown,NYK,23,49,22,27,11.7,102.9,1.2,10.6,16.3,0.4,25.6,0.2,15.2,4.9,3.5,3.7,9.7,0.041,2011
259,Mo Williams,LAC,28,58,19,39,30.8,110.5,2.3,7.7,11.8,0.9,20.5,0.2,6.3,11.3,8.7,10.1,28.0,0.041,2011
260,Pooh Jeter,SAC,27,62,16,46,13.8,105.5,1.0,7.1,11.1,0.5,20.7,0.0,2.4,6.0,3.9,5.0,14.3,0.041,2011
261,Zaza Pachulia,ATL,27,79,43,36,15.7,106.4,2.7,18.9,29.0,0.4,22.2,0.3,24.2,5.7,4.2,4.6,13.7,0.041,2011
262,Hilton Armstrong,ATL,26,53,15,38,9.2,101.5,1.7,18.8,30.4,0.3,21.7,0.4,38.2,4.0,2.5,2.7,7.7,0.041,2011
263,Ian Mahinmi,DAL,24,56,39,17,8.7,100.0,1.4,15.2,24.8,0.3,18.9,0.3,48.4,2.5,2.6,2.4,6.8,0.041,2011
264,Quincy Pondexter,NOH,23,66,35,31,11.1,102.9,1.0,9.1,13.8,0.3,18.9,0.2,11.8,3.3,2.7,2.6,8.3,0.04,2011
265,Jared Jeffries,NYK,29,42,20,22,14.3,105.6,1.3,9.5,15.5,0.7,30.1,0.4,29.8,4.3,4.3,3.0,12.1,0.04,2011
266,Rodney Stuckey,DET,25,70,25,45,31.2,110.6,2.1,7.5,11.6,1.1,24.4,0.1,5.7,10.0,9.5,9.7,27.8,0.04,2011
267,Craig Smith,LAC,27,48,17,31,12.2,104.3,1.5,13.6,20.2,0.3,17.4,0.1,17.5,4.1,2.9,3.5,9.7,0.04,2011
268,Raja Bell,UTA,34,68,34,34,30.8,110.7,2.1,7.2,11.8,0.8,18.4,0.2,5.2,10.4,9.1,8.0,27.4,0.04,2011
269,Cartier Martin,WAS,26,52,19,33,10.4,102.7,1.0,10.2,16.7,0.3,21.7,0.1,8.2,4.0,3.0,2.9,8.7,0.04,2011
270,Ryan Hollins,CLE,26,70,17,53,16.9,107.2,1.7,10.1,15.9,0.3,14.3,0.6,46.7,5.3,4.6,4.4,12.8,0.039,2011
271,Ben Gordon,DET,28,82,30,52,26.0,110.0,1.9,8.2,13.0,0.6,14.3,0.2,8.3,8.6,7.4,8.5,23.6,0.039,2011
272,Francisco Elson,UTA,35,62,34,28,9.8,102.2,1.3,14.6,24.8,0.3,20.6,0.2,21.2,3.8,2.5,2.5,6.8,0.038,2011
273,Patty Mills,POR,22,64,40,24,12.2,105.0,0.5,4.6,7.7,0.4,21.1,0.0,1.4,4.0,4.1,3.0,11.2,0.038,2011
274,Tiago Splitter,SAS,26,60,43,17,12.3,104.8,2.2,17.8,28.4,0.5,27.6,0.3,38.6,4.4,3.9,3.7,10.5,0.038,2011
275,Richard Hamilton,DET,33,55,19,36,27.2,110.3,1.9,7.6,11.8,0.7,19.0,0.1,3.4,9.7,7.7,8.9,25.2,0.038,2011
276,Ben Uzoh,NJN,23,42,6,36,10.4,103.3,0.7,7.4,11.8,0.3,22.8,0.2,17.4,2.9,3.0,2.5,8.0,0.038,2011
277,Josh Powell,ATL,28,54,29,25,12.1,105.3,1.6,14.1,23.2,0.1,5.7,0.1,8.5,5.3,3.7,4.0,10.3,0.037,2011
278,Wayne Ellington,MIN,23,62,14,48,19.1,108.7,1.3,7.0,10.7,0.5,16.4,0.0,2.9,8.4,5.8,6.1,16.5,0.036,2011
279,Yi Jianlian,WAS,23,63,17,46,17.6,108.2,2.7,15.9,26.0,0.4,14.8,0.5,21.2,6.6,4.7,5.9,15.1,0.036,2011
280,Damien Wilkins,ATL,31,52,25,27,13.0,106.3,1.3,10.4,16.9,0.5,25.7,0.2,13.6,4.8,3.9,4.3,11.2,0.035,2011
281,Leandro Barbosa,TOR,28,58,17,41,24.0,110.2,1.5,6.2,10.2,0.9,25.6,0.1,4.7,9.5,7.3,8.0,21.9,0.035,2011
282,Darnell Jackson,SAC,25,59,18,41,8.2,101.8,0.8,9.1,14.4,0.2,13.6,0.1,6.3,3.5,2.3,3.2,7.4,0.035,2011
283,Lou Amundson,GSW,28,46,20,26,15.0,107.3,2.3,14.5,23.9,0.3,12.3,0.7,45.8,5.0,3.8,7.0,14.3,0.035,2011
284,Ben Wallace,DET,36,54,20,34,22.9,109.9,4.1,20.4,31.3,1.0,30.0,1.0,47.8,7.5,6.6,7.8,19.8,0.034,2011
285,Shelden Williams,NYK,27,59,38,21,15.4,107.8,3.1,19.7,30.1,0.4,16.9,0.4,31.7,5.2,4.8,4.7,14.2,0.033,2011
286,Austin Daye,DET,23,72,26,46,20.1,109.5,2.9,16.0,25.5,0.5,17.8,0.5,29.5,7.1,5.8,5.9,17.6,0.033,2011
287,DeMar DeRozan,TOR,21,82,22,60,34.8,111.7,2.9,9.2,14.4,1.0,20.4,0.4,12.4,12.3,9.5,12.2,35.6,0.033,2011
288,Matt Carroll,CHA,30,54,24,30,10.8,105.1,1.0,10.6,16.9,0.3,21.5,0.1,9.1,3.6,2.9,3.1,8.4,0.033,2011
289,JJ Hickson,CLE,22,80,19,61,28.2,111.1,6.0,21.8,33.2,0.6,16.2,0.7,27.8,9.8,7.5,9.2,27.0,0.033,2011
290,Timofey Mozgov,DEN,24,45,27,18,11.6,105.8,1.7,14.2,22.2,0.3,17.9,0.6,39.7,5.0,3.3,3.3,11.5,0.033,2011
291,Dan Gadzuric,NJN,33,42,13,29,11.0,105.6,1.5,15.0,23.7,0.3,17.1,0.7,55.8,4.1,2.9,3.8,8.3,0.032,2011
292,Charlie Villanueva,DET,26,76,27,49,21.9,110.2,3.2,16.5,26.3,0.6,16.7,0.6,28.6,7.6,6.2,6.9,19.8,0.032,2011
293,Trevor Booker,WAS,23,65,15,50,16.4,108.6,2.4,14.8,25.0,0.4,15.4,0.6,33.3,5.6,5.5,5.9,14.6,0.031,2011
294,Jonny Flynn,MIN,22,53,10,43,18.5,109.4,1.2,7.0,10.9,0.6,23.3,0.1,3.3,7.4,5.7,6.3,16.8,0.031,2011
295,Acie Law,GSW,26,51,20,31,14.2,107.8,1.0,7.2,12.2,0.6,24.2,0.0,0.0,5.0,4.5,5.3,12.7,0.031,2011
296,Jeremy Evans,UTA,23,49,22,27,9.4,104.4,1.2,14.2,22.3,0.3,22.7,0.3,27.0,3.6,2.1,2.4,7.8,0.031,2011
297,Sasha Vujacic,NJN,27,67,26,41,24.6,110.8,2.3,10.1,16.4,0.8,26.6,0.1,3.0,8.0,6.9,7.0,21.9,0.031,2011
298,Alonzo Gee,CLE,24,56,16,40,20.0,109.9,2.1,11.1,17.2,0.7,24.2,0.3,20.7,6.9,6.2,6.4,19.3,0.03,2011
299,Jordan Crawford,WAS,22,42,17,25,24.4,110.8,1.8,7.4,12.6,0.9,22.3,0.1,2.4,10.1,7.8,8.6,23.0,0.03,2011
300,Jerryd Bayless,TOR,22,71,25,46,21.1,110.2,2.0,9.5,15.5,0.5,19.3,0.1,4.0,7.8,6.4,7.3,19.3,0.03,2011
301,Nikola Pekovic,MIN,25,65,15,50,13.7,107.8,1.6,12.1,17.9,0.3,14.5,0.5,47.9,5.7,3.6,4.6,10.6,0.03,2011
302,Brian Cardinal,DAL,34,56,37,19,11.0,106.4,0.9,8.5,12.7,0.4,29.3,0.1,14.0,3.4,2.6,3.1,9.6,0.029,2011
303,Robin Lopez,PHX,23,67,33,34,14.8,108.7,2.0,13.4,20.8,0.3,14.0,0.7,48.4,5.6,4.1,5.0,13.6,0.029,2011
304,Ed Davis,TOR,22,65,16,49,24.6,111.2,4.5,19.0,31.0,0.6,16.7,1.0,41.9,9.3,7.7,8.7,23.4,0.027,2011
305,Hakim Warrick,PHX,28,80,39,41,17.7,110.0,2.6,15.3,24.9,0.4,15.2,0.1,6.8,7.0,5.3,5.8,17.7,0.027,2011
306,Ish Smith,MEM,22,43,21,22,10.3,107.0,0.9,9.0,13.9,0.4,25.7,0.0,5.1,3.6,2.9,3.3,9.7,0.026,2011
307,Christian Eyenga,CLE,22,44,10,34,21.5,111.0,2.2,10.5,17.1,0.8,22.8,0.6,25.2,7.7,6.3,6.1,20.8,0.025,2011
308,Manny Harris,CLE,21,54,7,47,17.3,110.1,1.9,11.7,19.4,0.6,20.9,0.1,7.4,6.0,5.3,5.0,15.5,0.025,2011
309,Andris Biedrins,GSW,25,59,26,33,23.7,111.4,4.8,21.9,33.9,0.9,17.9,0.9,47.3,9.8,6.5,10.9,23.1,0.025,2011
310,Will Bynum,DET,28,61,23,38,18.4,111.0,1.0,6.0,9.8,0.9,28.3,0.1,4.3,6.4,5.4,6.1,17.0,0.022,2011
311,Chris Wilcox,DET,28,57,22,35,17.5,110.8,3.1,20.9,31.8,0.5,18.2,0.3,21.0,5.9,4.6,5.6,16.2,0.022,2011
312,Andrea Bargnani,TOR,25,66,19,47,35.7,112.9,4.1,12.4,19.6,0.5,10.6,0.7,22.9,12.7,10.0,12.8,37.0,0.021,2011
313,Jordan Hill,HOU,23,72,38,34,15.6,110.4,2.5,16.3,25.3,0.2,9.3,0.7,50.5,5.6,4.8,5.1,15.0,0.021,2011
314,Kosta Koufos,DEN,22,50,17,33,8.7,107.5,1.5,16.5,24.3,0.2,15.6,0.5,52.1,4.1,2.8,2.9,7.6,0.021,2011
315,Gordon Hayward,UTA,21,72,33,39,16.9,111.1,1.4,8.9,13.9,0.4,17.3,0.3,13.4,5.9,4.5,4.8,15.3,0.02,2011
316,Kevin Seraphin,WAS,21,58,15,43,10.9,109.2,1.2,12.0,19.1,0.3,15.7,0.5,39.4,4.7,3.0,4.1,8.4,0.019,2011
317,Martell Webster,MIN,24,46,7,39,23.8,112.2,2.4,10.8,17.1,0.6,17.7,0.2,12.0,9.5,7.2,7.5,20.4,0.019,2011
318,Gary Forbes,DEN,26,63,39,24,12.6,110.0,1.4,11.1,16.9,0.4,20.7,0.1,9.7,4.4,3.8,3.8,11.8,0.019,2011
319,Jason Maxiell,DET,28,57,17,40,16.3,111.3,1.9,12.6,20.5,0.4,19.0,0.4,25.9,6.3,5.4,5.8,15.6,0.018,2011
320,Stephen Graham,NJN,29,59,19,40,16.2,111.5,1.8,11.7,18.4,0.2,13.1,0.0,1.2,6.0,4.9,4.4,14.8,0.017,2011
321,Ramon Sessions,CLE,25,81,19,62,26.3,112.8,2.6,10.0,15.7,0.7,21.4,0.1,4.2,8.8,7.5,7.6,24.9,0.017,2011
322,Josh Childress,PHX,28,54,23,31,16.6,111.9,1.6,10.2,17.7,0.6,22.6,0.4,29.1,6.7,5.5,5.0,15.8,0.015,2011
323,Antawn Jamison,CLE,35,56,9,47,32.9,113.4,5.2,16.4,25.8,0.9,18.8,0.5,18.4,10.2,9.3,9.3,29.4,0.014,2011
324,Lazar Hayward,MIN,24,42,10,32,10.0,111.2,1.1,11.8,19.9,0.3,15.8,0.2,20.0,4.5,3.4,3.7,9.0,0.012,2011
325,Sonny Weems,TOR,24,59,17,42,24.0,113.4,1.9,8.7,13.6,0.6,16.3,0.0,1.7,8.9,6.4,9.2,25.4,0.01,2011
326,Hasheem Thabeet,HOU,24,47,23,24,7.9,110.9,1.1,15.1,27.6,0.2,12.5,0.3,55.2,2.6,2.7,2.5,6.3,0.01,2011
327,Aaron Brooks,PHX,26,59,26,33,21.8,113.4,1.0,4.6,7.4,0.6,20.7,0.1,2.7,7.6,6.6,7.7,20.8,0.009,2011
