,Player,TEAM,AGE,GP,W,L,MIN,DEF RTG,DREB,DREB%,%DREB,STL,STL%,BLK,%BLK,OPP PTSOFF TOV,OPP PTS2ND CHANCE,OPP PTSFB,OPP PTSPAINT,DEFWS,Year
0,LeBron James,CLE,24,81,66,15,37.7,99.4,6.3,16.8,25.3,1.7,27.4,1.1,26.4,10.4,9.2,9.3,29.0,0.186,2009
1,Delonte West,CLE,25,64,52,12,33.6,97.9,2.7,8.0,12.0,1.5,25.8,0.2,4.9,9.7,8.2,8.1,25.7,0.181,2009
2,Hedo Turkoglu,ORL,30,77,56,21,36.6,99.5,4.7,12.5,18.9,0.8,15.8,0.2,5.9,11.0,9.8,8.2,26.8,0.179,2009
3,Kevin Garnett,BOS,33,57,44,13,31.1,97.3,7.1,22.8,33.3,1.1,20.2,1.2,35.2,11.1,7.1,6.4,22.4,0.174,2009
4,Rashard Lewis,ORL,29,79,58,21,36.2,100.2,4.6,12.3,18.3,1.0,18.5,0.6,15.9,11.5,9.5,8.4,26.9,0.171,2009
5,Ray Allen,BOS,33,79,59,20,36.4,100.5,2.7,7.5,11.1,0.9,15.6,0.2,4.4,13.4,8.2,8.2,27.6,0.166,2009
6,Dwight Howard,ORL,23,79,57,22,35.7,100.3,9.6,26.2,38.8,1.0,18.8,2.9,70.9,11.5,9.2,7.8,26.2,0.165,2009
7,Paul Pierce,BOS,31,81,61,20,37.5,101.1,5.0,13.7,20.1,1.0,17.7,0.3,9.1,13.1,7.9,8.3,28.5,0.165,2009
8,Mo Williams,CLE,26,81,66,15,35.0,100.3,2.9,8.5,12.6,0.9,16.5,0.1,2.8,9.8,8.7,9.1,27.0,0.161,2009
9,Jameer Nelson,ORL,27,42,32,10,31.2,98.8,3.0,9.1,13.5,1.2,25.1,0.1,1.9,9.6,8.6,6.2,22.2,0.161,2009
10,Metta World Peace,HOU,29,69,47,22,35.5,100.8,4.3,12.0,17.7,1.5,29.8,0.3,11.0,11.1,8.6,8.4,27.2,0.159,2009
11,Yao Ming,HOU,28,77,50,27,33.6,100.1,7.2,21.0,30.8,0.4,8.6,1.9,59.3,10.7,8.0,7.8,24.8,0.157,2009
12,Gerald Wallace,CHA,26,71,32,39,37.6,102.5,6.2,17.6,27.0,1.7,28.9,0.9,25.2,12.4,10.1,7.8,28.8,0.151,2009
13,Lamar Odom,LAL,29,78,61,17,29.7,99.1,5.9,19.4,29.9,1.0,17.5,1.3,40.8,8.1,7.8,6.0,23.4,0.15,2009
14,Rajon Rondo,BOS,23,80,62,18,33.0,101.1,4.0,12.3,18.2,1.9,36.4,0.1,3.9,11.5,7.2,7.3,25.5,0.147,2009
15,Shane Battier,HOU,30,60,40,20,33.9,101.4,3.9,11.1,16.4,0.8,18.7,0.9,25.4,10.7,8.5,7.3,25.2,0.146,2009
16,Ben Wallace,CLE,34,56,45,11,23.5,95.7,4.0,17.8,26.3,0.9,20.9,1.3,43.1,6.5,5.9,5.9,17.4,0.143,2009
17,Zydrunas Ilgauskas,CLE,34,65,55,10,27.2,98.2,5.1,19.0,27.7,0.4,10.2,1.3,40.8,7.6,6.2,6.9,20.1,0.143,2009
18,Raymond Felton,CHA,25,82,35,47,37.6,103.3,3.1,9.0,13.8,1.5,27.9,0.4,9.3,12.6,10.2,8.0,29.5,0.141,2009
19,Andre Iguodala,PHI,25,82,41,41,39.9,104.2,4.6,12.3,19.2,1.6,24.2,0.4,10.3,13.0,10.7,8.6,31.9,0.137,2009
20,Thaddeus Young,PHI,21,75,39,36,34.4,102.6,3.2,9.8,15.3,1.3,22.0,0.3,8.4,11.0,9.1,7.3,28.1,0.137,2009
21,Allen Iverson,DET,34,57,25,32,36.7,103.6,2.5,7.2,10.9,1.5,32.2,0.1,3.0,10.2,9.7,7.5,28.8,0.136,2009
22,Pau Gasol,LAL,28,81,64,17,37.0,103.7,6.4,17.2,26.7,0.6,10.1,1.0,27.0,11.2,10.2,9.0,32.8,0.134,2009
23,Kobe Bryant,LAL,30,82,65,17,36.1,103.4,4.1,11.2,17.2,1.5,24.0,0.5,11.7,10.5,9.6,8.2,31.1,0.133,2009
24,Anderson Varejao,CLE,26,81,65,16,28.5,100.4,5.1,18.5,28.1,0.9,20.9,0.8,27.6,8.1,6.7,7.4,23.2,0.132,2009
25,Chris Paul,NOH,24,78,47,31,38.5,104.6,4.7,12.8,19.0,2.8,47.3,0.1,3.9,10.4,9.4,8.4,28.4,0.13,2009
26,Rafer Alston,ORL,32,77,48,29,31.8,102.3,2.5,7.8,11.6,1.4,30.0,0.1,4.3,10.0,7.9,8.5,25.8,0.128,2009
27,Luis Scola,HOU,29,82,53,29,30.3,102.0,6.3,20.9,31.0,0.8,19.7,0.1,4.8,9.9,7.8,7.5,25.2,0.127,2009
28,Emeka Okafor,CHA,26,82,35,47,32.8,103.0,6.7,21.9,33.7,0.6,12.3,1.7,48.7,10.7,8.9,7.1,26.0,0.126,2009
29,Boris Diaw,CHA,27,81,41,40,34.0,103.6,3.9,12.0,18.6,0.8,15.7,0.7,17.0,11.9,9.2,7.5,27.7,0.125,2009
30,Tim Duncan,SAS,33,75,49,26,33.7,103.6,8.0,24.9,35.4,0.5,13.8,1.7,58.9,9.3,7.5,7.9,25.9,0.123,2009
31,Roger Mason Jr.,SAS,28,82,54,28,30.4,102.4,2.9,9.9,14.3,0.5,13.5,0.1,5.8,8.8,7.1,7.7,24.0,0.123,2009
32,LaMarcus Aldridge,POR,23,81,54,27,37.1,104.7,4.6,13.9,20.8,1.0,18.5,1.0,25.2,10.0,9.1,8.0,29.2,0.122,2009
33,Dwyane Wade,MIA,27,79,42,37,38.6,105.4,3.9,10.7,16.6,2.2,31.2,1.3,29.7,11.8,10.4,9.5,31.5,0.121,2009
34,Andrei Kirilenko,UTA,28,67,42,25,27.3,101.2,3.5,13.5,21.3,1.2,22.9,1.1,39.5,9.2,7.8,6.6,22.9,0.121,2009
35,Kendrick Perkins,BOS,24,76,57,19,29.6,102.1,5.5,18.6,27.6,0.3,6.7,2.0,56.8,10.8,6.5,7.0,23.3,0.121,2009
36,Tony Parker,SAS,27,72,47,25,34.1,104.1,2.7,8.5,11.9,0.9,23.8,0.1,2.2,8.5,7.5,8.4,26.9,0.119,2009
37,Andrew Bynum,LAL,21,50,40,10,28.9,102.0,5.2,17.8,27.0,0.4,7.6,1.8,53.3,9.5,7.6,6.7,25.0,0.119,2009
38,Andre Miller,PHI,33,82,41,41,36.3,104.8,3.0,8.8,13.5,1.3,23.1,0.2,4.5,11.9,9.7,7.8,29.1,0.118,2009
39,David West,NOH,28,76,45,31,39.2,105.7,6.4,17.5,25.7,0.6,11.1,0.9,26.9,10.8,8.7,9.1,28.8,0.118,2009
40,Raja Bell,CHA,32,67,36,31,34.6,104.7,3.0,9.0,13.7,0.7,15.4,0.1,3.3,12.5,9.3,7.7,26.5,0.117,2009
41,Jason Kidd,DAL,36,81,50,31,35.6,105.0,5.1,14.6,21.4,2.0,34.3,0.5,12.9,10.5,9.3,9.8,28.0,0.116,2009
42,Joel Przybilla,POR,29,82,54,28,23.8,99.9,6.3,28.5,42.4,0.4,12.9,1.2,49.7,6.9,5.5,5.2,18.2,0.114,2009
43,Derek Fisher,LAL,34,82,65,17,29.8,102.9,2.0,6.6,10.0,1.2,23.8,0.1,2.3,8.3,7.8,6.7,25.0,0.114,2009
44,Brandon Roy,POR,24,78,52,26,37.2,105.5,3.4,10.3,15.0,1.1,22.4,0.3,7.0,10.3,9.4,7.7,29.9,0.114,2009
45,Tony Allen,BOS,27,46,37,9,19.3,96.9,1.8,9.4,14.4,1.2,31.6,0.5,25.3,6.8,4.9,3.6,13.0,0.113,2009
46,Mickael Pietrus,ORL,27,54,38,16,24.6,100.5,2.4,10.1,14.6,0.6,15.3,0.4,15.6,7.8,5.8,5.7,18.9,0.113,2009
47,Paul Millsap,UTA,24,76,44,32,30.1,103.2,5.3,18.6,28.5,1.0,18.7,1.0,32.3,10.4,8.1,7.8,26.5,0.113,2009
48,Kirk Hinrich,CHI,28,51,28,23,26.2,101.7,2.1,7.9,12.1,1.3,31.1,0.4,15.1,8.6,7.7,5.7,20.2,0.113,2009
49,Tyson Chandler,NOH,26,45,30,15,32.1,104.0,5.1,16.5,24.0,0.3,7.6,1.2,40.9,8.7,7.3,7.6,22.0,0.112,2009
50,Carmelo Anthony,DEN,25,66,45,21,34.5,105.0,5.2,14.9,23.7,1.1,17.8,0.4,8.6,10.7,9.5,8.0,28.1,0.111,2009
51,Nene,DEN,26,77,51,26,32.6,104.3,5.4,17.0,25.8,1.2,20.2,1.3,36.3,11.1,8.5,7.2,26.0,0.111,2009
52,Josh Howard,DAL,29,52,33,19,32.0,104.5,3.9,12.3,18.3,1.1,22.9,0.6,15.7,9.6,8.5,8.6,25.2,0.109,2009
53,Kenyon Martin,DEN,31,66,42,24,32.0,104.3,4.8,15.1,23.7,1.5,24.1,1.1,30.1,10.3,8.7,7.0,25.6,0.108,2009
54,Udonis Haslem,MIA,29,75,40,35,34.1,105.3,6.0,19.1,28.9,0.6,9.3,0.3,8.7,10.5,8.7,8.3,28.1,0.108,2009
55,Courtney Lee,ORL,23,77,56,21,25.2,101.6,2.1,8.0,11.9,1.0,25.0,0.2,6.4,8.1,6.9,6.0,19.4,0.108,2009
56,JR Smith,DEN,23,81,53,28,27.7,103.0,3.1,11.0,17.9,1.0,19.3,0.2,4.5,9.9,8.4,6.8,21.5,0.107,2009
57,Rasheed Wallace,DET,34,66,32,34,32.2,104.8,6.6,21.4,32.3,0.9,22.9,1.3,44.3,8.1,7.8,6.1,23.7,0.106,2009
58,Richard Hamilton,DET,31,67,32,35,34.0,105.4,2.4,7.6,11.4,0.6,14.0,0.1,2.0,9.3,8.7,7.4,26.7,0.106,2009
59,Luol Deng,CHI,24,49,23,26,34.0,105.5,4.4,12.9,20.3,1.2,23.0,0.5,12.6,12.3,10.7,8.0,29.7,0.105,2009
60,Dirk Nowitzki,DAL,31,81,49,32,37.7,106.5,7.3,20.1,29.8,0.8,13.2,0.8,19.7,11.1,9.9,10.3,30.5,0.105,2009
61,Matt Bonner,SAS,29,81,54,27,23.8,101.2,3.6,15.6,22.4,0.6,21.3,0.3,16.1,6.0,5.3,5.7,18.2,0.104,2009
62,Luc Mbah a Moute,MIL,22,82,34,48,25.8,102.5,3.6,15.4,23.8,1.1,24.9,0.5,28.3,8.9,6.4,5.8,18.4,0.103,2009
63,Shawn Marion,TOR,31,69,34,35,35.8,106.2,5.9,17.4,26.4,1.3,21.3,1.0,23.3,11.2,9.4,9.5,32.5,0.103,2009
64,Daniel Gibson,CLE,23,75,60,15,23.9,101.6,1.7,6.9,10.8,0.6,18.7,0.2,8.7,7.9,6.1,6.3,18.0,0.103,2009
65,Joe Johnson,ATL,28,79,45,34,39.5,107.0,3.6,9.5,14.7,1.1,17.6,0.2,6.6,11.5,10.6,10.6,33.6,0.102,2009
66,Richard Jefferson,MIL,29,82,34,48,35.8,106.2,3.9,11.7,17.7,0.8,14.6,0.2,6.3,12.4,9.9,8.9,27.7,0.102,2009
67,Mario Chalmers,MIA,23,82,43,39,32.0,105.2,2.3,8.0,12.1,2.0,34.2,0.1,2.8,10.2,7.8,7.9,25.7,0.102,2009
68,Trevor Ariza,LAL,24,82,65,17,24.4,102.1,2.9,12.1,19.1,1.7,33.3,0.3,11.3,7.7,6.8,6.1,21.3,0.101,2009
69,Manu Ginobili,SAS,31,44,32,12,26.8,103.7,4.0,15.6,22.6,1.5,40.0,0.4,14.8,8.1,6.0,7.1,22.0,0.101,2009
70,Josh Smith,ATL,23,69,41,28,35.1,106.1,5.3,15.5,24.4,1.4,24.7,1.6,48.7,9.8,9.9,9.5,29.8,0.101,2009
71,Steve Blake,POR,29,69,46,23,31.7,105.2,2.1,7.5,11.2,1.0,22.8,0.1,1.7,8.6,7.9,6.2,25.2,0.099,2009
72,Marquis Daniels,IND,28,54,22,32,31.5,105.4,3.1,9.9,14.7,1.1,23.7,0.5,14.1,11.5,8.0,7.8,24.7,0.099,2009
73,Chauncey Billups,DEN,32,79,54,25,35.3,106.3,2.6,7.6,12.0,1.2,18.4,0.2,5.5,11.0,9.8,7.7,28.6,0.099,2009
74,James Posey,NOH,32,75,45,30,28.5,104.3,4.3,16.5,25.4,0.8,17.7,0.3,11.7,8.9,6.7,6.5,20.2,0.098,2009
75,Tayshaun Prince,DET,29,82,39,43,37.3,107.1,4.2,12.3,18.7,0.5,11.5,0.6,18.4,10.2,9.1,7.8,29.8,0.096,2009
76,Kyle Korver,UTA,28,78,46,32,24.0,102.5,2.9,12.3,19.2,0.6,15.2,0.4,15.4,8.4,6.9,5.7,19.3,0.096,2009
77,Samuel Dalembert,PHI,29,82,41,41,24.8,102.8,5.9,26.0,39.0,0.4,10.0,1.8,62.7,8.3,6.1,5.4,20.3,0.096,2009
78,Marcus Camby,LAC,35,62,16,46,31.1,105.4,8.5,27.7,43.6,0.8,18.0,2.1,47.1,10.1,8.3,7.8,25.0,0.096,2009
79,Marvin Williams,ATL,23,61,33,28,34.3,106.6,4.5,13.6,21.3,0.9,18.0,0.6,18.1,9.7,9.4,9.0,30.1,0.095,2009
80,Rudy Fernandez,POR,24,78,52,26,25.6,103.6,2.1,8.7,13.4,0.9,25.6,0.2,6.1,7.5,6.3,5.2,20.2,0.094,2009
81,Kurt Thomas,SAS,36,79,52,27,17.8,98.6,3.4,20.1,28.7,0.4,18.9,0.7,46.4,4.5,3.6,4.3,12.6,0.093,2009
82,Amar'e Stoudemire,PHX,26,53,30,23,36.8,107.2,5.9,15.8,24.0,0.9,19.6,1.1,30.6,14.4,11.0,9.8,28.1,0.093,2009
83,Bruce Bowen,SAS,38,80,54,26,18.8,99.9,1.6,8.9,12.8,0.5,19.1,0.2,10.2,5.6,4.1,4.5,13.5,0.092,2009
84,Luke Ridnour,MIL,28,72,29,43,28.2,104.8,2.6,10.2,15.3,1.3,27.8,0.2,10.3,9.4,7.0,6.8,20.6,0.092,2009
85,Leon Powe,BOS,25,70,52,18,17.5,98.4,2.9,17.5,25.9,0.3,12.2,0.5,37.3,6.2,3.8,3.6,12.1,0.091,2009
86,Al Horford,ATL,23,67,41,26,33.5,106.5,7.1,22.3,34.5,0.8,16.7,1.4,41.9,9.3,9.2,8.2,28.3,0.091,2009
87,Rodney Stuckey,DET,23,79,36,43,31.9,106.1,2.6,8.7,13.3,1.0,25.7,0.1,4.7,8.7,7.8,6.8,24.1,0.091,2009
88,Flip Murray,ATL,29,80,46,34,24.7,103.6,1.8,7.5,12.3,1.1,26.4,0.2,9.2,7.2,6.9,5.8,19.8,0.091,2009
89,Peja Stojakovic,NOH,32,61,35,26,34.2,107.0,3.6,11.5,17.1,0.9,16.6,0.0,1.7,9.4,8.4,8.5,27.3,0.09,2009
90,Jeff Foster,IND,32,74,31,43,24.7,103.6,4.0,16.0,23.4,0.7,20.2,0.7,28.2,8.7,5.9,5.9,17.7,0.09,2009
91,Ime Udoka,SAS,31,67,42,25,15.5,97.0,2.4,15.7,23.8,0.5,24.0,0.2,15.0,4.2,3.8,4.0,11.6,0.09,2009
92,Rasual Butler,NOH,30,82,49,33,31.9,106.4,2.7,9.0,13.6,0.6,13.3,0.7,26.1,8.9,8.3,7.7,24.5,0.09,2009
93,Anthony Carter,DEN,34,78,53,25,22.9,103.0,2.1,8.8,14.1,1.2,29.5,0.2,5.4,9.4,7.2,5.6,18.4,0.089,2009
94,Travis Outlaw,POR,24,81,54,27,27.7,105.2,3.2,12.5,19.6,0.6,15.9,0.7,24.9,8.6,7.4,6.1,21.7,0.089,2009
95,Michael Finley,SAS,36,81,54,27,28.8,105.4,3.0,11.2,15.6,0.5,15.0,0.2,9.4,7.3,6.1,7.4,22.7,0.089,2009
96,D.J. Augustin,CHA,21,72,30,42,26.5,104.6,1.6,6.5,10.4,0.6,15.7,0.0,1.1,9.2,7.5,6.0,20.2,0.089,2009
97,Aaron Brooks,HOU,24,80,52,28,25.0,103.8,1.6,6.3,9.5,0.6,18.2,0.1,4.7,7.6,5.9,5.4,18.6,0.088,2009
98,Jason Terry,DAL,31,74,45,29,33.7,107.0,1.9,5.6,8.6,1.3,25.9,0.3,7.5,9.9,9.3,8.8,27.7,0.088,2009
99,Russell Westbrook,OKC,20,82,23,59,32.5,106.7,2.7,8.5,13.1,1.3,25.6,0.2,6.6,12.7,9.2,9.6,31.5,0.088,2009
100,Anthony Johnson,ORL,34,80,58,22,18.5,99.9,1.5,7.9,11.7,0.6,24.1,0.1,3.4,5.8,4.8,4.5,14.4,0.088,2009
101,Ben Gordon,CHI,26,82,41,41,36.6,107.7,2.8,7.8,12.4,0.9,16.2,0.3,6.4,12.8,11.8,9.8,33.5,0.088,2009
102,Mehmet Okur,UTA,30,72,44,28,33.5,107.2,6.0,19.0,29.2,0.8,13.1,0.7,25.1,11.3,9.4,9.7,31.8,0.086,2009
103,Brevin Knight,UTA,33,74,43,31,12.7,93.8,1.0,8.3,13.0,0.9,33.5,0.1,4.7,4.7,3.4,2.9,9.5,0.086,2009
104,Wally Szczerbiak,CLE,32,74,60,14,20.6,102.1,2.6,12.4,19.5,0.4,14.3,0.1,6.5,6.9,5.3,5.6,16.4,0.086,2009
105,Jarvis Hayes,NJN,27,74,32,42,24.8,104.3,3.2,13.5,21.4,0.7,19.5,0.1,4.0,8.5,6.6,6.1,18.8,0.085,2009
106,Drew Gooden,SAS,27,51,26,25,24.8,104.9,4.9,20.1,30.8,0.6,17.2,0.4,16.1,8.7,7.3,7.1,22.8,0.084,2009
107,Jarrett Jack,IND,25,82,36,46,33.1,107.4,2.8,8.4,12.6,1.1,22.4,0.2,5.5,11.5,8.5,8.8,26.7,0.083,2009
108,Mike Bibby,ATL,31,79,47,32,34.7,107.7,3.0,9.2,14.4,1.2,23.6,0.1,4.4,10.1,9.5,9.8,30.1,0.083,2009
109,Chris Bosh,TOR,25,77,31,46,38.0,108.4,7.2,19.6,30.3,0.9,16.7,1.0,26.6,11.9,10.7,8.6,32.6,0.083,2009
110,Danny Granger,IND,26,67,27,40,36.2,108.1,4.4,12.0,17.7,1.0,20.7,1.4,36.7,12.1,9.1,9.5,28.6,0.083,2009
111,George Hill,SAS,23,77,52,25,16.5,99.5,1.7,10.5,15.5,0.6,26.9,0.3,16.8,4.7,3.6,4.2,12.2,0.082,2009
112,Quinton Ross,MEM,28,68,20,48,17.1,100.2,1.4,8.6,13.6,0.5,18.2,0.2,13.1,5.7,4.5,3.7,13.4,0.082,2009
113,Anthony Parker,TOR,34,80,31,49,33.0,107.4,3.4,10.7,16.4,1.3,27.2,0.2,5.7,10.1,8.6,7.8,28.3,0.082,2009
114,Zach Randolph,LAC,27,50,19,31,35.1,108.0,6.9,20.9,31.7,0.9,17.3,0.3,10.7,11.3,9.6,9.1,32.7,0.082,2009
115,Ronnie Brewer,UTA,24,81,48,33,32.2,107.3,2.5,8.2,12.8,1.7,28.1,0.4,13.6,11.4,9.0,9.8,30.8,0.081,2009
116,Deron Williams,UTA,25,68,39,29,36.8,108.4,2.5,7.2,11.2,1.1,17.8,0.3,8.4,12.3,10.3,11.0,35.6,0.081,2009
117,Tony Battie,ORL,33,77,55,22,15.6,98.5,2.4,15.0,22.4,0.3,16.9,0.3,20.7,4.4,4.1,3.7,11.3,0.081,2009
118,Glen Davis,BOS,23,76,59,17,21.5,103.1,2.4,12.0,18.3,0.7,22.0,0.3,17.1,7.9,5.0,4.6,16.2,0.081,2009
119,Jordan Farmar,LAL,22,65,52,13,18.3,101.5,1.5,7.8,12.7,0.9,22.0,0.2,7.7,7.2,5.8,5.1,16.6,0.081,2009
120,Luke Walton,LAL,29,65,54,11,17.9,100.8,1.9,10.4,15.7,0.5,16.8,0.2,8.5,5.5,4.9,3.9,15.0,0.081,2009
121,Von Wafer,HOU,23,63,41,22,19.4,102.3,1.5,7.6,11.5,0.6,21.6,0.1,7.3,6.5,4.9,4.9,16.3,0.08,2009
122,Zaza Pachulia,ATL,25,77,45,32,19.1,101.7,3.4,18.5,29.3,0.5,16.1,0.3,18.7,5.8,5.1,4.7,15.7,0.08,2009
123,Jamario Moon,MIA,29,80,33,47,25.9,105.6,3.8,15.2,23.7,1.1,30.5,0.8,24.9,7.8,7.0,5.8,21.5,0.08,2009
124,Carl Landry,HOU,25,69,44,25,21.3,103.4,3.2,15.5,23.2,0.4,13.6,0.4,27.0,7.1,5.1,4.8,17.1,0.079,2009
125,Amir Johnson,DET,22,62,27,35,14.7,98.2,2.1,15.0,22.6,0.3,15.4,1.0,52.2,3.6,3.5,2.4,9.7,0.079,2009
126,Eddie House,BOS,31,81,61,20,18.3,101.5,1.8,10.1,15.9,0.8,25.6,0.1,5.9,6.6,4.6,3.6,13.0,0.078,2009
127,Derrick Rose,CHI,20,81,40,41,37.0,108.6,2.7,7.6,11.9,0.8,14.5,0.2,5.1,13.2,12.2,10.2,34.8,0.078,2009
128,Charlie Bell,MIL,30,70,29,41,25.5,105.6,1.5,6.3,9.8,0.7,19.4,0.1,5.2,9.1,7.0,6.4,19.3,0.078,2009
129,Al Harrington,NYK,29,73,27,46,34.9,108.2,4.9,14.5,21.8,1.2,22.1,0.3,15.6,12.3,9.5,10.0,32.7,0.078,2009
130,Ramon Sessions,MIL,23,79,32,47,27.5,106.4,2.6,10.2,15.7,1.1,25.9,0.1,4.1,9.9,7.6,7.0,21.5,0.078,2009
131,T.J. Ford,IND,26,74,34,40,30.5,107.2,2.7,8.9,13.3,1.2,28.5,0.2,7.0,10.8,8.1,7.9,23.4,0.078,2009
132,Jeff Green,OKC,22,78,20,58,36.8,108.7,5.1,14.6,22.2,1.0,18.7,0.4,12.5,14.4,10.0,10.4,35.3,0.077,2009
133,Marko Jaric,MEM,30,53,14,39,11.4,93.7,0.8,7.2,11.4,0.5,29.6,0.2,14.1,3.3,2.7,2.3,8.1,0.077,2009
134,Willie Green,PHI,27,81,41,40,22.6,104.5,1.2,5.6,9.0,0.7,17.5,0.2,6.7,7.7,5.9,5.3,18.4,0.076,2009
135,JJ Redick,ORL,25,64,48,16,17.4,101.3,1.6,8.8,13.1,0.3,14.9,0.0,0.9,5.9,4.3,4.1,13.2,0.076,2009
136,Nick Collison,OKC,28,71,18,53,25.8,105.9,4.3,17.6,26.2,0.7,17.5,0.7,30.9,10.1,6.4,7.2,23.2,0.076,2009
137,Keith Bogans,MIL,29,65,37,28,19.6,103.0,2.6,13.5,20.6,0.7,23.6,0.1,3.5,6.1,5.0,5.3,14.4,0.076,2009
138,Chris Andersen,DEN,30,71,45,26,20.6,103.7,3.9,17.6,30.1,0.6,17.7,2.5,72.9,7.8,7.3,5.4,16.8,0.076,2009
139,Michael Beasley,MIA,20,81,43,38,24.8,105.5,4.1,17.4,27.6,0.5,12.4,0.5,18.0,7.5,7.1,5.5,19.7,0.076,2009
140,Joe Smith,CLE,33,57,25,32,19.3,103.1,3.1,15.9,24.2,0.3,13.0,0.7,38.1,5.6,5.4,4.5,16.1,0.076,2009
141,Nate Robinson,NYK,25,74,28,46,29.8,107.3,2.6,8.7,13.6,1.3,27.3,0.1,4.9,9.6,8.6,7.0,27.1,0.076,2009
142,Thabo Sefolosha,OKC,25,66,26,40,22.0,104.4,2.8,13.4,21.6,1.1,28.5,0.7,29.2,8.0,6.5,5.8,18.4,0.075,2009
143,Tim Thomas,CHI,32,64,26,38,19.5,103.3,2.5,12.6,19.3,0.5,17.6,0.2,12.9,6.4,5.2,4.9,17.0,0.075,2009
144,Linas Kleiza,DEN,24,82,54,28,22.2,104.8,2.9,12.1,19.8,0.4,10.7,0.2,6.0,8.7,7.4,5.7,18.5,0.074,2009
145,Kevin Durant,OKC,20,74,18,56,39.0,109.3,5.5,14.9,22.4,1.3,22.6,0.7,19.9,16.0,10.3,11.2,36.6,0.074,2009
146,Joakim Noah,CHI,24,80,39,41,24.2,105.6,4.5,19.3,30.0,0.6,16.1,1.4,44.5,8.1,7.6,6.2,21.6,0.074,2009
147,Kyle Lowry,HOU,23,77,32,45,21.8,104.7,2.1,10.4,16.3,0.9,24.6,0.2,9.4,7.4,5.3,5.3,18.1,0.074,2009
148,Hakim Warrick,MEM,26,82,24,58,24.7,105.9,3.4,14.8,22.9,0.6,15.9,0.5,20.6,8.4,6.5,6.7,20.8,0.073,2009
149,Sasha Vujacic,LAL,25,80,64,16,16.2,101.1,1.5,9.0,14.5,1.0,28.1,0.1,5.3,5.7,4.9,4.2,14.1,0.073,2009
150,Al Jefferson,MIN,24,50,17,33,36.7,109.0,7.5,21.9,33.7,0.8,15.9,1.7,49.7,11.5,9.6,9.0,31.2,0.073,2009
151,Nenad Krstic,OKC,25,46,17,29,24.8,105.9,3.7,15.2,23.0,0.5,11.8,1.1,41.9,9.7,6.8,7.4,22.9,0.073,2009
152,Kyle Weaver,OKC,23,56,17,39,20.8,104.3,1.8,8.7,13.1,0.8,25.1,0.4,22.9,8.7,5.5,6.4,19.0,0.073,2009
153,Tyrus Thomas,CHI,22,79,39,40,27.5,107.0,4.6,16.9,27.0,1.2,25.5,1.9,52.2,9.7,9.1,7.5,24.9,0.072,2009
154,Troy Murphy,IND,29,73,31,42,34.0,108.7,9.8,29.4,44.1,0.8,16.3,0.5,13.6,12.0,8.9,9.0,28.3,0.071,2009
155,Baron Davis,LAC,30,65,17,48,34.6,108.9,3.0,9.0,14.4,1.7,31.2,0.5,12.7,11.8,10.0,8.7,31.6,0.071,2009
156,Mike Conley,MEM,21,82,24,58,30.6,108.1,3.1,10.8,16.4,1.1,24.5,0.1,3.4,10.2,8.5,8.1,27.1,0.069,2009
157,Jermaine O'Neal,MIA,30,68,28,40,29.8,108.1,4.5,16.1,24.6,0.4,10.9,2.0,57.9,8.9,8.1,6.6,22.3,0.067,2009
158,Chris Duhon,NYK,26,79,31,48,36.8,109.6,2.5,7.0,10.8,0.9,16.4,0.1,4.7,12.9,10.5,10.4,36.8,0.067,2009
159,Daequan Cook,MIA,22,75,41,34,24.4,106.6,2.3,9.8,15.6,0.5,14.2,0.1,4.7,7.0,6.9,4.7,19.3,0.067,2009
160,Erick Dampier,DAL,33,80,49,31,22.9,106.0,4.4,19.7,28.5,0.3,9.2,1.2,50.0,6.6,5.7,6.9,17.7,0.067,2009
161,Devin Brown,NOH,30,63,38,25,13.8,100.1,1.4,10.8,16.1,0.5,21.3,0.1,6.8,4.3,3.1,3.5,9.7,0.066,2009
162,Charlie Villanueva,MIL,24,78,33,45,26.9,107.7,4.7,19.1,29.1,0.6,15.4,0.7,35.0,9.7,7.5,7.1,21.7,0.066,2009
163,Devin Harris,NJN,26,69,30,39,36.1,109.7,2.9,8.6,13.1,1.7,30.1,0.2,5.4,11.1,9.6,10.4,29.6,0.066,2009
164,Antonio McDyess,DET,34,62,28,34,30.1,108.3,6.8,24.9,37.0,0.7,20.1,0.8,33.3,8.3,6.6,6.9,23.9,0.065,2009
165,Wilson Chandler,NYK,22,82,32,50,33.4,109.2,4.3,13.2,20.1,0.9,17.5,0.9,46.3,11.7,9.3,9.1,32.0,0.065,2009
166,Darko Milicic,MEM,24,61,22,39,17.0,103.2,3.0,18.2,27.6,0.4,13.9,0.8,48.1,6.0,4.8,4.3,14.1,0.065,2009
167,Sasha Pavlovic,CLE,25,66,52,14,16.0,102.6,1.5,9.3,14.3,0.3,14.9,0.2,16.3,5.1,4.0,4.5,12.3,0.065,2009
168,O.J. Mayo,MEM,21,82,24,58,38.1,110.0,3.1,9.0,13.8,1.1,18.6,0.2,4.2,13.0,10.5,10.0,34.8,0.064,2009
169,Julian Wright,NOH,22,54,30,24,14.3,100.8,2.0,13.9,21.4,0.6,28.7,0.4,26.4,4.1,4.1,2.8,10.3,0.064,2009
170,Maurice Evans,ATL,30,80,45,35,23.0,106.6,1.9,8.5,13.8,0.6,18.4,0.1,5.8,6.9,6.7,5.8,20.1,0.064,2009
171,Vladimir Radmanovic,CHA,28,78,53,25,18.5,104.8,2.3,12.5,19.7,0.6,21.9,0.2,10.6,6.3,5.0,4.6,15.5,0.064,2009
172,Kwame Brown,DET,27,58,29,29,17.2,103.3,3.4,21.9,32.8,0.4,20.3,0.4,31.2,4.1,4.2,3.5,13.6,0.063,2009
173,James Singleton,DAL,27,62,39,23,14.3,101.4,2.6,17.0,26.1,0.4,19.0,0.5,29.2,4.5,4.3,3.0,11.4,0.062,2009
174,Nicolas Batum,POR,20,79,52,27,18.4,104.7,1.7,10.7,15.8,0.6,22.8,0.5,26.3,4.9,4.3,3.9,15.0,0.062,2009
175,Rudy Gay,MEM,22,79,22,57,37.3,110.1,4.2,12.6,19.0,1.2,21.3,0.7,21.1,12.5,9.9,10.0,33.2,0.062,2009
176,Earl Watson,OKC,30,68,19,49,26.1,107.8,2.2,8.8,13.1,0.7,19.4,0.2,6.4,10.6,6.8,8.0,23.5,0.062,2009
177,Ryan Anderson,NJN,21,66,28,38,19.9,105.6,3.1,16.7,25.3,0.7,22.7,0.3,15.6,6.6,5.1,5.7,15.7,0.062,2009
178,Jose Calderon,TOR,27,68,28,40,34.3,109.6,2.6,8.0,12.3,1.1,23.6,0.1,3.0,10.6,9.7,8.3,30.2,0.062,2009
179,Chuck Hayes,HOU,26,71,46,25,12.1,99.3,2.5,21.5,31.4,0.5,24.5,0.3,31.7,3.8,2.4,3.2,9.2,0.061,2009
180,J.J. Barea,DAL,25,79,50,29,20.3,105.6,1.8,9.1,13.7,0.5,16.7,0.1,2.8,6.3,5.2,5.5,16.8,0.061,2009
181,Kelenna Azubuike,GSW,25,74,29,45,32.1,109.3,3.5,10.3,17.2,0.8,15.0,0.7,15.0,11.4,11.1,10.6,32.2,0.061,2009
182,Eric Gordon,LAC,20,78,19,59,34.3,109.7,2.0,6.1,9.8,1.0,20.3,0.4,10.8,12.4,10.3,8.6,31.8,0.061,2009
183,Vince Carter,NJN,32,80,34,46,36.8,110.2,4.2,12.1,18.5,1.0,20.1,0.5,12.9,11.1,10.1,10.2,29.7,0.06,2009
184,Brook Lopez,NJN,21,82,34,48,30.5,109.1,5.4,18.9,28.2,0.5,12.5,1.8,59.0,10.1,8.0,8.7,26.0,0.06,2009
185,Renaldo Balkman,DEN,24,53,38,15,14.7,102.3,2.2,14.8,24.7,0.9,28.0,0.4,24.7,5.9,4.8,4.1,11.8,0.06,2009
186,Brent Barry,HOU,37,56,34,22,15.3,102.7,1.4,9.3,13.9,0.4,19.5,0.1,4.5,5.5,3.5,3.7,11.9,0.06,2009
187,David Lee,NYK,26,81,32,49,34.9,110.0,8.6,25.0,37.9,1.0,18.6,0.3,15.6,12.3,10.1,9.7,34.6,0.059,2009
188,Joey Graham,TOR,27,78,31,47,19.8,105.8,2.5,13.2,19.7,0.4,17.8,0.2,9.4,6.8,5.5,4.5,15.1,0.059,2009
189,Brandon Rush,IND,23,75,33,42,24.0,107.5,2.7,10.8,16.9,0.5,14.6,0.5,17.2,8.7,7.0,6.1,19.2,0.059,2009
190,Tyronn Lue,ORL,32,44,21,23,11.8,99.5,0.9,7.7,11.5,0.2,12.3,0.0,0.0,3.3,2.9,2.8,8.5,0.059,2009
191,Hilton Armstrong,NOH,24,70,40,30,15.6,103.3,1.6,11.7,18.0,0.4,13.2,0.6,48.4,5.0,3.9,3.7,12.1,0.059,2009
192,Jared Jeffries,NYK,27,56,22,34,23.4,107.3,1.8,8.2,12.4,0.8,23.6,0.6,46.5,8.7,5.9,6.6,20.4,0.058,2009
193,Lou Williams,PHI,22,81,41,40,23.7,107.6,1.6,7.3,12.1,1.0,26.5,0.2,7.4,8.4,7.1,5.9,20.5,0.058,2009
194,Grant Hill,PHX,36,82,46,36,29.8,109.2,4.2,13.7,21.7,1.1,24.7,0.7,21.3,11.5,10.0,8.0,25.0,0.058,2009
195,Nick Young,WAS,24,82,19,63,22.4,107.1,1.5,6.9,10.9,0.5,13.0,0.2,10.8,8.1,5.6,6.1,17.7,0.058,2009
196,Greg Oden,POR,21,61,40,21,21.5,106.8,4.2,22.5,33.8,0.4,12.6,1.1,46.3,6.3,5.8,4.1,17.0,0.057,2009
197,Marc Gasol,MEM,24,82,24,58,30.7,109.4,4.9,18.4,28.1,0.8,16.2,1.1,38.3,10.3,7.9,8.0,27.6,0.057,2009
198,Marcin Gortat,ORL,25,63,46,17,12.6,100.8,3.0,22.9,34.3,0.3,16.8,0.8,62.4,3.8,3.3,3.0,9.3,0.057,2009
199,Sebastian Telfair,MIN,24,75,23,52,27.9,108.9,1.3,4.8,7.4,1.0,26.9,0.2,7.2,9.8,7.0,7.5,23.5,0.057,2009
200,Matt Harpring,UTA,33,63,36,27,11.0,98.4,1.2,12.1,17.9,0.5,25.0,0.1,16.1,3.3,2.5,2.0,8.0,0.056,2009
201,Andray Blatche,WAS,22,71,17,54,24.0,107.9,3.5,16.0,24.3,0.7,20.0,1.0,43.3,8.0,6.0,6.3,19.4,0.056,2009
202,Dahntay Jones,DEN,28,79,52,27,18.0,105.5,1.4,7.9,12.3,0.6,18.9,0.2,12.4,5.9,5.1,4.5,15.3,0.056,2009
203,Joel Anthony,MIA,26,65,36,29,16.1,104.2,1.7,10.8,17.1,0.3,13.0,1.4,63.3,5.7,4.3,4.1,13.1,0.055,2009
204,Randy Foye,MIN,25,70,19,51,35.6,110.5,2.6,7.8,11.9,1.0,22.5,0.4,12.3,11.8,9.3,9.3,30.1,0.055,2009
205,Brandon Bass,DAL,24,81,49,32,19.4,106.3,2.9,15.5,23.5,0.3,11.7,0.7,30.6,6.3,5.1,5.2,15.7,0.055,2009
206,Sean Marks,NOH,33,60,36,24,14.0,102.9,2.1,15.8,23.8,0.1,6.7,0.6,41.8,4.1,3.3,3.6,11.1,0.055,2009
207,Mardy Collins,LAC,24,48,14,34,18.5,106.0,1.6,8.6,13.6,0.6,23.8,0.2,9.3,6.4,5.6,4.8,18.5,0.055,2009
208,Chris Douglas-Roberts,NJN,22,44,15,29,13.3,102.0,0.8,6.5,10.2,0.3,13.6,0.2,10.0,4.0,3.8,3.2,10.4,0.055,2009
209,Jason Kapono,TOR,28,80,33,47,22.9,107.8,1.7,7.5,11.7,0.3,10.5,0.0,1.9,7.7,6.9,5.5,18.8,0.055,2009
210,Bobby Simmons,NJN,29,71,30,41,24.4,108.3,2.9,12.5,19.3,0.7,21.1,0.1,6.1,7.8,6.6,6.5,18.6,0.055,2009
211,Arron Afflalo,DET,23,74,36,38,16.7,105.3,1.4,8.8,13.6,0.4,18.2,0.2,10.2,4.4,3.5,3.9,12.6,0.054,2009
212,Andres Nocioni,SAC,29,76,27,49,26.2,108.8,4.0,15.6,25.6,0.5,13.5,0.4,15.9,9.3,8.5,7.1,23.9,0.054,2009
213,Greg Buckner,MEM,32,63,20,43,13.9,103.1,1.6,12.2,18.7,0.5,21.8,0.1,10.3,4.3,2.9,3.3,10.3,0.054,2009
214,Fabricio Oberto,SAS,34,54,37,17,12.5,101.9,1.4,11.9,17.5,0.1,9.6,0.2,21.6,3.8,2.7,3.2,9.2,0.054,2009
215,Ryan Gomes,MIN,26,82,24,58,31.9,110.1,3.5,11.8,18.0,0.8,18.5,0.3,10.1,11.0,8.3,8.6,28.3,0.053,2009
216,Andrea Bargnani,TOR,23,78,30,48,31.5,110.0,4.4,14.6,22.3,0.4,11.0,1.2,38.2,10.5,8.9,7.7,27.8,0.053,2009
217,Roko Ukic,TOR,24,72,31,41,12.4,102.1,0.7,5.3,8.0,0.4,26.3,0.0,2.2,4.3,3.4,3.1,10.1,0.053,2009
218,Stephen Graham,IND,27,52,25,27,13.2,102.7,1.4,10.6,16.2,0.2,9.3,0.1,6.1,4.2,3.4,3.3,9.4,0.053,2009
219,Sergio Rodriguez,POR,23,80,52,28,15.3,104.5,1.1,7.8,12.2,0.7,28.7,0.0,1.8,5.0,3.8,3.2,11.7,0.053,2009
220,Rodney Carney,MIN,25,67,19,48,17.9,106.2,1.3,7.8,11.8,0.7,24.9,0.4,31.9,5.8,4.6,4.5,14.3,0.052,2009
221,Mike Miller,MIN,29,73,22,51,32.3,110.3,5.6,18.8,27.7,0.4,11.2,0.4,17.4,11.3,7.8,8.9,27.3,0.052,2009
222,Antoine Wright,DAL,25,65,38,27,23.9,108.4,1.6,7.1,10.8,0.7,20.5,0.4,19.0,6.8,6.4,6.5,19.1,0.052,2009
223,Quentin Richardson,NYK,29,72,29,43,26.3,109.1,3.4,13.0,20.3,0.7,16.7,0.1,8.2,9.3,8.1,6.6,24.1,0.052,2009
224,Acie Law,ATL,24,55,33,22,10.2,99.3,0.9,8.7,14.2,0.2,13.4,0.1,4.8,2.9,3.2,2.2,8.9,0.052,2009
225,Gabe Pruitt,BOS,23,47,33,14,7.8,94.4,0.7,9.2,15.2,0.3,24.2,0.1,9.7,2.8,1.9,1.5,5.6,0.052,2009
226,Darrell Arthur,MEM,21,76,21,55,19.3,107.0,3.1,18.1,28.3,0.7,22.2,0.7,35.4,6.3,5.3,4.6,17.4,0.051,2009
227,Kosta Koufos,UTA,20,48,27,21,11.8,101.4,1.8,15.5,24.8,0.3,12.1,0.6,44.9,4.1,3.6,3.5,9.0,0.05,2009
228,Steve Nash,PHX,35,74,42,32,33.6,110.7,2.8,7.9,12.3,0.7,16.8,0.1,3.8,12.7,11.1,9.2,27.8,0.05,2009
229,Darius Songaila,WAS,31,77,18,59,19.8,107.4,2.0,10.8,16.7,0.8,25.4,0.3,18.3,6.9,5.1,5.7,15.8,0.049,2009
230,Jamaal Magloire,MIA,31,55,28,27,12.9,102.8,2.5,22.6,31.9,0.2,11.6,0.5,42.4,3.5,2.8,3.1,9.7,0.049,2009
231,Leandro Barbosa,PHX,26,70,39,31,24.4,109.0,2.1,8.8,14.1,1.2,29.6,0.1,4.0,9.4,7.7,6.5,20.1,0.049,2009
232,Andris Biedrins,GSW,23,62,20,42,30.0,110.1,7.6,25.2,39.5,1.0,20.7,1.5,44.4,11.5,9.8,10.3,30.0,0.049,2009
233,Ryan Hollins,DAL,24,45,25,20,9.9,99.4,1.1,11.2,17.9,0.2,10.0,0.7,49.2,3.3,2.8,2.6,7.0,0.049,2009
234,Malik Allen,MIL,31,49,18,31,11.8,102.0,1.4,12.3,19.4,0.1,9.2,0.2,27.9,3.0,3.7,3.1,8.0,0.049,2009
235,Larry Hughes,NYK,30,55,22,33,26.9,109.5,2.6,10.0,16.1,1.3,29.9,0.3,11.9,8.4,8.3,7.1,26.3,0.049,2009
236,Chris Quinn,MIA,25,66,33,33,14.6,104.5,1.0,7.4,11.9,0.4,20.9,0.0,1.9,4.0,4.1,2.7,11.2,0.048,2009
237,Kevin Love,MIN,20,81,24,57,25.3,109.4,5.7,23.9,35.5,0.4,13.8,0.6,30.3,9.1,6.3,7.3,21.3,0.048,2009
238,Rasho Nesterovic,IND,33,70,30,40,17.3,106.5,2.1,11.8,17.8,0.4,18.8,0.5,28.6,6.6,4.8,4.5,12.6,0.048,2009
239,Yakhouba Diawara,MIA,26,63,32,31,13.5,103.8,0.9,6.8,10.7,0.2,10.7,0.1,6.1,4.4,3.5,2.8,9.9,0.048,2009
240,Craig Smith,MIN,25,74,22,52,19.7,107.7,2.5,13.5,20.7,0.4,16.1,0.3,15.6,6.6,5.1,5.6,15.9,0.047,2009
241,Rashad McCants,SAC,24,58,10,48,19.0,107.4,1.5,8.6,13.7,0.8,25.7,0.2,14.1,6.5,4.9,5.6,14.9,0.047,2009
242,Aaron Gray,CHI,24,56,26,30,12.8,104.0,2.4,19.2,29.8,0.3,12.4,0.3,21.4,5.2,3.8,3.5,11.1,0.047,2009
243,Keyon Dooling,NJN,29,77,32,45,26.9,109.8,1.7,6.9,10.9,0.9,25.6,0.1,4.1,9.6,7.3,7.1,21.0,0.047,2009
244,Marco Belinelli,GSW,23,42,13,29,21.0,108.5,1.5,6.8,11.0,0.9,21.4,0.0,0.9,8.2,7.3,7.9,21.4,0.046,2009
245,Josh Boone,NJN,24,62,21,41,16.0,106.1,2.5,16.4,26.9,0.4,16.3,0.8,53.3,5.0,4.6,3.8,11.5,0.046,2009
246,Yi Jianlian,NJN,21,61,26,35,23.3,109.2,4.2,19.8,30.2,0.5,15.3,0.6,23.7,7.4,6.4,6.8,19.4,0.045,2009
247,Matt Carroll,DAL,28,55,24,31,11.2,102.3,1.1,10.8,16.1,0.4,25.0,0.1,8.2,4.4,2.8,3.5,8.7,0.045,2009
248,Will Bynum,DET,26,57,26,31,14.1,105.0,1.0,7.6,11.9,0.6,31.2,0.0,2.4,3.6,3.3,3.2,11.3,0.045,2009
249,Roy Hibbert,IND,22,70,29,41,14.4,105.6,1.8,12.6,18.4,0.3,12.8,1.1,56.7,5.1,3.6,4.3,11.9,0.045,2009
250,Stephen Jackson,GSW,31,59,21,38,39.6,111.8,3.9,9.8,16.0,1.5,23.7,0.5,10.1,15.5,13.9,14.8,40.7,0.044,2009
251,CJ Miles,UTA,22,72,42,30,22.5,109.1,1.7,8.1,12.8,0.6,15.4,0.2,10.2,7.5,6.5,7.3,22.5,0.044,2009
252,Al Thornton,LAC,25,71,16,55,37.4,111.6,3.5,9.8,16.0,0.8,15.9,0.9,18.7,13.1,11.1,9.0,34.3,0.044,2009
253,Jared Dudley,PHX,23,68,34,34,17.0,106.8,1.8,11.1,18.9,0.8,27.3,0.1,7.0,5.6,5.4,3.9,13.4,0.044,2009
254,Brian Cardinal,MIN,32,64,21,43,14.2,105.5,1.6,12.3,18.5,0.6,29.6,0.2,20.6,5.3,3.4,3.5,9.8,0.044,2009
255,Jason Thompson,SAC,22,82,17,65,28.1,110.4,4.5,16.8,26.3,0.6,13.5,0.7,28.9,10.8,7.7,8.2,26.3,0.044,2009
256,Shelden Williams,MIN,25,45,9,36,11.4,103.6,2.3,21.3,32.4,0.5,27.8,0.4,37.5,4.3,2.9,3.2,9.4,0.043,2009
257,C.J. Watson,GSW,25,77,25,52,24.5,109.8,2.0,7.9,13.5,1.2,27.3,0.1,1.6,8.6,8.5,7.3,24.2,0.043,2009
258,Mikki Moore,BOS,33,70,26,44,17.2,107.5,2.6,15.4,24.6,0.2,11.0,0.3,22.4,6.7,4.6,4.5,13.8,0.043,2009
259,Lou Amundson,PHX,26,76,41,35,13.7,105.6,1.9,13.2,22.2,0.4,18.2,0.9,47.4,5.6,4.5,3.6,11.3,0.043,2009
260,Jason Maxiell,DET,26,78,39,39,18.0,107.9,2.0,11.9,18.9,0.3,15.0,0.8,43.4,5.8,4.5,4.4,14.7,0.043,2009
261,Brad Miller,CHI,33,70,25,45,30.0,111.0,5.6,19.8,31.1,0.7,17.2,0.5,22.8,10.8,8.1,7.9,26.3,0.042,2009
262,Joe Alexander,MIL,22,59,23,36,12.1,104.7,1.2,10.7,16.6,0.3,13.2,0.5,44.6,4.4,3.2,2.8,8.2,0.042,2009
263,Morris Peterson,NOH,31,43,25,18,12.0,104.2,1.7,15.3,22.6,0.3,19.0,0.0,6.3,4.1,2.7,2.3,8.4,0.041,2009
264,Francisco Elson,MIL,33,59,22,37,16.6,107.5,2.2,14.9,22.7,0.6,23.1,0.6,47.4,6.1,4.1,4.2,12.1,0.041,2009
265,Jason Richardson,PHX,28,72,37,35,33.5,111.6,3.4,10.4,16.3,1.1,21.7,0.4,11.6,12.0,10.7,8.7,28.1,0.04,2009
266,Shannon Brown,LAL,23,48,25,23,9.9,102.4,0.7,7.1,12.0,0.5,26.8,0.1,14.6,4.1,3.1,2.4,8.0,0.04,2009
267,Walter Herrmann,DET,30,59,28,31,10.7,103.7,1.3,13.0,20.6,0.1,9.6,0.1,5.6,2.7,2.4,2.5,8.4,0.04,2009
268,Mike Taylor,LAC,23,51,13,38,15.1,107.0,1.3,8.5,13.5,0.7,34.6,0.0,0.0,5.3,4.7,3.4,14.3,0.04,2009
269,Chris Wilcox,NYK,26,62,15,47,16.9,107.6,2.9,18.0,28.6,0.4,17.6,0.3,19.8,7.5,5.0,4.8,14.7,0.04,2009
270,Reggie Evans,PHI,29,79,39,40,14.4,106.8,2.9,21.9,36.0,0.5,21.8,0.1,8.1,5.3,4.3,3.5,12.1,0.039,2009
271,Kevin Ollie,MIN,36,50,10,40,17.0,108.1,1.2,8.2,11.8,0.4,18.3,0.1,6.1,5.7,3.7,4.5,12.8,0.039,2009
272,Goran Dragic,PHX,23,55,31,24,13.2,106.1,1.3,10.3,16.6,0.5,19.1,0.1,3.9,5.6,3.7,3.6,11.5,0.039,2009
273,Shaquille O'Neal,PHX,37,75,44,31,30.0,111.3,5.9,19.8,30.3,0.7,15.8,1.4,47.8,11.6,9.5,8.7,24.4,0.039,2009
274,Travis Diener,IND,27,55,25,30,13.1,106.2,1.5,10.8,17.0,0.5,22.0,0.1,5.2,4.3,3.3,2.8,9.8,0.038,2009
275,Antawn Jamison,WAS,33,81,19,62,38.2,112.3,6.5,18.4,28.4,1.2,19.9,0.3,9.4,13.5,10.3,11.0,32.6,0.038,2009
276,Ronnie Price,UTA,26,52,32,20,14.2,106.6,1.1,8.1,12.8,0.8,27.7,0.1,7.1,5.0,4.5,3.5,11.7,0.038,2009
277,Matt Barnes,PHX,29,77,42,35,27.0,111.0,4.4,16.3,25.8,0.7,17.4,0.3,12.1,9.8,8.6,7.2,22.6,0.038,2009
278,Devean George,DAL,31,43,27,16,16.5,108.1,1.2,7.9,12.2,0.5,21.5,0.3,14.5,5.8,4.7,4.9,13.3,0.037,2009
279,Fred Jones,LAC,30,52,11,41,28.8,111.3,2.0,7.2,11.7,1.0,24.2,0.2,6.7,9.5,8.8,6.8,26.4,0.037,2009
280,Will Solomon,SAC,30,53,16,37,13.4,106.6,1.0,7.8,12.1,0.5,25.5,0.1,6.6,4.7,3.4,3.2,10.3,0.037,2009
281,Mike James,WAS,34,61,17,44,27.0,111.1,1.8,7.2,11.2,0.7,17.2,0.1,4.3,9.2,6.9,7.5,22.8,0.036,2009
282,Dan Gadzuric,MIL,31,67,25,42,14.0,107.2,2.4,18.9,28.8,0.5,22.4,0.6,47.3,4.7,4.1,3.8,10.6,0.036,2009
283,Bobby Jackson,SAC,36,71,16,55,20.9,110.0,2.2,11.0,17.5,0.9,28.4,0.1,2.8,7.8,5.7,5.7,19.3,0.036,2009
284,Marreese Speights,PHI,21,79,41,38,16.0,108.4,2.2,14.6,25.1,0.3,13.2,0.7,45.2,5.7,5.2,4.0,13.9,0.035,2009
285,Adam Morrison,LAL,24,52,23,29,13.7,106.9,1.2,9.3,16.1,0.2,8.4,0.1,5.7,5.4,4.5,3.7,11.1,0.034,2009
286,Solomon Jones,ATL,24,63,34,29,10.7,105.7,1.4,13.4,22.4,0.1,6.5,0.5,54.0,3.6,3.2,3.0,9.6,0.034,2009
287,Juan Dixon,WAS,30,50,10,40,16.3,108.9,1.2,7.3,11.6,0.7,28.2,0.1,7.3,6.8,4.5,4.3,13.3,0.034,2009
288,Jerryd Bayless,POR,20,53,34,19,12.4,106.9,0.9,8.1,12.3,0.3,21.1,0.0,3.9,4.1,3.3,3.2,10.9,0.034,2009
289,Trenton Hassell,NJN,30,53,17,36,20.6,110.3,1.8,9.2,14.5,0.4,14.2,0.3,13.4,6.4,6.1,5.5,17.2,0.033,2009
290,DeSagana Diop,CHA,27,75,38,37,13.8,107.8,2.1,16.7,26.7,0.4,21.3,0.7,54.9,5.1,4.1,3.3,11.4,0.033,2009
291,Dominic McGuire,WAS,23,79,18,61,26.2,111.5,4.0,16.6,25.9,0.8,19.0,0.9,37.4,9.4,7.1,7.5,22.1,0.032,2009
292,Anthony Morrow,GSW,23,67,23,44,22.6,110.9,1.8,7.6,12.6,0.5,16.0,0.2,6.6,7.6,8.2,6.7,21.6,0.032,2009
293,Corey Maggette,GSW,29,51,18,33,31.1,112.2,4.6,14.6,24.1,0.9,17.2,0.2,4.5,12.1,11.1,10.4,31.3,0.032,2009
294,Ronny Turiaf,GSW,26,79,28,51,21.5,110.6,3.4,15.3,25.7,0.4,14.2,2.1,61.8,7.9,8.2,7.5,20.4,0.032,2009
295,Donte Greene,SAC,21,55,11,44,13.2,107.9,1.2,9.3,15.2,0.3,15.5,0.3,17.9,5.4,3.8,4.3,12.0,0.031,2009
296,Steve Novak,LAC,26,71,16,55,16.4,109.6,1.5,9.3,15.2,0.3,13.1,0.1,4.2,5.8,4.9,4.2,15.5,0.03,2009
297,JJ Hickson,CLE,20,62,49,13,11.4,107.0,1.8,15.7,24.7,0.2,17.1,0.5,43.5,5.0,3.3,3.5,9.1,0.03,2009
298,Anthony Randolph,GSW,19,63,21,42,17.9,110.1,3.7,19.8,34.3,0.7,23.6,1.2,42.0,6.7,6.5,6.0,16.9,0.03,2009
299,Mario West,ATL,25,53,33,20,5.1,98.6,0.6,11.4,19.9,0.3,36.0,0.1,22.2,1.7,1.7,1.5,4.5,0.029,2009
300,Theo Ratliff,PHI,36,46,23,23,12.6,108.0,1.8,14.8,25.2,0.4,17.3,1.0,67.1,4.2,3.6,2.9,9.3,0.029,2009
301,Jamal Crawford,GSW,29,65,25,40,38.1,113.2,2.6,6.6,10.7,0.9,15.5,0.2,4.6,14.6,13.6,14.0,41.4,0.028,2009
302,Josh Powell,LAL,26,60,49,11,11.7,108.0,1.8,15.2,23.8,0.2,6.1,0.3,23.9,4.9,3.8,3.5,11.5,0.028,2009
303,Caron Butler,WAS,29,67,15,52,38.6,113.3,4.4,12.4,19.4,1.6,26.0,0.3,8.4,14.1,11.3,11.2,32.1,0.027,2009
304,Channing Frye,POR,26,63,40,23,11.8,108.3,1.6,14.6,23.4,0.3,17.0,0.3,30.2,3.9,2.6,2.5,9.0,0.027,2009
305,Francisco Garcia,SAC,27,65,12,53,30.4,112.8,2.5,8.6,14.1,1.2,27.3,1.0,34.9,11.4,9.0,9.1,28.3,0.026,2009
306,Juwan Howard,CHA,36,42,19,23,11.2,108.2,1.1,11.2,18.6,0.2,10.8,0.1,21.4,4.8,3.2,2.7,8.8,0.025,2009
307,Bobby Brown,MIN,24,68,13,55,13.7,109.8,0.6,4.4,7.2,0.3,16.3,0.0,3.3,5.9,3.9,4.4,11.5,0.025,2009
308,Robin Lopez,PHX,21,60,32,28,10.2,107.8,1.1,10.8,17.2,0.2,11.2,0.7,51.9,4.1,3.3,3.3,9.0,0.024,2009
309,Javaris Crittenton,WAS,21,63,14,49,18.6,111.3,1.7,10.2,16.1,0.6,20.7,0.1,5.1,7.1,5.1,5.0,15.9,0.024,2009
310,Beno Udrih,SAC,26,73,14,59,31.1,113.0,2.4,8.0,12.9,1.1,24.9,0.2,6.6,11.6,9.0,8.8,30.1,0.024,2009
311,Royal Ivey,PHI,27,71,34,37,12.1,109.4,0.8,7.2,12.2,0.5,20.2,0.1,8.0,4.6,3.8,3.5,11.4,0.024,2009
312,Johan Petro,DEN,23,49,20,29,11.4,108.8,2.4,22.4,33.2,0.4,20.2,0.3,31.3,4.2,3.2,4.2,10.5,0.024,2009
313,John Salmons,CHI,29,79,27,52,37.5,113.5,3.5,9.8,15.6,1.1,20.3,0.3,9.3,13.4,11.0,10.5,34.4,0.023,2009
314,Brian Skinner,LAC,33,51,8,43,16.5,111.0,2.6,16.4,26.7,0.3,13.5,1.0,46.8,5.6,5.6,3.4,14.6,0.023,2009
315,Tarence Kinsey,CLE,25,50,42,8,5.5,106.4,0.6,9.8,15.8,0.2,31.6,0.0,0.0,2.5,1.8,1.9,3.6,0.017,2009
316,Antonio Daniels,NOH,34,74,40,34,13.8,111.6,1.0,8.3,12.6,0.4,18.2,0.0,1.2,4.6,3.5,3.9,10.4,0.016,2009
317,Darnell Jackson,CLE,23,51,41,10,8.4,109.7,1.1,13.8,21.0,0.2,20.8,0.1,12.5,3.9,2.2,3.0,6.5,0.015,2009
318,DeAndre Jordan,LAC,20,53,11,42,14.6,112.5,3.1,22.3,38.0,0.2,9.8,1.1,64.1,6.2,5.4,3.8,14.4,0.014,2009
319,JaVale McGee,WAS,21,75,17,58,15.2,112.7,2.3,16.1,26.7,0.4,17.6,1.0,62.0,6.3,4.9,4.9,13.3,0.013,2009
320,Spencer Hawes,SAC,21,77,15,62,29.3,114.5,5.2,18.7,30.3,0.6,14.3,1.2,43.3,11.5,8.5,8.8,28.6,0.009,2009
321,Kevin Martin,SAC,26,51,12,39,38.2,115.4,3.0,8.3,13.3,1.2,22.3,0.2,5.1,14.9,10.8,12.6,38.3,0.002,2009
