,Player,TEAM,AGE,GP,W,L,MIN,DEF RTG,DREB,DREB%,%DREB,STL,STL%,BLK,%BLK,OPP PTSOFF TOV,OPP PTS2ND CHANCE,OPP PTSFB,OPP PTSPAINT,DEFWS,Year
0,Allen Iverson,PHI,27,60,36,24,43.7,96.6,3.8,8.4,13.0,2.8,33.7,0.2,5.4,13.1,11.3,12.2,31.2,0.207,2002
1,Tim Duncan,SAS,26,82,58,24,40.6,96.7,9.4,22.7,35.6,0.7,12.3,2.5,44.2,11.9,11.4,10.0,30.7,0.188,2002
2,Dikembe Mutombo,PHI,36,80,43,37,36.3,95.5,7.6,20.7,31.3,0.4,6.0,2.4,68.1,11.0,8.3,9.9,22.7,0.18,2002
3,Eddie Jones,MIA,30,81,36,45,39.0,97.1,3.9,10.2,15.5,1.4,26.5,1.0,20.5,12.6,9.7,8.7,26.0,0.176,2002
4,Eric Snow,PHI,29,61,35,26,36.5,96.8,3.0,8.1,12.5,1.6,23.8,0.1,4.6,10.6,8.9,9.4,24.2,0.168,2002
5,Aaron McKie,PHI,29,48,26,22,30.6,95.3,3.5,11.2,17.4,1.2,21.8,0.3,9.6,9.9,8.0,8.0,21.7,0.157,2002
6,Alonzo Mourning,MIA,32,75,34,41,32.7,96.5,6.0,18.5,27.8,0.4,8.2,2.5,59.4,10.4,8.0,7.8,21.3,0.155,2002
7,Antoine Walker,BOS,25,81,48,33,42.1,99.7,7.0,16.5,25.6,1.5,17.7,0.5,14.7,12.5,11.9,11.4,27.3,0.155,2002
8,Paul Pierce,BOS,24,82,49,33,40.2,99.2,5.9,14.7,22.8,1.9,23.2,1.0,34.1,11.9,11.2,10.6,25.4,0.154,2002
9,Jason Kidd,NJN,29,82,52,30,37.3,98.5,5.7,14.8,23.6,2.1,30.9,0.2,5.2,11.2,10.5,8.6,27.0,0.153,2002
10,Kenyon Martin,NJN,24,73,46,27,34.3,97.6,3.8,10.7,16.9,1.2,19.6,1.7,34.9,10.5,9.6,8.1,25.5,0.151,2002
11,Shaquille O'Neal,LAL,30,67,51,16,36.1,98.6,7.2,18.9,28.8,0.6,10.8,2.0,47.7,10.4,10.4,8.1,25.5,0.146,2002
12,Matt Harpring,PHI,26,81,43,38,31.4,97.1,4.6,14.7,22.5,0.9,16.3,0.1,2.2,10.1,7.1,9.3,21.4,0.142,2002
13,Kenny Anderson,BOS,31,76,44,32,31.9,97.3,2.9,8.9,13.6,1.9,27.3,0.1,5.5,9.1,9.0,8.6,20.4,0.142,2002
14,Jim Jackson,MIA,31,55,29,26,33.2,97.9,4.3,13.2,20.2,0.8,17.3,0.3,7.1,11.1,8.1,7.5,22.0,0.142,2002
15,David Robinson,SAS,36,78,55,23,29.6,96.2,5.8,19.6,30.5,1.1,21.8,1.8,44.0,8.8,8.5,7.2,22.0,0.141,2002
16,Derrick Coleman,PHI,35,58,29,29,35.9,99.0,5.9,16.7,26.0,0.7,13.0,0.9,27.7,10.9,8.6,10.3,25.4,0.138,2002
17,Ben Wallace,DET,27,80,49,31,36.5,99.4,9.0,25.7,41.1,1.7,28.6,3.5,63.9,11.6,9.7,8.4,26.6,0.137,2002
18,Vlade Divac,SAC,34,80,59,21,30.2,97.2,5.8,18.1,27.3,1.0,18.0,1.2,43.9,8.8,8.5,8.7,25.8,0.136,2002
19,Chris Webber,SAC,29,54,42,12,38.4,100.4,7.3,18.2,28.9,1.7,20.8,1.4,36.9,11.7,12.0,10.5,33.6,0.134,2002
20,Bruce Bowen,SAS,31,59,47,12,28.8,96.7,2.0,7.0,10.9,1.1,23.2,0.4,11.3,8.5,8.0,6.4,21.7,0.133,2002
21,Kerry Kittles,NJN,28,82,52,30,31.7,98.3,2.5,7.8,12.4,1.6,27.8,0.4,9.2,9.8,8.3,7.5,24.0,0.133,2002
22,Vince Carter,TOR,25,60,30,30,39.8,101.1,2.9,7.4,12.2,1.6,22.5,0.8,15.2,12.3,11.3,13.9,30.2,0.13,2002
23,Doug Christie,SAC,32,81,60,21,34.5,99.6,3.7,10.3,16.0,2.0,28.4,0.3,9.8,10.1,10.4,9.7,30.8,0.129,2002
24,Rasheed Wallace,POR,27,79,49,30,37.5,100.6,6.4,17.9,27.5,1.3,19.1,1.3,36.7,11.6,9.6,9.3,28.0,0.128,2002
25,Mike Bibby,SAC,24,80,59,21,33.2,99.5,2.3,6.4,9.9,1.1,18.0,0.2,5.7,10.3,10.0,9.2,29.1,0.127,2002
26,Rod Strickland,MIA,35,76,35,41,30.1,98.2,2.4,8.1,12.3,1.1,25.7,0.1,4.0,9.8,7.5,7.1,20.9,0.126,2002
27,Eric Williams,BOS,29,74,46,28,23.6,95.0,2.2,9.2,14.1,1.0,20.8,0.1,7.3,7.6,6.0,6.4,14.6,0.125,2002
28,Antonio Davis,TOR,33,77,41,36,38.7,101.1,6.3,16.7,27.4,0.7,10.7,1.1,25.9,12.2,10.9,12.8,28.2,0.125,2002
29,Richard Jefferson,NJN,22,79,51,28,24.3,95.1,2.6,10.7,17.4,0.8,19.0,0.6,21.2,7.1,6.3,4.5,16.4,0.125,2002
30,Jerry Stackhouse,DET,27,76,45,31,35.3,100.3,3.1,9.0,14.8,1.0,17.0,0.5,9.3,11.7,10.0,8.6,27.2,0.124,2002
31,Keith Van Horn,NJN,26,81,51,30,30.4,98.6,5.8,18.8,29.9,0.8,13.8,0.5,13.3,9.4,8.5,7.3,22.9,0.124,2002
32,Peja Stojakovic,SAC,25,71,52,19,37.3,100.9,4.2,10.7,16.6,1.1,16.8,0.2,5.7,11.0,11.2,10.6,33.3,0.124,2002
33,Clifford Robinson,DET,35,80,49,31,35.7,100.4,3.9,11.1,18.1,1.1,18.6,1.2,22.6,11.7,9.7,8.8,27.7,0.124,2002
34,Brian Grant,MIA,30,72,35,37,31.3,99.0,5.7,18.9,28.5,0.7,15.5,0.4,12.3,10.8,7.7,7.9,21.9,0.123,2002
35,Baron Davis,CHH,23,82,44,38,40.5,102.0,3.1,7.8,12.3,2.1,30.8,0.6,12.2,12.3,12.3,10.4,31.1,0.12,2002
36,Jermaine O'Neal,IND,23,72,40,32,37.6,101.3,7.9,20.0,32.3,0.6,10.0,2.3,53.0,12.1,12.2,10.9,30.3,0.119,2002
37,Metta World Peace,IND,22,55,24,31,29.8,98.8,3.6,12.3,19.5,2.6,40.5,0.7,26.4,8.6,8.7,7.6,23.2,0.118,2002
38,Andrei Kirilenko,UTA,21,82,44,38,26.3,97.3,3.1,12.7,19.5,1.4,26.3,1.9,47.6,8.5,6.5,5.4,18.3,0.118,2002
39,Shawn Marion,PHX,24,81,36,45,38.4,101.7,7.3,19.0,30.9,1.8,28.2,1.1,26.3,12.6,11.4,9.3,30.4,0.118,2002
40,Tony Battie,BOS,26,74,42,32,24.6,96.3,4.0,16.0,24.4,0.8,16.0,0.9,46.5,7.3,6.8,6.5,14.1,0.117,2002
41,Kobe Bryant,LAL,23,80,56,24,38.3,101.7,4.1,10.3,16.6,1.5,24.4,0.4,9.3,10.6,11.9,8.4,30.1,0.117,2002
42,Steven Smith,SAS,33,77,53,24,28.7,98.8,1.9,6.7,10.6,0.7,15.1,0.2,4.8,9.0,8.5,7.8,22.7,0.114,2002
43,Tony Parker,SAS,20,77,55,22,29.5,99.2,2.1,7.1,11.3,1.2,24.7,0.1,2.4,8.9,8.7,7.8,23.6,0.114,2002
44,Damon Stoudamire,POR,28,75,45,30,37.2,101.8,2.9,8.0,12.2,0.9,14.1,0.1,2.8,11.5,9.8,9.5,28.6,0.112,2002
45,Antonio Daniels,SAS,27,82,58,24,26.5,98.1,1.9,6.8,10.9,0.6,15.0,0.1,4.2,8.2,7.6,6.7,20.4,0.112,2002
46,Ira Newble,ATL,27,42,19,23,30.3,99.7,3.4,11.2,17.3,0.9,18.4,0.5,16.4,10.4,8.6,10.4,24.3,0.112,2002
47,Hedo Turkoglu,SAC,23,80,60,20,24.6,97.1,3.8,14.5,22.5,0.7,15.2,0.4,16.1,7.0,7.1,5.9,20.9,0.111,2002
48,Devean George,LAL,24,82,58,24,21.5,95.3,2.7,11.9,19.2,0.9,24.0,0.5,18.7,5.5,6.4,3.8,15.1,0.11,2002
49,Shane Battier,MEM,23,78,23,55,39.7,102.6,3.1,7.8,12.4,1.6,23.5,1.0,21.1,13.9,11.2,11.2,34.7,0.11,2002
50,Terry Porter,SAS,39,72,52,20,17.9,92.6,2.1,11.0,17.4,0.6,22.1,0.2,7.9,5.5,5.0,4.3,13.0,0.109,2002
51,Robert Horry,LAL,31,81,58,23,26.5,98.5,4.3,15.5,24.5,1.0,23.1,1.1,32.0,7.1,7.6,5.3,19.5,0.108,2002
52,Alvin Williams,TOR,27,82,42,40,35.8,101.8,2.7,7.7,12.7,1.6,26.7,0.3,7.3,11.2,10.4,12.5,26.6,0.108,2002
53,Lucious Harris,NJN,31,74,46,28,21.0,94.9,2.1,10.1,16.3,0.7,21.2,0.1,3.4,6.0,5.6,4.0,14.8,0.108,2002
54,Kevin Garnett,MIN,26,81,49,32,39.2,102.6,9.1,23.4,35.3,1.2,23.6,1.6,36.3,12.4,10.8,8.9,30.3,0.108,2002
55,Joe Smith,MIN,26,72,42,30,26.7,98.9,4.2,15.6,22.9,0.5,15.7,0.8,28.4,8.7,6.6,6.8,19.7,0.106,2002
56,Todd MacCulloch,NJN,26,62,42,20,24.2,97.9,3.6,14.1,22.0,0.4,8.4,1.4,45.2,7.6,7.1,5.9,18.8,0.106,2002
57,LaPhonso Ellis,MIA,32,66,26,40,25.5,98.3,2.7,11.0,17.1,0.5,13.7,0.6,21.5,8.6,6.6,6.1,17.8,0.106,2002
58,Dale Davis,POR,33,78,46,32,31.4,100.7,5.5,18.1,27.7,0.8,14.4,1.1,35.8,9.9,8.6,8.3,24.1,0.106,2002
59,Jerome Williams,TOR,29,68,37,31,24.1,97.7,3.3,14.2,23.1,1.1,25.2,0.4,13.9,7.4,6.3,8.1,17.4,0.104,2002
60,Speedy Claxton,PHI,24,67,36,31,22.8,97.3,1.7,7.7,12.2,1.4,31.5,0.1,3.9,7.5,6.3,6.1,16.1,0.104,2002
61,Stephon Marbury,PHX,25,82,36,46,38.9,103.1,2.3,6.1,10.0,0.9,14.4,0.2,4.0,13.0,12.0,9.2,31.0,0.102,2002
62,Tracy McGrady,ORL,23,76,43,33,38.3,102.9,5.9,15.3,24.5,1.6,24.4,1.0,25.0,10.8,12.1,11.5,33.9,0.102,2002
63,Malik Rose,SAS,27,82,58,24,21.1,96.4,3.9,17.6,28.6,0.9,27.5,0.5,18.3,7.0,6.3,5.2,16.2,0.102,2002
64,P.J. Brown,CHH,32,80,43,37,32.0,101.3,6.4,20.3,31.6,0.7,13.8,1.0,25.7,9.8,9.5,8.1,24.2,0.101,2002
65,Bryon Russell,UTA,31,66,36,30,30.3,100.8,3.3,12.0,18.3,1.0,16.3,0.3,7.4,10.3,7.7,6.7,21.3,0.101,2002
66,Jason Collins,NJN,23,77,47,30,18.2,93.6,2.2,12.3,19.6,0.4,12.2,0.6,32.9,5.2,4.3,3.9,12.4,0.101,2002
67,Morris Peterson,TOR,24,63,30,33,31.6,101.4,2.1,6.9,11.3,1.2,21.0,0.2,4.5,10.4,8.9,10.9,23.2,0.1,2002
68,Scot Pollard,SAC,27,80,59,21,23.5,97.9,4.7,19.1,29.6,0.9,20.8,1.0,42.9,6.7,6.7,5.8,19.3,0.099,2002
69,Rashard Lewis,SEA,22,71,40,31,36.4,102.9,5.1,14.0,23.2,1.5,22.9,0.6,16.8,11.1,10.9,9.7,29.0,0.099,2002
70,Derek Anderson,POR,27,70,45,25,26.5,99.7,2.0,8.1,12.8,1.0,19.3,0.1,4.9,8.2,7.1,6.1,20.0,0.098,2002
71,Joe Johnson,PHX,21,77,38,39,24.9,99.1,2.4,9.4,14.6,0.8,19.2,0.3,10.9,8.2,7.0,5.9,17.8,0.097,2002
72,David Wesley,CHH,31,67,36,31,37.2,103.2,1.5,3.9,6.3,1.1,18.9,0.2,5.4,11.0,11.1,10.1,27.5,0.097,2002
73,Desmond Mason,SEA,24,75,44,31,32.2,101.9,3.5,10.9,18.1,0.9,16.8,0.4,12.1,10.0,9.5,8.4,25.1,0.097,2002
74,Chris Childs,TOR,34,69,34,35,22.9,97.9,2.0,9.0,14.7,0.8,19.9,0.1,3.0,7.3,5.7,6.0,15.3,0.097,2002
75,Gary Payton,SEA,33,82,45,37,40.2,103.8,3.9,9.7,16.2,1.6,23.1,0.3,8.6,12.5,12.2,11.2,32.4,0.097,2002
76,Aaron Williams,NJN,30,82,52,30,18.9,95.1,2.7,14.2,23.0,0.4,10.9,0.9,37.3,5.7,4.9,4.1,13.0,0.097,2002
77,John Stockton,UTA,40,82,44,38,31.3,101.7,2.5,8.8,13.5,1.9,29.6,0.3,7.1,10.8,7.6,7.5,22.7,0.097,2002
78,Pau Gasol,MEM,21,82,23,59,36.6,103.1,6.0,16.4,26.5,0.5,8.5,2.1,44.5,13.5,10.5,10.9,33.7,0.096,2002
79,Kendall Gill,MIA,34,65,34,31,21.8,97.8,2.4,11.1,16.5,0.7,22.7,0.1,4.7,7.3,5.0,5.9,16.1,0.096,2002
80,George Lynch,CHH,31,45,27,18,19.8,96.3,2.6,13.0,20.3,0.9,22.9,0.3,14.0,6.3,6.3,5.0,16.2,0.096,2002
81,Jake Tsakalidis,PHX,23,67,29,38,23.6,98.7,3.6,15.3,23.6,0.3,9.2,1.0,42.6,7.9,6.4,5.9,18.3,0.095,2002
82,Tom Gugliotta,PHX,32,44,22,22,25.8,99.8,3.7,14.2,22.8,0.9,19.2,0.7,25.0,8.6,7.5,7.1,20.3,0.095,2002
83,Bo Outlaw,PHX,31,83,37,46,23.2,98.4,2.6,11.1,18.9,0.8,20.8,1.1,43.2,7.9,7.0,5.0,16.8,0.094,2002
84,Derek Fisher,LAL,27,70,47,23,28.2,100.9,1.9,6.4,10.0,0.9,21.6,0.1,4.0,8.0,8.6,6.2,20.8,0.094,2002
85,Jon Barry,DET,32,82,50,32,24.3,99.3,2.3,9.9,16.2,1.1,27.5,0.2,6.8,8.3,6.9,5.2,18.7,0.093,2002
86,Wally Szczerbiak,MIN,25,82,50,32,38.1,103.6,3.3,8.6,13.3,0.8,16.5,0.3,6.1,12.0,10.8,9.4,30.2,0.093,2002
87,Chucky Atkins,DET,27,79,49,30,28.9,101.2,1.6,5.8,9.6,0.9,19.0,0.1,3.2,9.7,8.4,6.7,21.8,0.093,2002
88,Jamaal Magloire,CHH,24,82,44,38,18.9,96.4,3.8,19.3,30.6,0.3,11.4,1.0,46.7,6.1,5.5,4.3,13.5,0.092,2002
89,Anfernee Hardaway,PHX,30,80,35,45,30.8,102.0,3.2,10.4,17.0,1.5,27.6,0.4,13.9,10.6,9.3,7.9,24.5,0.092,2002
90,Scottie Pippen,POR,36,62,39,23,32.2,102.5,3.9,13.1,19.4,1.6,28.1,0.6,18.6,10.4,8.2,9.7,25.7,0.092,2002
91,Shareef Abdur-Rahim,ATL,25,77,32,45,38.7,103.8,6.5,17.1,26.9,1.3,19.9,1.1,28.5,14.0,11.0,13.4,33.0,0.092,2002
92,Rodney Rogers,BOS,31,77,42,35,24.4,99.8,2.8,11.6,18.7,0.9,18.0,0.4,18.5,7.8,7.3,5.9,17.6,0.091,2002
93,Karl Malone,UTA,38,80,43,37,38.0,103.8,6.8,19.3,30.3,1.9,26.3,0.7,15.3,13.4,9.9,9.7,27.9,0.091,2002
94,Rasho Nesterovic,MIN,26,82,50,32,27.1,100.8,4.1,15.3,22.6,0.5,15.6,1.3,42.9,8.3,6.9,6.9,20.2,0.09,2002
95,Ron Mercer,IND,26,53,14,39,32.4,102.6,2.4,7.8,12.4,0.6,11.1,0.2,9.4,10.7,9.3,7.8,25.1,0.089,2002
96,Bonzi Wells,POR,25,74,44,30,31.8,102.6,4.4,14.5,22.1,1.5,27.9,0.3,11.4,10.5,7.9,8.5,24.6,0.089,2002
97,Tony Delk,BOS,28,63,32,31,23.0,99.6,2.3,10.1,16.1,0.8,18.2,0.2,8.1,6.0,6.9,5.7,17.0,0.088,2002
98,Jamaal Tinsley,IND,24,80,41,39,30.5,102.4,2.8,8.8,13.9,1.7,31.7,0.5,14.2,9.8,9.6,8.9,25.2,0.088,2002
99,Darrell Armstrong,ORL,34,82,44,38,33.3,103.1,2.9,8.7,14.1,1.9,32.0,0.1,4.0,9.2,10.7,10.5,30.6,0.087,2002
100,Bobby Jackson,SAC,29,81,61,20,21.6,98.4,2.1,9.3,14.7,0.9,22.0,0.1,6.7,5.9,6.3,5.5,18.0,0.087,2002
101,Anthony Carter,MIA,27,46,19,27,22.8,99.6,2.1,9.6,14.8,1.1,34.5,0.1,2.7,8.2,5.4,5.6,15.6,0.086,2002
102,Eddie House,MIA,24,64,23,41,19.2,97.6,1.5,8.0,12.6,0.7,26.2,0.1,4.5,6.4,5.2,3.8,13.5,0.086,2002
103,Hakeem Olajuwon,TOR,39,61,33,28,22.5,99.5,4.4,19.7,31.6,1.2,32.7,1.5,50.3,6.9,6.1,8.8,16.7,0.085,2002
104,Al Harrington,IND,22,44,22,22,29.8,102.5,4.1,13.4,21.2,0.9,20.7,0.5,13.7,9.5,9.0,8.5,24.3,0.084,2002
105,Othella Harrington,NYK,28,77,28,49,20.3,98.2,2.9,14.3,22.7,0.4,13.8,0.5,36.0,7.4,5.1,4.1,14.0,0.084,2002
106,Charlie Ward,NYK,31,63,19,44,16.8,95.8,1.8,10.4,16.6,1.1,42.0,0.2,21.5,5.7,4.5,3.0,11.3,0.083,2002
107,Mike Miller,ORL,22,63,33,30,33.8,103.6,3.6,10.4,17.0,0.7,13.4,0.4,11.0,10.4,10.9,10.6,31.0,0.083,2002
108,Jalen Rose,CHI,29,83,35,48,38.0,104.6,4.0,10.4,16.5,0.9,15.9,0.5,12.5,12.3,11.5,10.6,30.5,0.083,2002
109,Horace Grant,ORL,36,76,41,35,29.1,102.3,4.2,14.7,23.8,0.8,14.9,0.6,23.7,8.1,9.5,9.2,26.5,0.083,2002
110,Richard Hamilton,WAS,24,63,27,36,34.9,103.9,2.3,6.7,10.8,0.6,12.1,0.2,6.7,10.6,9.8,10.0,26.8,0.083,2002
111,Brent Barry,SEA,30,81,44,37,37.5,104.5,4.7,13.0,21.4,1.8,27.5,0.5,12.7,11.7,11.9,10.2,31.0,0.082,2002
112,Corie Blount,PHI,33,72,39,33,19.9,98.6,3.0,16.0,25.0,0.7,17.3,0.4,21.3,6.6,5.0,5.8,14.8,0.082,2002
113,Michael Curry,DET,33,82,50,32,23.2,100.2,1.9,8.5,13.6,0.6,14.7,0.1,3.8,7.5,6.0,5.9,16.5,0.082,2002
114,Lindsey Hunter,LAL,31,82,58,24,19.7,98.2,1.3,6.1,9.8,0.8,25.7,0.2,9.5,5.8,5.9,4.7,15.6,0.082,2002
115,Corliss Williamson,DET,28,78,47,31,21.9,99.6,2.6,12.1,19.6,0.6,18.5,0.3,11.7,7.9,6.0,5.1,16.6,0.081,2002
116,Brad Miller,IND,26,76,28,48,29.8,102.5,4.9,17.0,27.3,1.0,18.1,0.5,22.2,9.7,8.7,7.5,23.1,0.081,2002
117,Latrell Sprewell,NYK,31,81,29,52,41.1,105.1,3.0,7.3,11.6,1.2,20.2,0.2,5.6,13.8,11.6,9.5,32.8,0.081,2002
118,Keon Clark,TOR,27,81,41,40,27.0,102.0,5.2,20.2,33.3,0.7,14.7,1.5,45.2,8.7,7.7,8.0,19.7,0.08,2002
119,Brendan Haywood,WAS,22,62,32,30,20.4,98.9,2.9,13.7,22.4,0.3,12.3,1.5,65.9,6.2,5.3,4.6,13.1,0.08,2002
120,Reggie Miller,IND,36,79,40,39,36.6,104.5,2.5,6.8,10.7,1.1,18.2,0.1,3.3,11.9,11.4,10.5,30.3,0.08,2002
121,Jason Terry,ATL,24,78,33,45,38.0,104.8,2.9,7.9,12.6,1.8,28.2,0.2,5.0,14.0,10.9,13.4,32.6,0.079,2002
122,Jarron Collins,UTA,23,70,40,30,20.6,99.2,2.3,12.4,19.3,0.4,9.7,0.3,12.3,6.1,4.9,4.6,15.0,0.079,2002
123,Rick Fox,LAL,32,82,58,24,27.9,102.5,3.6,12.7,19.9,0.8,19.0,0.3,7.7,8.2,8.4,7.0,22.5,0.079,2002
124,Stacey Augmon,CHH,33,77,42,35,17.1,96.8,2.2,12.2,19.1,0.7,25.1,0.2,7.4,5.1,4.8,3.7,12.3,0.079,2002
125,Jeff Foster,IND,25,82,42,40,21.8,100.1,4.3,19.1,30.1,0.9,23.5,0.5,19.0,6.9,6.7,6.4,17.3,0.079,2002
126,Sam Cassell,MIL,32,74,39,35,35.2,104.4,3.5,9.5,15.1,1.2,23.0,0.2,4.3,11.1,9.9,9.4,27.6,0.078,2002
127,Donnell Harvey,DEN,21,47,25,22,18.0,97.9,3.1,17.5,29.1,0.4,14.9,0.5,27.3,6.1,5.4,5.3,14.1,0.078,2002
128,Eduardo Najera,DAL,25,62,44,18,21.8,100.3,3.1,14.2,22.1,0.9,25.7,0.5,20.1,5.9,6.6,5.3,18.8,0.078,2002
129,Ryan Bowen,DEN,26,75,26,49,22.5,100.6,2.2,10.0,16.3,1.0,26.8,0.5,20.5,7.3,6.5,6.8,17.5,0.077,2002
130,Ruben Patterson,POR,26,75,46,29,23.5,101.0,1.9,8.5,13.4,1.1,25.2,0.5,23.4,7.4,6.3,5.7,17.1,0.077,2002
131,Quentin Richardson,LAC,22,81,38,43,26.6,102.3,2.7,10.1,17.0,1.0,26.7,0.3,7.0,8.4,8.7,3.9,20.8,0.077,2002
132,Shandon Anderson,NYK,28,82,30,52,19.5,98.9,2.3,12.0,19.3,0.6,19.8,0.2,13.4,7.5,5.3,4.2,13.9,0.077,2002
133,Erick Strickland,BOS,28,79,47,32,20.8,100.1,2.4,11.5,18.1,0.7,19.9,0.0,0.9,7.0,5.9,5.2,13.0,0.077,2002
134,Lorenzen Wright,MEM,26,43,10,33,29.1,103.0,6.4,23.2,36.4,0.7,14.1,0.5,15.9,9.9,7.3,9.3,27.1,0.076,2002
135,Danny Ferry,SAS,35,50,40,10,16.0,96.2,1.5,8.8,13.8,0.3,16.0,0.2,9.3,5.0,4.5,3.9,11.1,0.076,2002
136,Tyrone Nesby,WAS,26,70,30,40,21.4,100.3,3.0,15.0,23.1,0.9,25.2,0.3,16.4,6.6,5.7,4.9,15.7,0.076,2002
137,Ray Allen,MIL,26,69,35,34,36.6,104.8,3.3,9.0,14.4,1.3,23.0,0.3,6.8,12.0,10.7,9.0,28.9,0.076,2002
138,Elden Campbell,CHH,33,77,41,36,28.0,102.8,5.2,18.8,29.9,0.8,16.6,1.8,55.5,8.1,8.6,7.6,21.3,0.075,2002
139,Jerome James,SEA,26,56,30,26,17.0,97.6,2.6,14.7,23.6,0.4,14.0,1.5,71.1,5.1,5.1,5.0,12.3,0.074,2002
140,Tyronn Lue,WAS,25,71,33,38,20.6,100.0,1.5,7.2,11.6,0.7,23.7,0.0,0.0,6.3,5.8,4.6,14.5,0.074,2002
141,Michael Olowokandi,LAC,27,80,37,43,32.1,104.0,6.8,21.4,33.4,0.7,18.2,1.8,41.1,11.0,9.9,7.3,29.9,0.074,2002
142,Steve Francis,HOU,25,57,26,31,41.1,105.7,5.2,12.8,20.5,1.2,22.3,0.4,9.1,13.2,12.4,9.7,34.6,0.074,2002
143,Darius Miles,LAC,20,82,39,43,27.1,102.8,4.2,15.1,24.9,0.9,23.4,1.3,33.7,8.8,8.6,4.5,21.5,0.074,2002
144,Kurt Thomas,NYK,29,82,30,52,33.8,104.5,6.5,19.7,30.9,0.9,18.4,1.0,37.4,11.8,10.0,7.8,27.9,0.074,2002
145,Jeff McInnis,LAC,27,81,38,43,37.4,105.1,2.1,5.5,8.7,0.8,17.1,0.1,1.5,12.6,11.9,8.5,33.6,0.074,2002
146,Elton Brand,LAC,23,80,38,42,37.7,105.2,6.6,17.6,27.9,1.0,21.4,2.0,38.9,12.3,11.4,8.6,33.2,0.074,2002
147,Jonathan Bender,IND,21,78,41,37,21.1,100.4,2.3,10.5,16.6,0.2,8.4,0.6,26.3,7.3,5.8,5.9,17.7,0.074,2002
148,Kevin Ollie,IND,29,81,28,53,21.3,100.3,2.0,9.4,15.0,0.8,21.6,0.0,1.3,6.9,5.8,5.3,16.6,0.073,2002
149,DerMarr Johnson,ATL,22,72,27,45,23.9,101.9,2.6,11.3,17.7,0.9,21.1,0.8,34.1,8.5,6.6,8.0,19.5,0.073,2002
150,Samaki Walker,LAL,26,69,48,21,24.0,101.7,5.1,20.3,33.0,0.4,11.2,1.3,40.6,7.3,7.6,6.4,20.6,0.073,2002
151,Brevin Knight,MEM,26,53,15,38,21.7,100.8,1.8,8.7,14.6,1.5,36.6,0.1,5.5,7.7,6.2,5.7,17.3,0.072,2002
152,Tim Thomas,MIL,25,74,38,36,26.9,102.9,3.2,11.6,18.9,0.9,20.6,0.4,17.0,8.7,8.2,5.9,20.1,0.072,2002
153,Jason Williams,MEM,26,65,21,44,34.4,104.8,2.7,7.7,12.3,1.7,29.9,0.1,2.5,12.3,10.4,10.4,32.6,0.072,2002
154,Pat Garrity,ORL,25,80,44,36,30.0,103.8,3.3,11.1,17.7,0.8,15.4,0.4,14.1,8.8,9.0,8.6,26.0,0.072,2002
155,Grant Long,MEM,36,66,18,48,28.3,103.5,3.0,10.6,17.3,1.0,20.9,0.2,5.2,10.5,8.3,7.6,24.6,0.071,2002
156,Lee Nailon,CHH,27,79,43,36,24.2,102.2,2.4,10.0,15.7,0.7,18.8,0.2,7.3,7.6,7.1,6.2,18.4,0.071,2002
157,Mitch Richmond,LAL,37,64,47,17,11.1,91.7,1.3,9.9,15.8,0.3,16.7,0.1,6.3,3.2,3.4,2.3,8.4,0.07,2002
158,Dan Majerle,PHX,36,65,28,37,18.2,99.4,2.3,12.3,20.3,0.7,23.5,0.2,13.8,5.9,5.7,3.6,13.6,0.069,2002
159,Chris Gatling,MIA,34,54,19,35,15.0,97.0,2.5,17.4,27.2,0.3,14.9,0.2,15.1,4.9,4.0,3.1,10.7,0.069,2002
160,Vladimir Radmanovic,SEA,21,61,31,30,20.2,100.8,3.0,15.4,25.2,0.9,23.1,0.4,19.5,6.5,5.7,5.3,16.0,0.069,2002
161,Charles Smith,SAS,26,60,45,15,19.1,100.3,1.7,8.7,13.7,0.9,26.7,0.7,27.3,6.6,5.4,6.2,16.0,0.068,2002
162,Damon Jones,DET,25,67,42,25,16.2,98.1,1.3,8.1,13.0,0.3,13.2,0.0,0.7,5.2,4.3,3.6,12.3,0.068,2002
163,Earl Watson,SEA,23,64,34,30,15.1,97.5,0.8,5.7,9.6,0.9,29.9,0.1,6.7,4.7,4.2,3.6,11.2,0.067,2002
164,Steve Nash,DAL,28,82,57,25,34.6,105.2,2.5,7.0,11.0,0.6,13.2,0.0,1.4,10.0,11.3,9.9,31.9,0.067,2002
165,Vitaly Potapenko,BOS,27,79,47,32,17.0,99.1,2.3,13.2,21.3,0.5,15.2,0.2,20.7,5.4,4.9,4.4,11.7,0.067,2002
166,Vladimir Stepania,MIA,26,67,31,36,13.2,96.1,2.5,20.5,31.3,0.4,18.8,0.7,46.3,4.8,3.0,2.7,9.3,0.066,2002
167,Dirk Nowitzki,DAL,24,76,53,23,38.0,105.9,8.4,21.9,33.7,1.1,20.0,1.0,28.8,11.0,11.7,10.8,34.9,0.065,2002
168,Stromile Swift,MEM,22,68,19,49,26.5,103.7,4.0,14.3,24.4,0.8,18.0,1.7,46.5,10.2,8.7,7.6,23.9,0.065,2002
169,Austin Croshere,IND,27,76,39,37,16.9,99.4,2.9,16.9,25.9,0.3,13.4,0.4,22.1,5.3,4.6,4.4,12.7,0.064,2002
170,Chauncey Billups,MIN,25,82,50,32,28.7,104.3,2.3,8.3,12.6,0.8,22.3,0.2,7.0,8.4,7.7,6.7,22.8,0.064,2002
171,Scott Padgett,UTA,26,75,40,35,17.2,99.8,2.3,13.9,21.8,0.6,18.6,0.2,8.9,6.1,4.9,4.3,12.2,0.064,2002
172,Dell Curry,TOR,38,56,31,25,15.8,99.1,1.0,7.0,11.5,0.4,14.2,0.1,6.7,4.6,4.3,5.3,11.6,0.062,2002
173,Michael Jordan,WAS,39,60,30,30,34.8,105.7,4.8,14.5,23.0,1.4,30.1,0.4,14.4,10.0,9.4,9.0,26.0,0.062,2002
174,Zeljko Rebraca,DET,30,74,46,28,15.9,99.7,2.8,17.4,28.5,0.4,15.5,1.0,44.0,5.7,4.8,3.4,12.0,0.059,2002
175,Juwan Howard,DEN,29,81,45,36,32.5,105.8,4.8,15.1,23.8,0.6,12.2,0.6,21.4,11.1,9.5,10.2,29.2,0.059,2002
176,Hubert Davis,WAS,32,51,23,28,24.2,103.6,1.4,5.7,9.3,0.5,16.1,0.1,2.6,8.1,7.1,5.8,17.9,0.059,2002
177,Toni Kukoc,ATL,33,59,26,33,25.3,104.1,3.0,12.1,19.3,0.8,20.2,0.3,14.3,9.1,7.0,9.1,21.1,0.058,2002
178,Charles Oakley,CHI,38,57,11,46,24.3,103.8,4.8,21.2,32.2,0.9,21.7,0.2,12.4,8.2,6.2,5.5,17.8,0.057,2002
179,Cuttino Mobley,HOU,26,74,28,46,42.1,107.0,3.2,7.8,12.6,1.5,26.2,0.5,10.5,13.5,12.9,10.4,36.1,0.057,2002
180,Lawrence Funderburke,SAC,31,56,42,14,12.9,97.3,2.2,15.9,24.5,0.2,9.8,0.3,24.3,4.5,4.2,3.4,10.9,0.057,2002
181,Michael Redd,MIL,22,67,35,32,21.2,102.9,2.2,10.2,16.3,0.6,20.0,0.1,6.0,6.9,5.8,5.1,15.5,0.057,2002
182,Anthony Mason,MIL,35,82,41,41,38.3,106.6,6.4,16.4,26.1,0.7,12.5,0.3,7.2,12.2,11.0,9.8,30.1,0.057,2002
183,Raef LaFrentz,DAL,26,78,35,43,31.5,105.5,5.2,16.5,26.2,0.7,15.5,2.7,66.8,9.7,10.1,9.3,28.0,0.057,2002
184,Trajan Langdon,CLE,26,44,12,32,10.8,95.6,1.0,8.9,13.2,0.3,16.5,0.1,9.1,3.8,2.8,2.9,7.5,0.057,2002
185,Popeye Jones,WAS,32,79,37,42,24.3,103.9,4.4,18.9,29.4,0.6,18.7,0.2,13.1,7.1,6.6,6.5,17.6,0.057,2002
186,Eddie Griffin,HOU,20,73,23,50,26.0,104.5,4.1,15.6,25.5,0.2,6.7,1.8,53.0,8.1,7.7,6.8,22.0,0.057,2002
187,Troy Hudson,ORL,26,81,43,38,22.9,103.7,1.4,6.1,10.2,0.7,19.3,0.1,3.5,7.7,7.3,6.7,19.1,0.057,2002
188,Bryce Drew,CHH,27,61,29,32,12.7,97.4,1.0,7.5,11.8,0.5,24.1,0.0,2.2,3.4,3.2,2.4,9.0,0.056,2002
189,Glenn Robinson,MIL,29,66,33,33,35.6,106.4,5.1,14.2,22.2,1.5,27.3,0.6,17.4,12.4,10.1,9.0,28.1,0.056,2002
190,Michael Finley,DAL,29,69,45,24,39.9,106.9,3.9,9.9,15.3,0.9,17.2,0.4,9.7,11.2,12.3,11.3,36.3,0.056,2002
191,Christian Laettner,WAS,32,57,21,36,25.3,104.5,4.0,16.5,26.4,1.1,27.5,0.4,22.1,8.2,7.5,7.1,20.0,0.056,2002
192,Predrag Drobnjak,SEA,26,64,37,27,18.3,101.8,2.3,12.8,20.4,0.3,10.5,0.5,29.5,6.0,5.5,4.8,14.1,0.055,2002
193,Allan Houston,NYK,31,77,28,49,37.9,106.8,2.8,7.6,11.9,0.7,14.0,0.1,4.8,13.6,10.7,8.9,31.5,0.055,2002
194,Don Reid,ORL,28,68,37,31,10.5,95.8,1.6,14.8,23.3,0.3,14.9,0.6,53.7,3.8,2.9,2.8,7.6,0.055,2002
195,Darvin Ham,MIL,28,70,32,38,17.2,101.6,1.6,8.9,13.8,0.4,13.7,0.5,36.6,5.6,4.5,4.1,11.4,0.055,2002
196,Ervin Johnson,MIL,34,81,41,40,20.5,102.8,4.0,19.4,30.7,0.5,15.4,1.0,52.9,6.8,5.8,4.9,14.3,0.055,2002
197,Monty Williams,ORL,30,68,36,32,18.9,102.4,2.3,12.2,20.1,0.7,21.5,0.3,15.5,6.1,5.4,5.7,15.5,0.055,2002
198,Shawn Bradley,DAL,30,53,34,19,14.3,99.4,2.3,15.6,25.3,0.5,23.0,1.2,74.4,4.0,4.3,4.8,10.9,0.054,2002
199,Greg Anthony,MIL,34,60,16,44,25.2,104.7,1.8,7.5,12.0,1.3,30.1,0.1,4.5,8.2,7.3,5.9,19.4,0.054,2002
200,James Posey,DEN,25,73,24,49,30.7,105.9,4.4,15.3,25.0,1.6,30.8,0.5,14.3,10.2,9.5,9.5,26.2,0.054,2002
201,Kenny Thomas,HOU,24,72,25,47,34.5,106.5,5.0,15.1,23.8,1.2,26.3,0.9,26.4,11.4,9.9,8.8,29.4,0.053,2002
202,Brian Skinner,CLE,26,65,21,44,17.0,101.5,2.9,16.7,26.1,0.4,14.6,0.9,41.5,6.3,4.8,3.8,13.5,0.053,2002
203,Vin Baker,SEA,30,55,26,29,31.1,105.9,3.3,11.2,18.8,0.4,7.9,0.7,25.0,10.3,9.5,9.2,27.2,0.053,2002
204,Etan Thomas,WAS,24,47,20,27,13.2,99.1,2.7,20.6,31.8,0.4,17.2,0.7,49.3,4.5,3.6,3.5,10.6,0.052,2002
205,Donyell Marshall,UTA,29,58,29,29,30.2,106.0,4.9,17.3,27.4,0.9,16.3,1.2,29.1,11.7,8.2,8.4,23.0,0.052,2002
206,Chris Mihm,CLE,22,74,26,48,22.4,104.1,3.5,15.8,24.1,0.2,8.1,1.2,40.8,7.7,6.2,6.2,18.8,0.052,2002
207,Wesley Person,CLE,31,78,29,49,35.8,106.8,3.1,8.9,13.8,1.0,19.3,0.5,11.3,11.8,10.0,9.8,30.0,0.052,2002
208,Chris Whitney,WAS,30,82,37,45,26.5,105.3,1.7,7.0,11.1,0.9,22.9,0.1,3.3,8.4,7.3,7.1,20.3,0.052,2002
209,Shawn Kemp,POR,32,75,44,31,16.5,101.7,2.6,17.7,27.5,0.6,18.3,0.4,30.0,5.2,3.9,4.5,12.8,0.051,2002
210,Travis Best,CHI,29,74,30,44,23.7,104.6,1.8,7.8,12.3,1.2,35.6,0.1,4.1,7.4,6.4,5.6,17.7,0.051,2002
211,Raja Bell,PHI,25,74,37,37,12.1,98.8,1.1,8.8,13.7,0.3,14.8,0.1,4.6,4.3,3.3,3.4,8.4,0.05,2002
212,Greg Ostertag,UTA,29,74,39,35,15.0,100.7,2.5,17.2,27.7,0.2,8.0,1.5,60.2,6.2,4.4,3.7,9.5,0.05,2002
213,Will Solomon,MEM,23,62,15,47,14.2,100.5,0.9,6.3,10.8,0.6,25.2,0.1,6.0,5.5,4.5,4.3,13.5,0.05,2002
214,Steve Kerr,POR,36,65,32,33,11.9,98.4,0.8,7.0,11.4,0.2,9.7,0.0,1.2,3.7,3.1,3.0,8.5,0.05,2002
215,Slava Medvedenko,LAL,23,71,50,21,10.2,96.4,1.0,9.7,16.3,0.4,20.7,0.2,15.7,2.8,3.9,2.5,8.6,0.05,2002
216,Marcus Fizer,CHI,23,76,19,57,25.9,105.3,3.9,16.2,27.0,0.6,15.6,0.3,15.4,8.7,7.7,5.8,21.3,0.049,2002
217,Jacque Vaughn,ATL,27,82,33,49,22.6,104.5,1.8,8.5,13.6,0.8,20.5,0.0,1.3,8.2,6.2,6.9,18.8,0.049,2002
218,Brian Shaw,LAL,36,58,40,18,10.8,97.5,1.6,14.3,21.9,0.4,25.8,0.1,5.4,3.2,2.8,2.3,7.9,0.048,2002
219,Fred Hoiberg,CHI,29,79,20,59,17.8,102.8,2.4,14.3,22.8,0.8,27.2,0.1,4.0,5.8,4.6,3.5,13.0,0.048,2002
220,Clar. Weatherspoon,NYK,31,56,21,35,30.8,106.4,5.6,18.8,30.4,0.7,14.9,0.9,38.7,10.3,9.1,7.0,27.1,0.048,2002
221,Nazr Mohammed,ATL,24,82,33,49,26.5,105.6,5.0,19.4,29.9,0.8,17.0,0.7,30.7,10.0,7.7,9.5,23.0,0.048,2002
222,Danny Fortson,GSW,26,77,20,57,28.8,106.2,7.9,26.8,41.5,0.6,12.3,0.2,5.7,11.3,8.4,9.7,28.6,0.048,2002
223,Ricky Davis,CLE,22,82,29,53,23.9,105.2,2.2,9.5,14.9,0.8,22.3,0.3,10.0,8.5,6.9,6.2,19.4,0.047,2002
224,Lamond Murray,CLE,29,71,26,45,32.5,106.7,4.1,12.9,19.9,1.0,22.5,0.6,15.9,11.4,8.3,9.6,27.3,0.047,2002
225,Walter McCarty,BOS,28,56,33,23,12.8,100.3,1.7,13.2,21.2,0.3,12.9,0.1,11.7,4.5,3.9,3.0,8.5,0.047,2002
226,Eric Piatkowski,LAC,31,71,32,39,24.2,105.2,2.0,8.3,13.0,0.6,18.1,0.2,5.2,8.5,7.2,6.4,23.7,0.047,2002
227,Adonal Foyle,GSW,27,79,19,60,18.8,103.4,3.0,15.3,24.8,0.5,15.7,2.1,70.9,7.0,5.9,4.8,17.1,0.047,2002
228,Corey Maggette,LAC,22,63,29,34,25.7,105.7,2.8,10.9,17.5,0.7,20.3,0.3,8.5,8.3,8.2,6.1,23.9,0.047,2002
229,Anthony Peeler,MIN,32,82,50,32,25.1,105.5,2.1,8.3,13.6,0.7,20.0,0.1,5.3,8.0,7.9,5.8,20.8,0.046,2002
230,Nick Van Exel,DAL,30,72,33,39,34.7,107.0,3.1,9.1,14.7,0.6,12.7,0.2,3.6,10.8,11.1,10.1,29.6,0.046,2002
231,Johnny Newman,DAL,38,47,33,14,15.4,102.3,0.9,5.3,8.4,0.6,24.8,0.1,5.1,4.7,5.1,4.5,14.5,0.046,2002
232,Courtney Alexander,WAS,25,56,23,33,23.6,105.3,1.9,8.3,13.4,0.6,18.2,0.1,5.9,7.6,7.0,6.4,18.8,0.046,2002
233,Andre Miller,CLE,26,81,29,52,37.3,107.5,3.3,9.2,14.3,1.6,29.0,0.4,9.8,12.2,10.5,10.1,31.0,0.046,2002
234,Tyson Chandler,CHI,19,71,19,52,19.6,104.4,3.2,16.5,25.8,0.4,12.6,1.3,53.4,7.4,5.2,4.9,13.8,0.045,2002
235,Bob Sura,GSW,29,78,20,58,22.9,105.2,2.1,9.4,15.6,1.1,29.8,0.2,7.5,8.2,6.9,6.5,20.4,0.045,2002
236,Tim Hardaway,DEN,35,68,41,27,23.5,105.7,1.6,6.9,11.2,0.8,24.1,0.1,7.7,7.6,7.1,6.4,20.7,0.044,2002
237,Kevin Willis,HOU,39,52,16,36,16.7,103.1,3.7,23.4,36.7,0.5,19.4,0.4,29.9,5.8,4.2,4.7,14.8,0.044,2002
238,Joel Przybilla,MIL,22,71,33,38,15.9,102.9,2.9,17.4,27.5,0.3,12.3,1.7,78.1,4.8,4.8,4.1,13.0,0.044,2002
239,Robert Traylor,CHH,25,61,30,31,11.1,99.4,2.0,17.0,27.5,0.4,21.2,0.6,46.3,4.0,3.2,2.9,8.6,0.043,2002
240,Kwame Brown,WAS,20,57,26,31,14.3,102.1,2.4,17.2,28.1,0.3,11.9,0.5,35.1,5.2,4.1,3.7,10.5,0.043,2002
241,Jumaine Jones,CLE,23,81,28,53,26.5,106.2,4.5,17.6,28.4,0.9,22.7,0.6,17.8,8.3,7.6,6.6,21.1,0.043,2002
242,Jason Richardson,GSW,21,80,21,59,32.8,107.3,2.7,8.0,12.8,1.3,24.7,0.4,8.5,12.7,10.2,9.9,32.7,0.043,2002
243,Andrew DeClercq,ORL,29,61,31,30,10.4,98.5,1.5,14.6,24.3,0.4,18.5,0.4,37.7,3.3,2.5,3.0,7.9,0.043,2002
244,Art Long,SEA,29,63,37,26,15.7,102.8,2.3,15.4,25.8,0.3,10.8,0.4,35.0,5.0,4.9,3.8,11.0,0.043,2002
245,Rodney Buford,MEM,24,63,21,42,28.1,106.6,3.5,12.3,20.6,0.7,15.8,0.2,5.2,10.4,8.6,9.7,26.9,0.042,2002
246,Gilbert Arenas,GSW,20,47,10,37,24.5,106.1,1.9,7.5,12.1,1.5,35.0,0.2,6.8,9.0,7.4,6.5,23.6,0.042,2002
247,John Starks,UTA,36,66,34,32,14.1,102.0,0.8,6.1,9.9,0.5,18.2,0.0,0.0,5.2,4.0,3.5,10.3,0.042,2002
248,Jake Voskuhl,PHX,24,59,27,32,15.3,102.7,2.5,16.7,28.2,0.2,8.1,0.4,23.5,5.1,4.8,3.6,13.2,0.042,2002
249,Moochie Norris,HOU,28,82,28,54,27.4,106.5,2.1,8.0,13.2,1.0,28.1,0.0,1.7,8.9,8.1,6.6,22.6,0.041,2002
250,A.J. Guyton,CHI,24,45,10,35,13.4,101.7,0.7,5.7,9.2,0.2,10.0,0.2,10.4,3.8,3.2,3.1,10.8,0.041,2002
251,Milt Palacio,PHX,24,69,34,35,11.5,100.3,0.9,8.2,13.1,0.4,21.9,0.1,6.3,3.8,3.0,2.8,8.0,0.041,2002
252,Sean Rooks,LAC,32,61,28,33,12.0,100.9,1.5,12.3,21.2,0.2,11.9,0.3,25.3,3.5,3.8,1.7,9.1,0.04,2002
253,Antawn Jamison,GSW,26,82,21,61,37.0,108.0,4.2,11.0,17.6,0.9,14.3,0.5,11.1,14.2,11.4,11.4,36.0,0.04,2002
254,George McCloud,DEN,35,69,22,47,26.5,106.7,2.7,10.6,17.6,0.8,21.0,0.3,9.0,10.0,8.0,8.8,22.1,0.04,2002
255,Cal Bowdler,ATL,25,52,17,35,11.2,100.5,1.4,12.6,20.4,0.3,18.0,0.3,28.3,4.5,3.2,4.1,8.8,0.039,2002
256,Gerald Wallace,SAC,19,54,43,11,8.0,96.6,0.7,7.7,12.3,0.4,24.4,0.1,14.6,3.0,3.3,1.6,6.4,0.039,2002
257,Eric Montross,TOR,30,49,26,23,13.4,102.2,2.1,16.9,27.4,0.2,10.9,0.5,41.1,4.5,3.8,4.7,9.7,0.039,2002
258,Voshon Lenard,DEN,29,71,21,50,23.3,106.2,2.0,9.2,15.2,0.8,22.3,0.4,12.6,8.2,6.9,7.5,20.1,0.038,2002
259,Patrick Ewing,ORL,39,65,35,30,13.8,102.6,3.1,22.3,37.0,0.3,16.4,0.7,50.0,4.6,4.1,4.6,11.6,0.038,2002
260,Mark Strickland,ATL,31,46,16,30,14.3,103.3,2.0,14.8,22.3,0.4,14.3,0.3,26.7,5.1,3.4,5.2,11.6,0.037,2002
261,Walt Williams,HOU,32,48,16,32,23.3,106.4,2.6,11.4,18.4,0.4,13.4,0.2,7.8,8.2,6.7,6.4,20.9,0.037,2002
262,Adrian Griffin,DAL,27,58,40,18,23.9,106.5,2.8,11.6,18.3,1.3,35.9,0.2,9.2,6.9,7.5,7.2,22.9,0.037,2002
263,Larry Hughes,GSW,23,73,17,56,28.0,107.3,2.2,7.7,12.4,1.5,31.9,0.3,8.1,10.9,8.8,9.5,27.5,0.037,2002
264,Chris Mills,GSW,32,66,18,48,18.7,105.1,2.1,11.8,19.5,0.5,15.4,0.2,9.5,7.4,5.8,4.6,16.5,0.036,2002
265,Kelvin Cato,HOU,27,75,26,49,25.6,106.9,4.7,18.9,29.5,0.5,16.8,1.3,43.8,8.6,7.9,6.7,20.9,0.036,2002
266,Wang Zhi-zhi,DAL,24,55,38,17,10.8,101.2,1.7,15.5,24.4,0.2,11.2,0.3,27.7,3.3,3.0,3.3,9.2,0.036,2002
267,Mark Madsen,LAL,26,59,42,17,11.0,101.2,1.2,11.9,18.3,0.3,14.7,0.2,22.8,3.3,2.9,1.8,8.2,0.036,2002
268,Travis Knight,NYK,27,49,19,30,8.8,98.8,1.1,13.0,21.3,0.2,16.9,0.2,34.5,3.1,2.5,2.7,6.2,0.035,2002
269,Calbert Cheaney,DEN,30,68,20,48,24.1,106.8,2.7,11.6,19.0,0.5,13.8,0.3,12.1,8.8,7.4,7.6,21.8,0.035,2002
270,Sam Mitchell,MIN,38,74,47,27,9.8,100.6,0.9,9.0,14.1,0.2,11.5,0.1,6.1,3.0,2.7,2.2,7.7,0.035,2002
271,Hanno Mottola,ATL,25,82,33,49,16.7,105.0,2.3,14.4,22.7,0.2,8.9,0.2,21.8,6.5,4.9,5.8,13.9,0.034,2002
272,DeShawn Stevenson,UTA,21,67,36,31,16.9,105.2,1.3,8.3,13.3,0.4,15.3,0.4,17.0,6.0,4.7,4.8,13.1,0.033,2002
273,Mark Blount,BOS,26,44,27,17,9.4,100.6,1.3,14.8,23.5,0.4,18.2,0.4,57.6,3.1,2.8,2.1,6.2,0.033,2002
274,Rafer Alston,MIL,25,50,27,23,11.9,102.6,1.2,10.3,16.4,0.6,33.7,0.0,3.8,4.1,3.3,2.5,8.1,0.033,2002
275,Mark Jackson,NYK,37,82,30,52,28.8,107.9,3.1,11.1,17.5,0.9,23.5,0.0,0.5,10.0,8.2,7.4,24.8,0.032,2002
276,Erick Dampier,GSW,26,73,19,54,23.8,107.2,3.0,12.4,19.6,0.2,6.3,2.3,69.0,10.0,7.1,8.0,22.9,0.031,2002
277,Jahidi White,WAS,26,71,33,38,19.0,106.2,4.0,22.8,35.1,0.4,13.8,1.1,61.5,6.0,4.9,5.7,15.0,0.031,2002
278,Trenton Hassell,CHI,23,78,21,57,28.7,107.9,2.4,9.0,14.4,0.7,17.1,0.6,20.9,10.1,7.6,7.2,22.7,0.031,2002
279,Chris Dudley,POR,37,43,27,16,7.6,98.7,1.2,16.7,25.2,0.1,5.2,0.3,51.9,2.0,1.8,2.4,5.4,0.031,2002
280,Bryant Stith,CLE,31,50,15,35,13.3,104.4,1.3,10.1,16.2,0.6,26.6,0.1,7.4,4.5,4.5,3.3,10.7,0.029,2002
281,Troy Murphy,GSW,22,82,21,61,17.7,106.1,2.7,15.8,26.7,0.4,14.1,0.3,13.6,6.9,4.9,4.7,16.4,0.029,2002
282,Oscar Torres,HOU,25,65,20,45,16.6,105.9,1.2,7.3,11.9,0.4,15.8,0.1,7.8,5.3,4.6,4.9,13.6,0.029,2002
283,Earl Boykins,LAC,26,68,32,36,11.2,103.4,0.4,3.6,6.3,0.3,17.7,0.0,1.8,3.3,4.0,1.6,9.1,0.028,2002
284,Jud Buechler,ORL,34,66,36,30,10.3,103.0,1.3,13.2,21.8,0.3,19.4,0.1,11.8,3.6,2.8,3.5,8.0,0.028,2002
285,Greg Buckner,DAL,25,44,30,14,20.1,107.0,2.4,12.2,19.2,0.7,23.0,0.4,21.6,6.7,6.2,5.3,18.4,0.028,2002
286,Eddy Curry,CHI,19,72,20,52,16.0,106.0,2.2,14.3,22.5,0.2,10.3,0.7,39.8,5.8,4.3,4.1,13.3,0.028,2002
287,John Amaechi,UTA,31,54,28,26,10.9,103.8,1.1,10.6,16.9,0.1,6.3,0.2,15.6,4.7,2.7,3.1,8.6,0.026,2002
288,Vonteego Cummings,PHI,26,58,31,27,8.5,102.3,0.7,8.1,12.3,0.3,21.2,0.1,10.9,3.5,1.8,3.1,6.3,0.026,2002
289,Rick Brunson,POR,30,59,34,25,8.8,102.7,0.8,8.8,14.9,0.4,30.9,0.0,4.3,3.1,2.6,2.5,6.9,0.025,2002
290,Dion Glover,ATL,23,55,20,35,21.0,107.7,2.4,11.6,18.5,0.8,22.5,0.3,14.7,9.0,7.0,7.5,19.2,0.025,2002
291,Loren Woods,MIN,24,60,41,19,8.6,102.4,1.3,14.7,24.1,0.3,20.5,0.6,55.7,3.0,3.2,2.4,7.6,0.025,2002
292,Steven Hunter,ORL,20,53,27,26,9.7,103.6,1.1,10.2,16.1,0.1,8.1,0.8,61.4,3.0,3.2,3.5,9.0,0.025,2002
293,Shammond Williams,SEA,27,50,26,24,12.1,105.0,0.9,8.2,14.0,0.4,20.4,0.0,3.8,4.7,4.2,3.3,9.2,0.024,2002
294,Felipe Lopez,MIN,27,67,42,25,8.6,103.0,0.8,8.8,14.3,0.3,23.1,0.0,2.0,3.0,3.1,2.1,7.0,0.024,2002
295,Mark Pope,MIL,29,45,25,20,9.5,103.8,1.2,12.1,18.9,0.2,21.2,0.2,35.5,3.5,2.6,2.5,7.2,0.024,2002
296,Dalibor Bagaric,CHI,21,50,13,37,12.7,105.7,2.1,17.7,29.4,0.3,21.0,0.5,35.3,4.2,3.7,3.1,10.8,0.023,2002
297,Gary Trent,MIN,27,64,39,25,17.8,107.2,2.6,14.9,23.7,0.3,15.6,0.4,20.8,5.8,5.3,4.7,14.3,0.023,2002
298,Tony Massenburg,MEM,34,73,18,55,17.1,107.1,3.1,19.1,30.7,0.4,15.8,0.4,22.6,7.1,5.3,4.7,14.7,0.023,2002
299,Terence Morris,HOU,23,68,23,45,16.4,107.7,2.0,12.3,21.1,0.3,13.3,0.4,19.0,5.6,5.5,4.5,14.7,0.019,2002
300,Zydrunas Ilgauskas,CLE,27,62,23,39,21.5,108.8,3.2,16.0,24.4,0.3,9.4,1.4,53.2,7.6,5.6,5.3,17.3,0.017,2002
301,Michael Doleac,CLE,25,42,14,28,16.9,108.5,2.9,18.1,28.3,0.4,17.0,0.3,18.3,6.4,5.1,5.0,13.3,0.015,2002
302,Avery Johnson,DAL,37,68,27,41,19.9,108.8,0.8,4.1,7.1,0.6,22.7,0.1,4.7,6.8,6.6,5.6,16.8,0.015,2002
303,Bimbo Coles,CLE,34,47,15,32,14.8,108.2,0.9,6.6,10.6,0.3,13.7,0.1,4.4,4.9,3.5,3.2,12.3,0.014,2002
304,John Wallace,PHX,28,46,19,27,10.5,107.9,1.3,12.2,19.3,0.2,13.6,0.2,18.8,3.6,3.4,3.3,10.1,0.012,2002
305,Alton Ford,PHX,21,53,27,26,8.5,107.6,1.4,16.8,26.4,0.1,11.5,0.1,15.9,3.5,2.7,2.4,6.8,0.01,2002
306,Cherokee Parks,SAS,29,42,30,12,5.5,106.4,0.8,15.2,25.2,0.2,18.9,0.2,38.1,2.1,1.5,2.4,5.4,0.009,2002
307,Zendon Hamilton,DEN,27,54,17,37,15.7,110.2,2.6,18.8,31.0,0.4,16.5,0.3,22.0,7.2,5.1,5.0,15.0,0.006,2002
