,Player,TEAM,AGE,GP,W,L,MIN,DEF RTG,DREB,DREB%,%DREB,STL,STL%,BLK,%BLK,OPP PTSOFF TOV,OPP PTS2ND CHANCE,OPP PTSFB,OPP PTSPAINT,DEFWS,Year
0,Tim Duncan,SAS,27,81,60,21,39.3,96.4,9.7,23.8,37.8,0.7,11.6,2.9,52.9,13.3,11.3,9.4,29.4,0.173,2003
1,Ben Wallace,DET,28,73,45,28,39.3,96.6,11.4,30.4,46.1,1.4,25.9,3.2,62.7,11.4,9.1,8.1,26.3,0.172,2003
2,Jason Kidd,NJN,30,80,48,32,37.4,96.4,4.9,13.0,20.2,2.2,32.4,0.3,8.7,12.0,9.7,8.3,26.7,0.167,2003
3,Richard Jefferson,NJN,23,80,48,32,35.9,96.1,4.6,12.7,19.6,1.0,15.3,0.6,15.4,11.7,9.1,7.8,26.1,0.164,2003
4,Chris Webber,SAC,30,67,49,18,39.1,97.8,8.1,19.1,30.9,1.6,20.0,1.3,31.2,13.0,11.6,10.9,31.3,0.157,2003
5,Kenyon Martin,NJN,25,77,46,31,34.1,95.9,6.2,18.3,27.9,1.3,20.8,0.9,28.2,11.3,8.3,7.9,24.1,0.157,2003
6,Doug Christie,SAC,33,80,57,23,33.9,96.4,3.5,9.5,15.1,2.3,32.1,0.5,11.9,11.1,10.1,9.1,27.1,0.153,2003
7,Bruce Bowen,SAS,32,82,60,22,31.3,95.4,2.2,6.8,10.7,0.8,17.0,0.5,11.5,10.7,9.2,7.7,23.7,0.149,2003
8,Tony Parker,SAS,21,82,60,22,33.9,96.8,2.2,6.4,10.0,0.9,16.5,0.0,1.0,11.3,10.0,8.6,26.1,0.147,2003
9,David Robinson,SAS,37,64,45,19,26.1,93.2,5.4,19.8,30.7,0.8,20.6,1.7,39.2,8.9,7.4,6.3,18.6,0.142,2003
10,Michael Finley,DAL,30,69,53,16,38.3,98.8,4.3,10.9,17.2,1.1,17.3,0.3,6.6,8.6,10.8,9.0,29.5,0.141,2003
11,Metta World Peace,IND,23,69,43,26,33.6,97.4,3.8,10.9,17.0,2.3,34.5,0.7,18.2,11.4,10.1,9.5,26.0,0.14,2003
12,Baron Davis,NOH,24,50,28,22,37.9,98.8,2.6,7.1,11.2,1.8,28.5,0.4,12.1,11.8,10.4,9.0,30.0,0.139,2003
13,Dirk Nowitzki,DAL,25,80,59,21,39.0,99.3,8.9,22.1,34.9,1.4,21.3,1.0,22.8,9.4,11.2,9.7,30.6,0.137,2003
14,Peja Stojakovic,SAC,26,72,51,21,34.0,98.3,4.7,12.3,19.6,1.0,15.0,0.1,1.9,11.0,10.8,8.5,27.6,0.134,2003
15,Vlade Divac,SAC,35,80,59,21,29.8,96.4,5.2,16.0,25.2,1.0,18.0,1.3,38.0,9.2,8.9,7.7,23.8,0.133,2003
16,Allen Iverson,PHI,28,82,48,34,42.5,100.6,3.4,8.5,13.1,2.7,30.0,0.2,5.4,14.5,10.9,12.2,33.2,0.133,2003
17,Kerry Kittles,NJN,29,65,35,30,30.1,96.6,3.1,10.4,15.9,1.6,28.1,0.5,15.8,9.9,8.0,7.0,22.0,0.133,2003
18,Mike Bibby,SAC,25,55,38,17,33.4,98.1,2.1,5.5,8.6,1.3,20.6,0.1,4.0,10.5,9.7,8.3,27.0,0.132,2003
19,Cuttino Mobley,HOU,27,73,39,34,41.7,100.5,3.2,7.7,11.8,1.3,21.3,0.5,9.6,13.6,11.3,9.2,29.6,0.131,2003
20,Paul Pierce,BOS,25,79,42,37,39.2,99.9,6.0,15.7,24.2,1.8,24.6,0.8,24.4,12.2,10.4,9.0,25.4,0.131,2003
21,Steve Francis,HOU,26,81,42,39,41.0,100.4,4.2,10.2,16.0,1.7,28.0,0.5,10.1,13.6,11.2,9.1,29.1,0.13,2003
22,Rasheed Wallace,POR,28,74,44,30,36.3,99.3,5.9,16.8,26.7,0.9,14.9,1.0,34.2,12.8,10.0,9.2,27.6,0.127,2003
23,Jamal Mashburn,NOH,30,82,47,35,40.6,100.5,5.3,13.4,20.9,1.0,15.8,0.2,5.3,13.2,10.8,10.1,32.3,0.127,2003
24,Derrick Coleman,PHI,36,64,38,26,27.2,95.7,4.7,17.8,26.9,0.8,14.2,1.1,49.3,8.6,6.5,7.5,20.8,0.127,2003
25,Richard Hamilton,DET,25,82,50,32,32.2,98.1,2.8,9.3,14.2,0.8,17.5,0.2,4.1,9.1,7.9,6.7,22.8,0.126,2003
26,Kevin Garnett,MIN,27,82,51,31,40.5,100.6,10.5,24.8,38.7,1.4,24.0,1.6,34.6,12.2,11.6,9.4,31.4,0.125,2003
27,Bobby Jackson,SAC,30,59,45,14,28.4,96.4,2.7,8.9,14.5,1.2,23.0,0.1,1.6,9.5,8.4,7.3,22.4,0.125,2003
28,Antoine Walker,BOS,26,78,42,36,41.5,101.0,5.9,14.8,23.2,1.5,19.9,0.4,12.1,12.1,11.5,10.1,28.4,0.123,2003
29,Eric Snow,PHI,30,82,48,34,37.9,100.1,2.8,8.0,12.2,1.6,20.4,0.1,5.2,12.6,9.6,10.7,28.6,0.123,2003
30,Clifford Robinson,DET,36,81,50,31,34.9,99.3,2.9,9.0,13.9,1.1,21.8,1.1,25.7,9.8,8.8,7.3,24.9,0.123,2003
31,Jermaine O'Neal,IND,24,77,44,33,37.2,99.9,7.7,20.2,31.4,0.9,13.2,2.3,53.6,12.2,10.9,11.0,28.3,0.123,2003
32,Jason Collins,NJN,24,81,48,33,23.4,94.0,2.9,12.7,19.4,0.6,14.0,0.5,27.5,7.4,5.9,5.2,15.7,0.122,2003
33,Aaron McKie,PHI,30,80,47,33,29.7,97.7,3.6,12.8,19.8,1.6,24.7,0.1,5.1,9.3,7.6,7.8,21.6,0.121,2003
34,Eddie Jones,MIA,31,47,17,30,38.0,100.3,4.1,11.4,17.3,1.4,23.5,0.7,21.2,11.2,8.9,8.3,26.7,0.121,2003
35,Corliss Williamson,DET,29,82,50,32,25.1,95.3,2.6,10.6,16.3,0.5,15.4,0.3,11.2,7.3,6.2,4.8,16.8,0.121,2003
36,Shawn Marion,PHX,25,81,43,38,41.7,101.3,7.1,17.0,27.6,2.3,32.1,1.2,27.6,13.1,12.9,9.0,33.7,0.12,2003
37,Brad Miller,IND,27,73,42,31,31.1,98.5,5.7,17.8,27.3,0.9,15.6,0.6,18.6,11.0,8.8,9.1,24.4,0.119,2003
38,Keon Clark,SAC,28,80,58,22,22.2,93.8,3.9,15.5,24.5,0.5,12.9,1.9,63.3,7.4,6.9,5.4,16.4,0.117,2003
39,Scottie Pippen,POR,37,64,41,23,29.9,98.4,3.5,11.8,18.1,1.6,30.3,0.4,16.8,10.7,8.2,7.9,21.8,0.115,2003
40,Chauncey Billups,DET,26,74,45,29,31.5,98.9,3.2,10.9,16.7,0.9,18.9,0.2,5.6,8.6,7.4,6.0,22.2,0.115,2003
41,David Wesley,NOH,32,73,43,30,37.1,100.8,1.9,5.3,8.1,1.5,24.2,0.1,3.4,12.0,10.2,9.3,30.0,0.114,2003
42,Tony Battie,BOS,27,67,34,33,25.1,96.1,4.3,16.8,25.3,0.5,12.2,1.2,54.4,7.0,6.0,6.0,15.0,0.114,2003
43,Derek Anderson,POR,28,76,47,29,33.6,99.9,2.8,8.6,13.5,1.2,19.4,0.2,7.5,12.1,8.9,8.8,26.1,0.113,2003
44,Vladimir Radmanovic,SEA,22,72,36,36,26.5,97.4,3.4,13.3,20.9,0.9,19.0,0.3,14.6,8.4,6.9,7.1,19.0,0.111,2003
45,Chucky Atkins,DET,28,65,42,23,21.5,94.3,1.2,5.6,8.6,0.4,13.8,0.1,2.4,6.9,5.2,5.0,14.6,0.111,2003
46,Stephon Marbury,PHX,26,81,44,37,40.1,101.8,2.6,6.5,10.5,1.3,20.1,0.2,5.9,12.1,12.5,8.6,32.8,0.11,2003
47,Junior Harrington,DEN,22,82,17,65,24.4,96.3,2.5,11.4,17.1,1.0,20.9,0.2,8.3,9.8,5.4,6.2,17.0,0.109,2003
48,Al Harrington,IND,23,82,48,34,30.1,98.9,4.3,14.4,22.2,0.9,16.7,0.4,12.8,10.0,7.7,8.4,23.2,0.108,2003
49,Reggie Miller,IND,37,70,38,32,30.3,99.2,2.2,7.1,10.9,0.9,16.2,0.1,1.8,9.8,8.4,8.8,24.3,0.108,2003
50,Jamaal Tinsley,IND,25,73,43,30,30.7,99.6,2.8,8.9,13.8,1.7,29.6,0.2,7.1,10.3,8.7,9.4,24.8,0.107,2003
51,Nene,DEN,20,80,17,63,28.2,98.4,3.5,13.9,21.1,1.6,28.9,0.8,30.0,11.1,7.0,7.6,20.6,0.107,2003
52,Jerry Stackhouse,WAS,28,70,31,39,39.3,101.9,2.8,7.3,11.7,0.9,15.2,0.4,9.8,12.5,11.1,9.7,28.9,0.106,2003
53,Eric Williams,BOS,30,82,44,38,28.7,98.8,2.9,10.4,16.2,1.0,20.5,0.2,10.3,8.8,7.2,7.0,18.5,0.106,2003
54,Malik Rose,SAS,28,79,57,22,24.4,97.1,4.5,18.5,29.6,0.7,16.9,0.5,19.4,8.6,7.3,6.5,19.8,0.106,2003
55,Anfernee Hardaway,PHX,31,58,34,24,30.6,99.6,3.3,10.8,17.5,1.1,21.8,0.4,14.5,10.8,9.8,7.4,24.6,0.106,2003
56,Matt Harpring,UTA,27,78,44,34,32.8,100.3,4.2,12.7,20.4,0.9,16.3,0.2,6.1,12.2,8.6,7.8,22.8,0.105,2003
57,Lucious Harris,NJN,32,77,46,31,25.6,97.4,2.2,8.6,13.7,0.7,15.5,0.1,4.3,8.0,6.7,5.7,18.1,0.105,2003
58,Bonzi Wells,POR,26,75,44,31,32.0,100.3,3.9,12.8,20.1,1.6,28.0,0.2,9.2,11.9,8.8,8.6,25.2,0.104,2003
59,Greg Ostertag,UTA,30,81,47,34,23.8,96.5,4.0,16.7,26.0,0.2,6.0,1.8,60.0,8.6,5.5,5.5,15.6,0.103,2003
60,Rodney Rogers,NJN,32,68,42,26,19.2,93.7,3.0,14.8,24.5,0.7,21.1,0.5,24.2,6.1,5.0,4.6,12.9,0.102,2003
61,Kobe Bryant,LAL,24,82,50,32,41.5,102.8,5.6,13.4,21.0,2.2,32.4,0.8,16.9,12.9,12.0,10.0,31.8,0.1,2003
62,Kenny Thomas,PHI,25,66,37,29,30.0,99.9,5.2,18.4,28.5,0.9,16.0,0.4,17.9,10.4,7.3,7.2,22.1,0.1,2003
63,Keith Van Horn,PHI,27,74,45,29,31.6,100.7,4.9,16.9,25.9,0.9,12.8,0.4,19.6,10.8,8.1,8.8,25.0,0.098,2003
64,Tony Delk,BOS,29,67,37,30,28.0,99.6,2.9,10.3,16.1,1.1,21.6,0.1,6.8,8.9,7.6,6.4,18.7,0.097,2003
65,Stephen Jackson,SAS,25,80,59,21,28.1,99.7,2.8,9.7,15.4,1.6,36.3,0.4,10.2,9.9,7.9,7.6,22.6,0.096,2003
66,Steve Nash,DAL,29,82,60,22,33.1,101.3,2.1,6.2,9.8,1.0,19.4,0.1,1.9,8.0,9.7,8.5,27.1,0.096,2003
67,Bo Outlaw,PHX,32,80,43,37,22.5,97.0,2.9,12.4,21.0,0.6,16.3,0.9,35.7,6.7,7.5,4.0,17.1,0.096,2003
68,Eddie Griffin,HOU,21,77,41,36,24.4,98.2,4.2,16.7,25.8,0.7,18.4,1.4,41.7,7.5,6.5,5.2,17.1,0.095,2003
69,James Posey,HOU,26,83,35,48,30.3,100.7,4.0,13.9,21.6,1.3,25.3,0.2,5.3,11.2,8.0,8.3,22.5,0.095,2003
70,Michael Jordan,WAS,40,82,37,45,36.9,102.3,5.2,14.7,23.4,1.5,25.6,0.5,13.5,11.3,10.6,8.9,27.1,0.095,2003
71,Robert Horry,LAL,32,80,49,31,29.3,100.2,4.2,14.1,22.4,1.2,23.5,0.8,21.6,9.5,8.1,6.4,21.9,0.095,2003
72,Calbert Cheaney,UTA,31,81,47,34,29.0,100.0,2.6,9.4,15.0,0.8,15.1,0.2,4.9,9.8,7.5,6.6,21.2,0.094,2003
73,Shammond Williams,DEN,28,78,35,43,24.1,98.4,1.9,7.9,12.7,1.0,21.3,0.1,3.5,8.3,6.7,5.9,16.9,0.094,2003
74,Jamaal Magloire,NOH,25,82,47,35,29.8,100.4,5.7,19.6,30.3,0.6,13.2,1.4,45.7,9.4,8.3,7.5,24.5,0.094,2003
75,Shawn Bradley,DAL,31,81,59,22,21.3,96.6,4.0,18.4,28.5,0.8,20.9,2.1,72.0,5.6,6.0,5.6,16.3,0.094,2003
76,Jon Barry,DET,33,80,50,30,18.5,94.7,1.8,10.4,16.3,0.8,29.0,0.2,8.5,5.3,4.5,3.8,12.8,0.093,2003
77,Caron Butler,MIA,23,78,24,54,36.6,102.5,3.4,9.8,14.9,1.8,32.7,0.4,14.4,11.3,9.2,8.2,27.1,0.092,2003
78,P.J. Brown,NOH,33,78,45,33,33.5,101.8,5.9,18.3,28.3,0.9,16.6,1.0,33.3,11.1,9.3,7.9,27.3,0.092,2003
79,Dale Davis,POR,34,78,48,30,29.2,100.4,4.2,15.1,24.0,0.7,13.4,0.9,36.5,10.4,7.8,7.6,22.0,0.091,2003
80,Larry Hughes,WAS,24,67,29,38,31.9,101.6,3.6,11.5,18.3,1.3,25.4,0.4,10.4,10.4,8.6,8.1,23.7,0.09,2003
81,Manu Ginobili,SAS,25,69,50,19,20.8,97.1,1.7,8.0,12.7,1.4,35.8,0.2,9.2,7.1,5.9,4.8,16.9,0.09,2003
82,Juwan Howard,DEN,30,77,16,61,35.5,102.4,5.2,16.7,25.4,1.0,15.9,0.4,9.9,14.2,8.2,10.5,27.0,0.089,2003
83,Aaron Williams,NJN,31,81,49,32,19.8,96.2,2.4,11.9,19.2,0.3,9.0,0.7,35.2,6.6,5.2,4.4,14.5,0.089,2003
84,Andrei Kirilenko,UTA,22,80,46,34,27.7,100.4,3.4,12.8,20.7,1.5,29.4,2.2,58.3,10.4,7.7,6.8,20.7,0.089,2003
85,Rodney White,DEN,23,72,12,60,21.7,97.8,2.4,11.2,17.2,0.6,17.3,0.4,17.3,9.1,5.3,6.6,16.1,0.088,2003
86,Amar'e Stoudemire,PHX,20,82,44,38,31.3,101.6,5.7,18.2,29.5,0.8,15.3,1.1,31.5,10.3,9.9,7.2,26.5,0.088,2003
87,Walter McCarty,BOS,29,82,44,38,23.8,98.9,2.7,11.6,18.8,1.0,20.7,0.3,19.7,7.7,7.4,5.0,16.1,0.088,2003
88,George Lynch,NOH,32,81,47,34,18.5,95.5,2.6,14.5,22.6,0.8,24.6,0.2,12.7,6.1,4.8,4.5,14.4,0.088,2003
89,Rasho Nesterovic,MIN,27,77,47,30,30.4,101.3,4.6,15.0,23.1,0.5,12.7,1.5,45.8,9.8,8.4,7.4,23.7,0.088,2003
90,Theo Ratliff,ATL,30,81,34,47,31.2,101.5,5.6,17.2,27.2,0.7,14.4,3.2,74.6,12.1,9.0,8.3,24.8,0.088,2003
91,Brian Grant,MIA,31,82,25,57,32.2,101.9,7.3,24.4,36.5,0.8,16.2,0.6,22.0,10.3,7.6,6.7,23.6,0.087,2003
92,Jason Terry,ATL,25,81,34,47,38.1,103.2,3.0,7.5,12.1,1.6,26.3,0.2,3.6,14.9,11.7,10.6,31.4,0.087,2003
93,Vladimir Stepania,MIA,27,79,24,55,20.2,96.6,4.3,22.1,34.9,0.6,19.1,0.5,30.8,5.9,5.1,4.1,14.4,0.087,2003
94,Jim Jackson,SAC,32,63,45,18,20.8,96.9,2.8,12.3,19.4,0.5,15.7,0.1,2.7,6.9,6.0,4.3,15.1,0.087,2003
95,Eduardo Najera,DAL,26,48,36,12,22.9,98.6,2.8,11.5,18.2,0.8,22.9,0.5,21.0,6.4,7.0,5.9,18.3,0.087,2003
96,Mike James,MIA,28,78,25,53,22.1,98.0,1.6,7.5,11.8,0.8,24.5,0.1,3.9,6.2,5.7,4.1,15.9,0.086,2003
97,Yao Ming,HOU,22,82,43,39,29.0,101.1,5.8,19.9,31.0,0.4,8.8,1.8,48.7,9.7,8.0,6.3,21.0,0.086,2003
98,Karl Malone,UTA,39,81,47,34,36.2,103.0,6.4,18.0,28.9,1.7,26.3,0.4,9.1,13.5,10.0,8.2,25.7,0.085,2003
99,John Stockton,UTA,41,82,47,35,27.7,100.9,1.8,6.9,11.0,1.7,32.1,0.2,6.4,9.6,7.5,6.1,19.7,0.084,2003
100,Ryan Bowen,DEN,27,62,14,48,16.1,93.8,1.3,8.7,13.6,1.0,30.1,0.5,25.0,6.4,3.8,4.2,10.7,0.084,2003
101,Kevin Ollie,SEA,30,82,44,38,23.2,99.2,1.9,8.3,13.8,0.8,23.4,0.1,2.9,7.6,6.8,4.7,17.7,0.084,2003
102,Kendall Gill,MIN,35,82,51,31,25.2,100.2,2.4,9.3,14.7,1.0,25.3,0.2,6.5,8.1,7.3,6.3,19.4,0.083,2003
103,Steven Smith,SAS,34,53,40,13,19.5,97.0,1.5,7.3,11.3,0.5,18.7,0.2,6.3,7.0,5.6,5.3,14.4,0.083,2003
104,Shaquille O'Neal,LAL,31,67,45,22,37.8,103.5,7.2,19.0,29.0,0.6,9.3,2.4,52.5,11.8,10.7,9.7,28.0,0.083,2003
105,Mehmet Okur,DET,24,72,43,29,19.0,96.7,3.0,17.0,26.0,0.3,14.5,0.5,29.8,5.5,4.1,4.1,14.0,0.083,2003
106,Mike Miller,MEM,23,65,28,37,33.6,102.7,4.5,13.9,21.7,0.6,12.0,0.3,12.6,9.9,10.0,8.7,29.3,0.082,2003
107,Greg Buckner,PHI,26,75,45,30,20.2,97.9,1.9,10.0,15.7,1.0,22.8,0.2,14.5,6.4,5.4,5.5,14.9,0.082,2003
108,Ron Mercer,IND,27,72,43,29,23.2,99.2,1.7,7.2,11.5,0.7,18.2,0.2,7.6,7.6,6.6,6.2,19.3,0.082,2003
109,Toni Kukoc,MIL,34,63,36,27,27.0,100.9,3.2,11.9,20.2,1.3,27.5,0.5,19.9,8.0,8.7,5.6,21.2,0.082,2003
110,Courtney Alexander,NOH,26,66,36,30,20.6,98.0,1.2,5.9,9.6,0.5,13.9,0.1,4.3,6.9,5.8,5.4,16.9,0.082,2003
111,Brent Barry,SEA,31,75,37,38,33.1,102.7,3.4,11.0,17.1,1.5,26.5,0.2,8.9,10.4,8.4,8.6,26.2,0.081,2003
112,Elton Brand,LAC,24,62,22,40,39.5,103.9,6.8,16.6,26.6,1.1,20.5,2.5,48.6,14.7,12.0,8.6,33.0,0.081,2003
113,Chris Andersen,DEN,24,59,13,46,15.3,94.2,2.8,18.6,29.2,0.5,18.1,1.0,51.7,6.3,3.6,4.8,10.6,0.081,2003
114,Joe Johnson,PHX,22,82,44,38,27.5,101.1,2.5,9.1,14.8,0.8,16.6,0.2,8.9,8.1,9.0,5.5,22.8,0.081,2003
115,Donnell Harvey,DEN,22,77,16,61,21.0,98.4,3.7,18.7,28.6,0.6,17.1,0.4,18.2,8.6,4.8,6.1,15.1,0.08,2003
116,Derek Fisher,LAL,28,82,50,32,34.5,103.1,2.4,7.0,10.9,1.1,20.7,0.2,4.6,10.8,9.9,8.8,25.8,0.079,2003
117,Malik Allen,MIA,25,80,24,56,29.0,102.0,3.6,13.5,20.2,0.5,11.1,1.0,40.8,9.0,7.1,6.5,21.7,0.078,2003
118,Wally Szczerbiak,MIN,26,52,35,17,35.3,103.4,3.6,10.0,15.3,0.8,17.9,0.4,11.6,10.8,9.9,8.2,29.6,0.078,2003
119,Anthony Johnson,NJN,28,66,41,25,12.8,91.1,1.0,7.8,12.3,0.6,24.3,0.1,6.6,4.1,3.2,3.0,8.8,0.078,2003
120,Eddie House,MIA,25,55,10,45,18.6,97.7,1.5,8.6,13.2,0.8,25.3,0.0,1.2,5.7,4.1,3.8,13.4,0.077,2003
121,Ray Allen,SEA,27,76,42,34,37.9,104.1,3.8,10.5,16.4,1.4,22.7,0.2,6.9,12.1,10.0,9.4,30.7,0.077,2003
122,Vince Carter,TOR,26,43,18,25,34.2,103.4,3.0,9.0,14.0,1.1,22.2,1.0,27.7,9.3,9.7,12.5,30.3,0.076,2003
123,Vincent Yarbrough,DEN,22,59,9,50,23.4,100.3,2.1,10.2,15.5,1.0,20.7,0.6,23.6,8.3,5.9,5.9,16.6,0.076,2003
124,Elden Campbell,SEA,34,56,28,28,15.5,95.2,2.4,15.5,24.9,0.6,19.3,0.7,52.7,4.6,4.3,3.2,10.5,0.075,2003
125,Mark Jackson,UTA,38,82,47,35,17.9,97.3,1.7,9.7,15.5,0.6,20.7,0.0,1.5,7.0,4.4,4.6,12.9,0.075,2003
126,Casey Jacobsen,PHX,22,72,38,34,15.9,95.8,0.8,4.7,7.6,0.5,18.1,0.1,4.9,4.6,4.4,3.3,12.9,0.075,2003
127,Damon Stoudamire,POR,29,59,32,27,22.3,99.7,1.9,9.2,15.0,0.7,17.0,0.1,5.8,7.7,5.6,5.4,17.7,0.075,2003
128,Troy Hudson,MIN,27,79,49,30,32.9,103.3,1.8,5.3,8.1,0.8,17.9,0.1,2.5,10.4,9.1,8.3,27.3,0.075,2003
129,Tracy McGrady,ORL,24,75,39,36,39.3,104.5,4.9,13.0,20.5,1.7,23.4,0.8,26.9,12.4,11.5,10.5,33.8,0.074,2003
130,Rod Strickland,MIN,36,47,30,17,20.3,98.9,1.6,7.7,12.6,1.0,31.5,0.1,5.2,6.4,6.0,5.3,15.2,0.074,2003
131,Rashard Lewis,SEA,23,77,37,40,39.5,104.4,4.6,12.4,19.5,1.3,19.3,0.5,16.7,11.8,10.8,10.4,30.8,0.074,2003
132,Jerome James,SEA,27,51,25,26,15.0,95.0,2.7,17.9,28.2,0.2,10.3,1.6,80.4,6.0,3.6,4.0,9.9,0.074,2003
133,Jerome Moiso,NOH,25,51,30,21,12.5,92.1,2.3,19.0,29.8,0.4,16.2,0.9,54.3,4.5,3.4,3.2,9.1,0.074,2003
134,Travis Best,MIA,30,72,24,48,25.1,101.2,1.7,7.1,10.8,0.6,18.3,0.1,4.7,7.6,6.0,5.4,18.1,0.074,2003
135,Jamal Crawford,CHI,23,80,28,52,24.8,101.0,2.1,8.0,12.9,1.0,24.4,0.3,11.5,8.5,7.2,6.1,20.0,0.074,2003
136,Adrian Griffin,DAL,28,74,56,18,18.5,98.1,2.4,12.9,20.0,1.0,29.5,0.1,3.8,5.0,5.4,4.8,15.3,0.074,2003
137,Rasual Butler,MIA,24,72,19,53,21.0,99.5,2.2,10.4,16.3,0.3,9.7,0.6,26.5,7.2,5.7,4.9,15.5,0.074,2003
138,Allan Houston,NYK,32,82,37,45,37.9,104.3,2.5,7.0,11.0,0.7,11.9,0.1,3.6,12.4,10.1,8.5,33.3,0.073,2003
139,Scott Padgett,UTA,27,82,47,35,16.1,96.3,2.3,14.6,23.7,0.5,16.9,0.3,14.3,5.8,4.2,4.3,11.9,0.073,2003
140,Michael Curry,DET,34,78,47,31,19.9,99.0,1.4,7.7,11.7,0.6,20.3,0.1,2.2,6.0,4.6,4.3,14.5,0.073,2003
141,Dion Glover,ATL,24,76,32,44,24.8,101.2,2.9,11.0,17.7,0.9,24.5,0.2,6.1,9.3,7.9,6.6,20.2,0.073,2003
142,LaPhonso Ellis,MIA,33,55,17,38,14.2,94.5,2.1,14.5,23.0,0.3,11.5,0.3,24.2,4.8,3.9,3.2,10.1,0.073,2003
143,Earl Watson,MEM,24,79,27,52,17.2,97.1,1.5,8.9,14.1,1.1,31.0,0.2,9.2,5.9,5.1,4.2,13.4,0.073,2003
144,Christian Laettner,WAS,33,76,34,42,29.1,102.6,5.1,18.1,28.3,1.1,23.9,0.5,18.6,8.8,8.0,6.9,22.1,0.072,2003
145,Jerome Williams,TOR,30,71,21,50,33.0,103.5,5.9,18.6,30.1,1.6,30.4,0.4,11.3,10.3,10.1,12.2,29.9,0.072,2003
146,Antonio Davis,TOR,34,53,19,34,35.8,104.1,5.8,16.6,26.8,0.4,8.0,1.2,34.4,10.8,10.8,13.3,31.5,0.072,2003
147,Shareef Abdur-Rahim,ATL,26,81,35,46,38.0,104.4,6.2,16.0,25.3,1.1,19.0,0.5,10.3,15.4,11.3,10.6,31.1,0.072,2003
148,Ruben Patterson,POR,27,78,48,30,21.3,99.8,1.8,8.9,14.6,0.9,24.5,0.4,24.4,7.5,6.1,5.4,16.7,0.072,2003
149,Morris Peterson,TOR,25,82,24,58,35.9,104.1,3.2,9.4,15.1,1.1,19.6,0.4,11.3,11.3,10.2,13.6,32.5,0.071,2003
150,Kelvin Cato,HOU,28,73,37,36,17.2,97.6,4.1,23.8,36.9,0.5,20.2,1.2,53.8,5.9,4.5,4.0,11.8,0.07,2003
151,Erick Strickland,IND,29,71,40,31,18.0,98.1,1.7,9.2,14.2,0.5,21.0,0.1,5.5,6.1,5.1,4.6,13.6,0.07,2003
152,Darrell Armstrong,ORL,35,82,42,40,28.7,102.8,2.5,9.0,14.4,1.6,31.6,0.2,7.2,9.0,8.4,7.5,24.7,0.07,2003
153,Jonathan Bender,IND,22,46,31,15,17.8,98.1,2.0,10.8,16.0,0.2,6.5,1.2,45.9,6.4,5.2,5.4,13.2,0.07,2003
154,Glen Rice,HOU,36,62,34,28,24.7,101.5,2.0,8.1,12.9,0.4,11.0,0.1,2.5,8.5,6.5,5.5,18.1,0.069,2003
155,Kurt Thomas,NYK,30,81,36,45,31.8,103.6,5.9,19.7,31.2,1.0,22.3,1.2,53.6,10.0,8.4,6.8,27.2,0.069,2003
156,Stacey Augmon,NOH,34,70,40,30,12.3,93.1,1.3,11.1,16.9,0.4,19.1,0.1,10.8,4.0,3.0,3.0,8.6,0.069,2003
157,Desmond Mason,MIL,25,80,37,43,34.6,104.0,4.6,13.8,22.5,0.8,14.8,0.4,14.2,9.8,10.5,8.5,25.2,0.069,2003
158,Devean George,LAL,25,71,45,26,22.7,100.9,2.7,12.3,19.6,0.8,20.8,0.5,18.7,8.0,5.9,5.0,17.6,0.068,2003
159,Andrew DeClercq,ORL,30,77,38,39,17.3,97.9,2.6,15.5,25.7,0.5,15.5,0.5,41.4,6.0,5.2,4.2,13.1,0.068,2003
160,Kenny Anderson,NOH,32,61,31,30,18.6,98.8,1.7,9.1,14.7,1.0,29.1,0.1,4.8,5.7,5.2,5.1,13.5,0.068,2003
161,Jalen Rose,CHI,30,82,30,52,40.9,105.1,3.5,8.2,13.3,0.9,14.7,0.3,5.8,15.7,12.5,10.9,33.3,0.068,2003
162,Mike Wilks,MIN,24,46,25,21,15.0,96.1,1.1,7.5,11.7,0.6,23.9,0.1,6.2,4.7,4.3,3.4,10.7,0.067,2003
163,Gary Payton,MIL,34,80,37,43,40.1,105.1,3.2,8.4,13.6,1.7,23.8,0.3,8.0,11.4,12.2,10.1,29.8,0.067,2003
164,Nikoloz Tskitishvili,DEN,20,81,16,65,16.3,97.9,1.4,9.3,14.6,0.4,13.1,0.4,18.5,6.6,3.9,4.7,11.7,0.067,2003
165,Todd MacCulloch,PHI,27,42,22,20,19.3,99.6,3.1,16.7,26.2,0.5,10.9,0.8,55.2,6.7,5.1,6.2,14.1,0.066,2003
166,Rick Fox,LAL,33,76,48,28,28.7,103.1,3.4,11.7,18.0,0.9,20.2,0.2,5.8,8.5,8.5,7.4,21.9,0.066,2003
167,Arvydas Sabonis,POR,38,78,48,30,15.4,97.1,3.2,21.7,34.2,0.8,23.8,0.6,52.7,4.8,4.5,3.8,11.3,0.066,2003
168,Ricky Davis,CLE,23,79,16,63,39.7,105.2,3.7,9.3,14.4,1.6,25.5,0.5,8.8,17.4,10.6,14.0,32.4,0.066,2003
169,Brendan Haywood,WAS,23,81,36,45,23.8,101.6,2.6,11.3,17.9,0.4,10.7,1.5,57.5,7.3,6.4,5.5,16.6,0.066,2003
170,Donyell Marshall,CHI,30,78,28,50,30.5,103.6,6.0,18.8,30.8,1.2,26.0,1.1,28.9,11.9,9.4,8.6,25.4,0.066,2003
171,Darius Miles,CLE,21,67,15,52,29.9,103.5,3.7,12.2,18.9,1.0,20.9,1.0,25.2,12.6,8.7,10.0,24.9,0.065,2003
172,Jake Voskuhl,PHX,25,65,31,34,14.6,96.7,2.0,13.5,22.7,0.3,9.7,0.4,30.9,4.4,4.2,2.9,10.6,0.065,2003
173,Bryon Russell,WAS,32,70,31,39,19.9,100.2,2.4,12.6,20.4,1.0,32.3,0.1,5.7,6.3,5.5,4.3,14.5,0.065,2003
174,Brevin Knight,MEM,27,55,19,36,16.9,98.3,1.2,7.3,11.8,1.3,35.8,0.0,2.2,5.6,4.8,4.0,12.5,0.065,2003
175,Pat Garrity,ORL,26,81,42,39,31.9,104.1,2.9,9.4,15.1,0.8,13.9,0.2,10.9,9.2,9.2,7.8,27.3,0.064,2003
176,Steve Kerr,SAS,37,75,55,20,12.7,94.9,0.6,4.9,7.9,0.4,17.2,0.0,2.6,4.5,3.7,3.2,9.8,0.064,2003
177,Raef LaFrentz,DAL,27,69,48,21,23.3,101.8,3.0,12.7,20.2,0.5,14.3,1.3,49.2,5.6,6.7,6.0,19.3,0.064,2003
178,Kwame Brown,WAS,21,80,35,45,22.2,101.3,3.7,17.4,28.0,0.6,18.0,1.0,41.7,7.4,6.4,5.8,16.8,0.064,2003
179,Robert Traylor,NOH,26,69,41,28,12.3,94.7,2.2,19.1,28.9,0.7,30.2,0.5,37.4,4.5,3.2,3.3,9.8,0.064,2003
180,Charlie Ward,NYK,32,66,31,35,22.2,101.5,2.3,10.8,16.9,1.2,31.6,0.2,11.0,7.1,5.9,4.2,16.5,0.063,2003
181,Hedo Turkoglu,SAC,24,67,47,20,17.6,99.0,2.3,11.8,19.0,0.4,13.5,0.2,8.2,5.6,5.4,4.5,13.9,0.063,2003
182,Anthony Peeler,MIN,33,82,51,31,27.4,103.2,2.5,8.6,13.4,0.9,23.8,0.2,5.6,8.4,8.1,6.6,22.6,0.063,2003
183,Latrell Sprewell,NYK,32,74,36,38,38.6,105.3,3.2,8.9,14.2,1.4,25.6,0.3,12.4,12.4,10.2,8.4,34.9,0.063,2003
184,Tyronn Lue,WAS,26,75,34,41,26.5,103.0,1.7,6.6,10.8,0.6,16.5,0.0,0.5,8.3,8.2,6.4,20.8,0.063,2003
185,Zydrunas Ilgauskas,CLE,28,81,17,64,30.0,103.8,4.6,15.3,23.3,0.7,14.7,1.9,48.4,12.7,8.2,10.3,24.4,0.062,2003
186,Joe Smith,MIN,27,54,30,24,20.7,101.0,2.9,14.3,22.9,0.3,8.5,1.0,44.4,6.5,5.6,5.4,15.3,0.062,2003
187,Glenn Robinson,ATL,30,69,26,43,37.6,105.2,5.4,13.9,22.2,1.3,22.6,0.4,8.2,14.9,11.2,10.8,31.7,0.062,2003
188,Quentin Richardson,LAC,23,59,15,44,23.2,102.0,3.1,13.2,21.7,0.6,17.5,0.2,6.2,8.5,7.0,4.6,18.4,0.061,2003
189,Shane Battier,MEM,24,78,25,53,30.5,104.1,2.8,8.8,14.5,1.3,26.6,1.1,27.8,10.1,10.2,8.7,28.2,0.061,2003
190,Anthony Carter,MIA,28,49,11,38,18.6,100.5,1.4,8.1,11.9,0.9,28.3,0.1,6.9,6.6,4.6,4.2,14.6,0.061,2003
191,Tyrone Hill,PHI,35,56,21,35,24.2,102.5,4.7,21.1,32.2,0.8,19.0,0.5,18.8,9.0,5.6,8.1,19.4,0.061,2003
192,Marko Jaric,LAC,24,66,22,44,21.0,101.2,1.9,9.1,15.2,1.5,40.8,0.2,6.3,7.6,6.4,3.9,17.1,0.061,2003
193,Brian Skinner,PHI,27,77,45,32,18.0,100.0,3.0,18.2,27.9,0.6,16.5,0.7,55.2,6.8,5.0,5.5,14.0,0.061,2003
194,J.R. Bremer,BOS,22,64,32,32,23.5,102.2,2.0,8.8,14.0,0.6,15.5,0.0,2.8,7.0,6.7,6.2,16.7,0.061,2003
195,Mark Blount,BOS,27,81,25,56,17.4,99.4,2.4,14.7,23.2,0.5,18.6,0.8,48.9,6.7,4.4,4.8,12.2,0.061,2003
196,Othella Harrington,NYK,29,74,32,42,24.9,102.8,4.2,18.3,28.0,0.2,4.7,0.3,24.2,7.8,6.1,5.9,21.7,0.06,2003
197,Walt Williams,DAL,33,66,49,17,17.6,99.7,2.3,12.9,20.6,0.6,19.9,0.4,23.0,4.7,5.6,4.0,13.6,0.06,2003
198,Chris Whitney,ORL,31,51,17,34,20.6,101.2,1.3,6.6,10.6,0.6,14.8,0.0,2.0,7.8,5.2,5.8,15.5,0.06,2003
199,Calvin Booth,SEA,27,47,20,27,12.2,95.3,1.6,13.0,21.5,0.2,11.2,0.7,56.9,3.4,3.5,3.5,7.4,0.059,2003
200,Raja Bell,DAL,26,75,54,21,15.7,98.8,1.3,8.2,13.2,0.7,25.6,0.1,5.8,4.2,5.0,4.4,12.4,0.059,2003
201,Shandon Anderson,NYK,29,82,37,45,21.1,101.6,2.3,11.4,17.9,0.9,27.1,0.2,16.3,7.3,5.8,4.1,16.6,0.059,2003
202,Gerald Wallace,SAC,20,47,35,12,12.2,95.3,1.9,14.1,22.6,0.5,23.5,0.3,19.5,3.6,3.5,3.2,9.8,0.059,2003
203,Nick Van Exel,DAL,31,73,52,21,27.9,103.7,2.4,8.4,13.7,0.6,13.6,0.1,1.9,7.5,8.6,7.2,22.6,0.058,2003
204,Maurice Taylor,HOU,26,67,32,35,20.6,101.4,2.1,11.0,17.0,0.3,10.9,0.3,16.8,7.3,5.4,4.4,14.3,0.058,2003
205,Clar. Weatherspoon,NYK,32,79,36,43,25.6,103.3,4.9,19.8,31.8,0.9,22.6,0.5,26.1,8.8,7.1,5.3,22.2,0.058,2003
206,Ansu Sesay,SEA,26,45,21,24,9.9,93.0,0.9,8.3,13.3,0.3,16.5,0.1,11.9,3.6,2.8,2.6,6.4,0.057,2003
207,Damon Jones,SAC,26,49,35,14,14.5,97.9,1.2,7.7,12.1,0.4,16.4,0.1,4.7,4.2,4.6,4.0,10.9,0.057,2003
208,Vin Baker,BOS,31,52,30,22,18.2,100.8,2.1,11.9,20.0,0.4,10.6,0.6,46.9,6.3,5.9,4.1,12.5,0.057,2003
209,Ryan Humphrey,MEM,23,48,23,25,9.2,92.0,1.4,14.5,22.8,0.2,11.5,0.4,38.3,2.9,2.7,3.0,6.2,0.056,2003
210,Jacque Vaughn,ORL,28,80,41,39,21.1,102.1,1.2,5.7,9.0,0.8,22.2,0.0,1.5,7.0,6.2,5.4,17.1,0.056,2003
211,Stromile Swift,MEM,23,67,26,41,22.0,102.5,4.0,17.7,29.6,0.8,20.8,1.6,51.5,8.1,7.4,5.8,20.1,0.055,2003
212,Kedrick Brown,BOS,22,51,24,27,13.1,97.1,1.9,14.1,22.8,0.7,27.9,0.3,25.5,4.2,4.2,2.5,8.2,0.055,2003
213,Darvin Ham,ATL,29,75,30,45,12.3,96.5,1.1,8.2,13.5,0.2,11.4,0.3,18.6,4.7,3.8,2.3,8.1,0.055,2003
214,Juan Dixon,WAS,24,42,18,24,15.4,99.4,1.4,9.3,15.2,0.6,22.8,0.1,4.6,4.9,4.3,3.0,11.3,0.055,2003
215,Corie Blount,CHI,34,50,18,32,16.7,99.9,2.7,16.2,25.8,0.7,23.9,0.4,22.6,6.4,4.4,3.4,12.1,0.055,2003
216,Brian Scalabrine,NJN,25,59,39,20,12.2,96.4,1.7,14.6,23.2,0.3,12.7,0.3,34.0,3.7,3.3,2.7,9.2,0.055,2003
217,Milt Palacio,CLE,25,80,17,63,24.7,103.5,2.3,9.6,15.1,0.9,21.1,0.2,6.3,10.3,6.9,8.2,20.5,0.054,2003
218,Melvin Ely,LAC,25,52,17,35,15.4,99.2,2.1,13.6,22.1,0.2,7.6,0.6,37.2,4.8,4.5,3.0,12.0,0.054,2003
219,Moochie Norris,HOU,29,82,43,39,16.8,100.1,1.5,8.9,14.3,0.7,25.5,0.0,2.2,6.2,4.7,3.5,12.1,0.054,2003
220,Samaki Walker,LAL,27,67,39,28,18.6,101.2,3.8,19.9,31.7,0.3,10.8,0.8,35.3,6.2,5.7,5.1,15.7,0.053,2003
221,Austin Croshere,IND,28,49,29,20,12.9,97.3,2.3,17.8,27.6,0.1,6.7,0.3,16.3,3.7,3.8,3.0,9.9,0.053,2003
222,Andre Miller,LAC,27,80,27,53,36.4,105.9,2.9,7.9,12.6,1.2,24.8,0.1,3.2,12.9,11.1,7.5,31.3,0.053,2003
223,Eddie Robinson,CHI,27,64,22,42,21.2,102.7,1.9,8.9,15.1,1.0,26.8,0.2,9.2,8.0,6.8,5.3,18.4,0.052,2003
224,Chris Wilcox,LAC,20,46,12,34,10.4,95.5,1.6,14.1,24.2,0.2,8.4,0.3,24.5,3.8,3.5,1.7,8.7,0.051,2003
225,Rafer Alston,TOR,26,47,16,31,20.9,102.9,1.8,8.6,14.4,0.8,24.5,0.3,14.9,7.4,6.4,8.0,17.7,0.051,2003
226,Jumaine Jones,CLE,24,80,16,64,27.5,104.6,3.7,13.7,21.8,0.8,19.1,0.3,7.7,11.8,7.4,9.0,22.1,0.05,2003
227,Eric Piatkowski,LAC,32,62,20,42,21.9,103.2,1.8,8.1,13.0,0.5,16.3,0.1,5.5,8.2,6.7,4.5,17.5,0.05,2003
228,Fred Hoiberg,CHI,30,63,23,40,12.5,98.0,2.0,15.5,24.1,0.6,29.9,0.1,7.7,4.4,3.4,2.4,9.1,0.05,2003
229,Howard Eisley,NYK,30,82,37,45,27.4,104.7,2.0,7.7,12.2,0.9,24.1,0.1,6.5,8.6,7.0,6.3,25.1,0.049,2003
230,Charles Oakley,WAS,39,42,19,23,12.3,97.4,1.7,15.1,24.5,0.3,16.7,0.1,14.3,3.2,3.0,2.5,7.1,0.049,2003
231,Reggie Evans,SEA,23,67,35,32,20.4,102.8,4.1,22.6,34.6,0.6,15.5,0.2,13.8,6.2,4.9,5.4,16.4,0.049,2003
232,Jeff Foster,IND,26,77,45,32,10.4,96.0,2.1,20.7,31.4,0.4,21.9,0.3,26.3,3.6,2.6,3.0,8.3,0.049,2003
233,Gordan Giricek,ORL,26,76,30,46,28.3,105.0,2.7,9.3,15.3,0.7,14.7,0.1,3.3,10.0,8.8,7.9,26.5,0.048,2003
234,Trenton Hassell,CHI,24,82,30,52,24.4,104.1,2.7,10.5,17.0,0.5,15.7,0.7,23.4,9.5,7.1,6.4,19.1,0.048,2003
235,Igor Rakocevic,MIN,25,42,23,19,5.7,86.5,0.3,4.9,7.9,0.1,8.7,0.0,0.0,1.6,1.4,0.9,3.9,0.048,2003
236,Marc Jackson,MIN,28,77,49,28,13.5,99.3,1.8,13.0,20.7,0.3,16.1,0.4,24.6,4.0,3.8,3.0,10.7,0.048,2003
237,Lonny Baxter,CHI,24,55,18,37,12.4,98.6,1.8,13.9,22.6,0.2,8.1,0.4,28.9,4.2,3.4,2.9,9.8,0.048,2003
238,Wesley Person,MEM,32,66,23,43,29.4,105.3,2.5,8.5,13.7,0.6,14.1,0.3,7.7,9.9,9.4,9.1,29.1,0.048,2003
239,Corey Maggette,LAC,23,64,18,46,31.3,105.7,3.8,12.1,19.3,0.9,19.2,0.3,6.8,11.0,9.9,6.8,26.8,0.048,2003
240,Juaquin Hawkins,HOU,29,58,30,28,11.7,97.8,1.1,8.8,13.6,0.5,31.2,0.1,7.5,4.5,2.8,2.2,8.5,0.048,2003
241,Mike Batiste,MEM,25,75,28,47,16.7,101.4,2.3,14.7,24.0,0.6,16.3,0.2,13.0,5.8,5.1,3.9,13.4,0.047,2003
242,Dan Langhi,PHX,25,60,30,30,9.0,94.0,1.1,12.7,20.4,0.3,18.1,0.1,15.8,2.5,2.6,1.8,7.1,0.047,2003
243,Adonal Foyle,GSW,28,82,38,44,21.8,103.8,3.8,16.1,27.2,0.5,14.2,2.5,75.9,7.9,8.3,5.7,19.6,0.045,2003
244,John Amaechi,UTA,32,50,22,28,9.5,96.0,1.0,11.4,19.4,0.3,14.3,0.1,14.9,3.4,2.9,2.6,8.3,0.045,2003
245,Alvin Williams,TOR,28,78,24,54,33.9,106.2,2.4,7.7,12.2,1.4,27.3,0.3,8.3,10.4,9.6,12.9,31.1,0.044,2003
246,Keyon Dooling,LAC,23,55,21,34,17.6,102.5,1.1,6.5,10.8,0.4,17.9,0.1,5.7,6.2,5.4,3.9,14.4,0.044,2003
247,Chris Jefferies,TOR,23,51,11,40,13.1,100.2,0.8,6.8,11.3,0.4,15.4,0.3,18.6,4.7,3.8,5.1,11.0,0.043,2003
248,Zach Randolph,POR,21,77,48,29,16.9,102.4,2.6,17.1,27.4,0.5,17.4,0.2,14.7,6.3,4.4,5.0,14.9,0.043,2003
249,Predrag Drobnjak,SEA,27,82,40,42,24.2,104.8,2.5,11.7,18.2,0.6,14.0,0.5,33.6,7.1,6.5,6.5,20.0,0.043,2003
250,Michael Redd,MIL,23,82,42,40,28.3,105.7,3.3,12.2,20.5,1.2,25.8,0.2,6.1,8.0,9.4,6.8,23.3,0.042,2003
251,Danny Ferry,SAS,36,65,48,17,9.2,96.6,0.8,9.2,15.1,0.1,6.8,0.1,12.9,3.0,2.7,2.3,7.6,0.042,2003
252,Gary Trent,MIN,28,80,50,30,15.3,101.8,2.3,14.5,23.0,0.4,20.1,0.3,17.8,4.7,4.7,3.8,12.1,0.042,2003
253,Tayshaun Prince,DET,23,42,27,15,10.4,98.1,1.0,9.5,14.9,0.2,15.9,0.3,24.1,2.7,2.5,2.9,8.0,0.041,2003
254,Dajuan Wagner,CLE,20,47,8,39,29.5,105.9,1.3,4.4,7.0,0.8,16.8,0.1,3.7,11.6,8.8,8.8,25.1,0.041,2003
255,Brian Shaw,LAL,37,72,44,28,12.5,100.2,1.4,11.0,17.7,0.4,22.5,0.2,10.9,4.8,3.5,2.9,10.5,0.041,2003
256,Antonio Daniels,POR,28,67,39,28,13.0,100.8,0.9,7.4,12.6,0.5,19.6,0.1,12.9,4.3,3.6,3.7,10.6,0.041,2003
257,Earl Boykins,GSW,27,68,34,34,19.4,103.7,0.8,3.8,6.5,0.6,17.8,0.1,2.4,6.9,6.7,5.0,17.4,0.04,2003
258,Jay Williams,CHI,21,75,26,49,26.1,105.6,2.2,8.3,13.3,1.1,30.6,0.2,7.0,11.3,7.5,7.5,21.1,0.04,2003
259,Pat Burke,ORL,29,62,30,32,12.7,100.6,1.4,11.9,19.2,0.3,14.1,0.4,35.7,4.5,4.1,3.6,10.8,0.04,2003
260,Tim Thomas,MIL,26,80,40,40,29.5,106.2,3.7,12.7,20.5,0.9,19.4,0.6,22.1,8.8,9.1,7.5,23.3,0.04,2003
261,Shawn Kemp,ORL,33,79,41,38,20.6,104.3,3.8,19.8,30.5,0.8,23.2,0.4,29.2,6.0,5.5,5.1,17.8,0.04,2003
262,Jeff McInnis,POR,28,75,47,28,17.5,103.4,1.0,6.1,10.2,0.3,8.3,0.0,2.0,6.5,5.2,5.1,15.2,0.039,2003
263,Ira Newble,ATL,28,73,30,43,26.4,105.7,2.5,9.2,15.3,0.7,16.9,0.4,11.4,10.8,8.4,7.6,22.2,0.039,2003
264,Ervin Johnson,MIL,35,69,36,33,17.0,103.1,2.6,15.1,26.0,0.5,17.8,0.9,60.6,5.1,6.0,4.4,12.8,0.039,2003
265,John Salmons,PHI,23,64,37,27,7.7,95.6,0.7,9.1,13.4,0.3,15.5,0.1,16.2,3.2,2.0,2.3,5.6,0.039,2003
266,Kevin Willis,SAS,40,71,54,17,11.9,100.4,2.0,18.1,28.3,0.3,15.0,0.3,21.7,4.3,3.4,3.0,10.1,0.038,2003
267,Slava Medvedenko,LAL,24,58,34,24,10.7,99.4,1.3,12.0,18.2,0.2,12.1,0.1,13.1,4.1,3.2,2.8,9.3,0.038,2003
268,Tyson Chandler,CHI,20,75,28,47,24.3,105.4,4.6,18.1,29.9,0.5,14.4,1.4,45.7,9.9,7.0,6.9,20.6,0.038,2003
269,Eddy Curry,CHI,20,81,30,51,19.5,104.3,2.9,14.9,23.3,0.2,8.8,0.8,35.8,7.7,5.6,5.4,15.8,0.038,2003
270,Alan Henderson,ATL,30,82,35,47,18.2,103.9,3.0,15.7,25.9,0.4,15.6,0.4,22.7,7.3,5.9,5.2,15.1,0.038,2003
271,DeSagana Diop,CLE,21,80,16,64,11.8,100.6,1.9,16.3,25.1,0.4,18.3,1.0,60.4,5.2,2.7,3.8,8.8,0.038,2003
272,Voshon Lenard,TOR,30,63,21,42,30.6,106.5,2.6,8.9,14.5,0.9,20.7,0.3,11.9,11.0,9.4,11.4,27.7,0.038,2003
273,Jeryl Sasser,ORL,24,75,37,38,13.7,101.7,1.6,12.4,20.8,0.6,25.6,0.2,15.2,4.5,3.7,3.7,11.7,0.037,2003
274,Lorenzen Wright,MEM,27,70,21,49,28.3,106.2,5.1,18.6,29.4,0.7,16.9,0.8,23.6,9.6,8.1,8.4,26.4,0.037,2003
275,Scott Williams,PHX,35,69,36,33,12.7,101.7,1.8,14.6,23.2,0.4,19.7,0.3,25.0,4.1,4.1,3.0,10.7,0.035,2003
276,Chris Mihm,CLE,23,52,11,41,15.5,103.2,2.7,16.9,26.1,0.3,15.1,0.7,33.3,6.0,4.3,5.6,12.3,0.035,2003
277,Avery Johnson,DAL,38,48,39,9,8.9,98.2,0.4,4.7,7.4,0.3,20.8,0.0,2.4,2.9,3.0,2.4,7.7,0.035,2003
278,Mike Dunleavy,GSW,22,82,38,44,15.9,103.6,1.8,10.8,17.9,0.6,22.7,0.2,11.8,6.1,5.1,3.8,14.7,0.035,2003
279,Pau Gasol,MEM,22,82,28,54,35.9,107.3,6.4,17.7,28.8,0.4,7.7,1.8,36.4,12.3,11.8,10.8,36.0,0.035,2003
280,Jason Caffey,MIL,30,51,24,27,17.5,104.2,2.1,12.1,18.7,0.4,15.7,0.3,23.1,5.5,5.2,3.6,13.5,0.034,2003
281,Bob Sura,GSW,30,55,29,26,20.5,105.1,2.0,9.1,15.8,0.8,24.3,0.0,1.4,7.6,7.7,4.8,19.4,0.034,2003
282,Drew Gooden,ORL,21,70,25,45,26.8,106.4,4.2,15.9,25.5,0.8,18.3,0.5,16.8,9.7,7.6,7.3,24.4,0.034,2003
283,Jelani McCoy,TOR,25,67,17,50,20.4,105.2,3.9,19.5,31.6,0.4,14.1,0.9,40.3,7.4,5.9,8.0,18.1,0.034,2003
284,Tony Massenburg,UTA,35,58,35,23,13.6,102.9,1.7,13.4,22.1,0.3,10.9,0.3,22.1,5.1,3.8,3.9,11.1,0.033,2003
285,Hubert Davis,DET,33,43,26,17,7.5,97.2,0.7,9.5,14.9,0.1,12.2,0.0,0.0,2.0,1.7,2.1,5.3,0.032,2003
286,Dan Gadzuric,MIL,25,49,21,28,15.5,104.1,2.7,17.7,28.3,0.4,19.6,1.1,67.5,4.4,4.7,4.4,12.8,0.032,2003
287,Michael Doleac,NYK,26,75,36,39,13.9,103.3,2.1,15.5,24.3,0.2,10.4,0.2,28.1,4.7,3.8,2.8,12.3,0.032,2003
288,Kareem Rush,LAL,22,76,47,29,11.5,101.9,0.9,7.7,11.9,0.1,8.1,0.1,9.2,4.5,3.3,2.5,10.1,0.032,2003
289,Michael Stewart,CLE,28,47,10,37,5.3,92.4,0.8,13.4,22.0,0.0,4.4,0.3,50.0,1.8,1.6,1.4,3.7,0.031,2003
290,Carlos Boozer,CLE,21,81,17,64,25.3,106.7,5.0,20.4,31.1,0.7,18.7,0.6,18.5,10.9,6.8,8.5,21.3,0.03,2003
291,Terence Morris,HOU,24,49,26,23,12.9,103.3,1.8,13.8,22.4,0.2,9.8,0.3,19.8,4.8,4.0,3.0,10.2,0.029,2003
292,Lamar Odom,LAC,23,49,15,34,34.2,107.8,5.4,16.0,25.4,0.9,19.1,0.8,22.5,11.1,10.7,7.0,29.6,0.028,2003
293,Troy Murphy,GSW,23,79,37,42,31.8,107.6,7.3,21.7,35.2,0.8,18.7,0.4,10.3,12.1,9.9,10.0,30.2,0.028,2003
294,Smush Parker,CLE,22,66,15,51,16.7,105.4,1.4,8.4,12.9,0.7,26.1,0.2,8.8,7.3,4.3,5.9,13.7,0.027,2003
295,Jermaine Jackson,ATL,27,53,17,36,10.5,102.6,0.7,7.0,11.7,0.4,22.1,0.1,10.0,4.1,3.0,3.7,8.0,0.026,2003
296,Gilbert Arenas,GSW,21,82,38,44,35.0,108.0,3.5,9.5,15.5,1.5,29.2,0.2,4.6,13.1,11.5,10.7,32.6,0.026,2003
297,DeShawn Stevenson,UTA,22,61,33,28,12.5,104.3,1.0,8.6,14.9,0.4,16.5,0.1,9.0,4.5,3.9,3.9,10.8,0.025,2003
298,Mark Madsen,LAL,27,54,37,17,14.5,105.2,1.4,9.6,15.3,0.3,12.9,0.4,20.9,4.5,4.0,3.4,11.4,0.024,2003
299,Antawn Jamison,GSW,27,82,38,44,39.4,108.5,4.7,11.3,18.4,0.9,16.2,0.5,11.0,15.1,13.3,12.3,36.4,0.023,2003
300,Michael Bradley,TOR,24,67,20,47,19.6,106.9,3.7,20.6,32.8,0.2,8.2,0.5,25.2,6.9,5.0,7.8,18.4,0.022,2003
301,Carlos Arroyo,UTA,23,44,27,17,6.5,100.7,0.3,5.4,10.4,0.3,18.8,0.0,3.6,2.3,2.2,2.3,6.2,0.021,2003
302,Sam Cassell,MIL,33,78,40,38,34.6,108.5,3.7,10.9,17.8,1.1,21.2,0.2,6.2,10.4,10.7,9.5,28.1,0.02,2003
303,Sean Rooks,LAC,33,70,21,49,19.2,107.3,2.3,12.5,20.6,0.5,17.1,0.6,33.1,6.5,5.9,4.3,15.7,0.019,2003
304,Erick Dampier,GSW,27,82,38,44,24.1,108.0,3.6,14.3,22.5,0.3,10.0,1.9,65.0,9.3,6.9,7.7,21.6,0.018,2003
305,Jason Williams,MEM,27,76,24,52,31.6,108.7,2.5,7.7,12.5,1.2,27.1,0.1,3.1,10.8,10.4,10.0,33.2,0.017,2003
306,Qyntel Woods,POR,22,53,34,19,6.3,104.3,0.7,12.6,21.7,0.3,20.8,0.0,3.8,2.4,1.9,2.4,6.0,0.013,2003
307,Anthony Mason,MIL,36,65,33,32,32.6,109.1,5.0,16.2,25.4,0.5,11.1,0.2,7.6,10.1,9.4,8.1,26.5,0.013,2003
308,Jason Richardson,GSW,22,82,38,44,32.9,109.3,3.3,9.3,15.2,1.1,23.8,0.3,6.7,12.6,11.1,10.5,31.3,0.011,2003
309,Dan Dickau,ATL,24,50,23,27,10.4,109.0,0.7,6.9,11.0,0.3,17.1,0.0,5.0,4.2,2.9,2.8,7.8,0.004,2003
