,Player,TEAM,AGE,GP,W,L,MIN,DEF RTG,DREB,DREB%,%DREB,STL,STL%,BLK,%BLK,OPP PTSOFF TOV,OPP PTS2ND CHANCE,OPP PTSFB,OPP PTSPAINT,DEFWS,Year
0,Giannis Antetokounmpo,MIL,25,63,51,12,30.4,97.4,11.4,30.7,40.9,1.0,20.7,1.0,25.0,9.2,6.6,7.7,22.9,0.195,2020
1,Pascal Siakam,TOR,26,60,46,14,35.2,103.0,6.3,16.2,23.6,1.0,15.1,0.9,26.5,11.1,9.0,8.5,30.5,0.164,2020
2,Khris Middleton,MIL,28,62,46,16,29.9,100.9,5.5,15.7,20.8,0.9,18.1,0.1,3.1,9.5,6.4,8.2,22.0,0.159,2020
3,Kyle Lowry,TOR,34,58,41,17,36.2,104.0,4.5,11.5,16.8,1.4,20.8,0.4,12.7,12.1,9.6,9.6,31.5,0.159,2020
4,Jayson Tatum,BOS,22,66,46,20,34.3,103.5,6.0,16.5,23.8,1.4,23.0,0.9,20.9,9.9,9.1,9.2,29.9,0.156,2020
5,Marc Gasol,TOR,35,44,35,9,26.4,98.9,5.5,18.7,27.4,0.8,14.8,0.9,32.2,8.2,6.8,6.6,21.7,0.155,2020
6,LeBron James,LAL,35,67,50,17,34.6,103.6,6.9,19.1,26.9,1.2,19.1,0.5,10.6,12.2,8.1,11.6,32.1,0.154,2020
7,Fred VanVleet,TOR,26,54,40,14,35.7,104.3,3.4,8.8,13.0,1.9,28.9,0.3,8.9,12.0,9.9,9.3,29.7,0.152,2020
8,Joel Embiid,PHI,26,51,32,19,29.5,102.0,8.9,27.9,39.0,0.9,18.8,1.3,40.1,9.8,6.9,8.0,26.0,0.15,2020
9,Wesley Matthews,MIL,33,67,52,15,24.4,98.3,2.1,7.3,9.6,0.6,14.7,0.1,4.9,7.5,5.3,7.0,19.1,0.149,2020
10,Brook Lopez,MIL,32,68,53,15,26.7,100.1,3.7,11.8,15.5,0.7,16.7,2.4,62.0,8.4,5.8,7.0,21.3,0.148,2020
11,Eric Bledsoe,MIL,30,61,48,13,27.0,100.8,3.9,12.1,16.2,0.9,24.2,0.4,11.6,8.8,6.1,7.1,22.3,0.147,2020
12,Dennis Schroder,OKC,26,65,40,25,30.8,103.0,3.3,9.9,15.0,0.7,14.4,0.2,6.0,10.4,8.2,6.7,30.3,0.146,2020
13,Marcus Smart,BOS,26,60,39,21,32.0,104.6,3.1,8.9,13.0,1.7,27.7,0.5,13.3,9.8,8.9,8.4,27.7,0.136,2020
14,Gordon Hayward,BOS,30,52,34,18,33.5,105.4,5.6,15.9,23.1,0.7,12.5,0.4,11.1,10.1,9.8,9.0,31.0,0.135,2020
15,Kawhi Leonard,LAC,29,57,41,16,32.4,104.7,6.1,17.5,24.4,1.8,36.3,0.6,18.5,10.0,7.4,9.0,27.8,0.132,2020
16,Donte DiVincenzo,MIL,23,66,53,13,23.0,99.6,3.8,14.0,19.2,1.3,33.1,0.3,10.9,8.3,5.5,7.3,19.7,0.132,2020
17,OG Anunoby,TOR,22,69,50,19,29.9,104.2,4.1,12.9,18.7,1.4,23.8,0.7,24.6,10.1,8.4,7.9,26.5,0.13,2020
18,Russell Westbrook,HOU,31,57,36,21,36.0,107.1,6.2,15.7,23.8,1.6,23.2,0.4,9.3,12.8,10.4,11.3,39.0,0.127,2020
19,Anthony Davis,LAL,27,62,46,16,34.4,106.4,7.0,19.7,27.9,1.5,22.8,2.3,47.0,12.8,8.3,12.6,33.0,0.127,2020
20,Rudy Gobert,UTA,28,68,42,26,34.3,106.6,10.1,27.6,38.6,0.8,17.4,2.0,68.5,12.1,8.6,9.1,32.7,0.123,2020
21,Domantas Sabonis,IND,24,62,37,25,34.8,106.8,9.4,26.2,38.3,0.8,14.4,0.5,14.9,10.2,8.5,9.7,33.5,0.123,2020
22,Ben Simmons,PHI,23,57,35,22,35.4,107.3,5.8,15.9,22.1,2.1,33.5,0.6,14.7,12.1,8.7,10.5,34.5,0.122,2020
23,Norman Powell,TOR,27,52,40,12,28.4,104.6,3.2,9.8,14.9,1.2,20.7,0.4,13.9,9.7,8.9,7.9,25.8,0.122,2020
24,Jaylen Brown,BOS,23,57,38,19,33.9,106.8,5.3,14.9,21.6,1.1,20.1,0.4,9.6,10.2,8.9,8.9,31.1,0.12,2020
25,Malcolm Brogdon,IND,27,54,34,20,30.9,105.7,4.0,12.4,18.2,0.6,14.0,0.2,5.5,9.9,7.6,8.5,30.1,0.118,2020
26,Wendell Carter Jr.,CHI,21,43,15,28,29.2,105.3,6.2,21.6,30.6,0.8,12.9,0.8,39.1,11.5,7.3,8.0,28.1,0.117,2020
27,Josh Richardson,PHI,26,55,33,22,30.8,106.0,2.4,7.5,10.9,0.9,19.4,0.7,17.6,9.4,7.7,8.0,29.9,0.117,2020
28,Joe Ingles,UTA,32,72,44,28,29.7,105.6,3.5,11.2,15.9,0.9,22.3,0.2,5.6,10.3,7.6,7.3,29.4,0.116,2020
29,Tobias Harris,PHI,27,72,43,29,34.3,107.2,5.9,17.2,23.4,0.7,13.2,0.6,15.3,10.8,7.6,9.6,33.8,0.116,2020
30,Will Barton,DEN,29,58,38,20,33.0,106.9,5.0,14.7,21.7,1.1,18.2,0.5,15.9,10.1,8.7,8.1,33.7,0.115,2020
31,T.J. Warren,IND,26,67,42,25,32.9,106.9,3.2,9.2,13.7,1.2,23.0,0.5,13.8,10.2,8.3,9.3,32.9,0.115,2020
32,Patrick Beverley,LAC,31,51,38,13,26.3,104.0,4.1,14.5,20.5,1.1,24.1,0.5,17.6,8.8,6.2,7.1,21.4,0.114,2020
33,Kris Dunn,CHI,26,51,19,32,24.9,103.6,3.2,13.2,19.0,2.0,34.1,0.3,16.0,9.1,6.2,6.5,23.7,0.113,2020
34,James Harden,HOU,30,68,43,25,36.5,108.2,5.5,13.9,20.9,1.8,27.8,0.9,21.6,13.1,10.9,12.0,37.7,0.113,2020
35,Duncan Robinson,MIA,26,73,44,29,29.7,106.2,3.0,9.9,13.8,0.5,11.1,0.3,9.3,10.7,6.8,7.2,26.3,0.11,2020
36,Bam Adebayo,MIA,22,72,44,28,33.6,107.7,7.8,22.4,31.0,1.1,23.1,1.3,41.5,11.7,8.4,7.4,30.2,0.11,2020
37,Chris Paul,OKC,35,70,44,26,31.5,107.1,4.6,14.3,20.8,1.6,28.7,0.2,5.6,9.5,7.9,6.9,30.9,0.11,2020
38,Gary Harris,DEN,25,56,37,19,31.8,107.1,2.4,7.7,11.3,1.4,24.6,0.3,9.3,10.4,7.9,8.2,31.5,0.109,2020
39,Paul George,LAC,30,48,34,14,29.6,106.3,5.2,16.1,23.1,1.4,29.1,0.4,13.5,9.8,7.1,8.7,26.2,0.109,2020
40,Montrezl Harrell,LAC,26,63,44,19,27.8,105.8,4.5,14.1,21.1,0.6,16.5,1.1,39.8,9.7,7.7,7.7,26.4,0.109,2020
41,Al Horford,PHI,34,67,39,28,30.2,106.8,5.3,17.1,23.5,0.8,15.5,0.9,29.8,10.0,7.0,8.4,30.7,0.108,2020
42,Avery Bradley,LAL,29,49,36,13,24.2,104.0,2.0,7.7,11.0,0.9,20.1,0.1,3.0,9.2,6.2,10.1,24.4,0.108,2020
43,Serge Ibaka,TOR,30,55,40,15,27.0,105.5,6.1,20.5,30.6,0.5,10.4,0.8,32.4,9.2,7.9,7.3,23.8,0.107,2020
44,Jimmy Butler,MIA,30,58,38,20,33.8,108.0,4.8,13.9,19.3,1.8,32.3,0.6,18.8,10.9,8.3,7.7,30.7,0.106,2020
45,George Hill,MIL,34,59,47,12,21.5,102.1,2.2,8.6,11.9,0.8,24.7,0.1,3.6,7.7,5.1,6.2,15.8,0.106,2020
46,Bojan Bogdanovic,UTA,31,63,41,22,33.1,108.0,3.5,10.0,13.8,0.5,13.9,0.1,4.2,12.0,8.2,9.3,31.6,0.105,2020
47,Daniel Theis,BOS,28,65,42,23,24.1,104.0,4.4,17.2,24.9,0.6,13.4,1.3,43.3,7.1,6.3,6.5,20.9,0.105,2020
48,Jamal Murray,DEN,23,59,38,21,32.3,107.7,3.2,10.1,14.5,1.1,22.5,0.3,10.8,10.5,7.4,8.2,31.9,0.105,2020
49,Myles Turner,IND,24,62,37,25,29.4,106.7,5.2,16.8,24.8,0.7,16.4,2.1,57.4,9.0,7.6,8.7,27.5,0.104,2020
50,D.J. Augustin,ORL,32,57,28,29,24.9,104.6,1.8,6.7,9.7,0.6,14.5,0.0,0.6,7.9,6.3,7.2,23.6,0.104,2020
51,Donovan Mitchell,UTA,23,69,43,26,34.3,108.6,3.6,10.1,14.4,1.0,23.6,0.2,7.4,11.9,8.5,9.0,33.3,0.104,2020
52,Paul Millsap,DEN,35,51,30,21,24.3,104.5,3.8,15.7,22.4,0.9,19.1,0.6,30.6,8.0,5.6,6.2,22.7,0.103,2020
53,Lauri Markkanen,CHI,23,50,18,32,29.8,107.3,5.1,17.4,25.2,0.8,14.1,0.5,18.3,11.7,7.9,7.7,31.4,0.103,2020
54,Kyle Kuzma,LAL,24,61,46,15,25.0,105.2,3.6,13.5,20.1,0.5,10.6,0.4,12.4,8.4,6.2,7.6,24.2,0.102,2020
55,Hamidou Diallo,OKC,21,46,25,21,19.5,101.9,2.7,12.4,18.0,0.8,31.6,0.2,9.2,6.7,4.7,4.5,18.9,0.1,2020
56,P.J. Tucker,HOU,35,72,44,28,34.3,108.9,5.1,13.7,20.6,1.1,17.7,0.5,13.3,12.4,10.0,11.3,35.8,0.099,2020
57,Royce O'Neale,UTA,27,71,44,27,28.9,107.3,5.1,16.5,23.1,0.8,22.7,0.5,18.9,10.0,7.3,7.5,28.0,0.099,2020
58,Shai Gilgeous-Alexander,OKC,21,70,43,27,34.7,109.2,5.2,14.6,21.2,1.1,20.2,0.7,20.1,11.3,9.2,7.4,36.5,0.099,2020
59,Garrett Temple,BKN,34,62,30,32,27.9,106.9,3.0,9.6,13.9,0.8,22.5,0.5,18.0,10.2,7.7,7.2,25.9,0.098,2020
60,Kemba Walker,BOS,30,56,37,19,31.1,108.1,3.2,10.0,14.6,0.9,16.7,0.5,13.7,9.1,8.5,9.0,27.8,0.098,2020
61,Lou Williams,LAC,33,65,44,21,28.7,107.4,2.6,8.1,12.0,0.7,17.2,0.2,6.7,9.9,8.2,8.6,27.8,0.098,2020
62,Alex Caruso,LAL,26,64,48,16,18.4,101.0,1.7,8.5,12.4,1.1,31.4,0.3,12.1,6.1,4.4,4.8,16.9,0.098,2020
63,Ja Morant,MEM,20,67,33,34,31.0,108.1,3.1,9.0,13.0,0.9,18.8,0.3,7.9,11.4,8.8,8.2,28.6,0.097,2020
64,Ricky Rubio,PHX,29,65,32,33,31.0,108.4,4.0,12.8,17.9,1.4,29.2,0.2,6.4,10.2,7.8,8.1,32.2,0.097,2020
65,Mike Conley,UTA,32,47,26,21,29.0,107.6,2.5,8.3,11.9,0.8,21.1,0.1,4.3,10.1,7.7,7.7,29.0,0.097,2020
66,Steven Adams,OKC,26,63,40,23,26.7,106.7,6.0,21.4,30.8,0.8,21.0,1.1,44.4,8.8,6.3,5.4,26.5,0.096,2020
67,Jrue Holiday,NOP,30,61,26,35,34.7,109.5,3.5,9.5,13.7,1.6,28.6,0.8,21.5,13.4,9.4,11.4,35.3,0.095,2020
68,Danny Green,LAL,33,68,51,17,24.8,106.0,2.6,10.0,14.1,1.3,25.8,0.5,13.1,9.6,6.2,9.8,23.9,0.095,2020
69,Justin Holiday,IND,31,73,45,28,25.0,106.4,2.8,10.4,16.3,1.2,29.6,0.6,24.0,7.8,8.0,6.7,25.5,0.095,2020
70,Darius Bazley,OKC,20,61,36,25,18.5,102.1,3.5,17.2,25.7,0.4,13.9,0.7,31.3,6.9,5.2,4.2,18.0,0.093,2020
71,Nikola Jokic,DEN,25,73,46,27,32.0,108.9,7.5,23.7,34.1,1.2,21.9,0.6,21.6,10.2,7.8,8.2,31.2,0.093,2020
72,Kent Bazemore,SAC,30,68,32,36,24.8,106.6,3.9,14.4,21.2,1.1,28.8,0.6,19.7,7.7,7.2,6.8,22.7,0.092,2020
73,Nikola Vucevic,ORL,29,62,28,34,32.2,109.2,8.6,27.0,36.6,0.9,15.8,0.8,27.0,8.7,6.8,7.1,31.4,0.092,2020
74,Kristaps Porzingis,DAL,24,57,32,25,31.8,109.3,7.7,22.1,31.2,0.7,16.9,2.0,56.1,9.1,8.3,10.8,29.0,0.091,2020
75,Danuel House Jr.,HOU,27,63,40,23,30.4,108.7,3.3,10.1,15.2,1.1,20.5,0.5,15.3,11.0,8.5,9.3,32.3,0.091,2020
76,Jonas Valanciunas,MEM,28,70,32,38,26.4,107.3,8.2,27.9,38.6,0.4,11.6,1.1,38.6,9.4,6.6,7.6,24.1,0.09,2020
77,Mikal Bridges,PHX,23,73,34,39,28.0,108.1,3.1,10.7,15.5,1.4,29.5,0.6,25.8,9.3,7.0,7.0,28.8,0.09,2020
78,Robert Covington,HOU,29,70,27,43,30.5,108.8,5.7,18.0,26.3,1.6,28.3,1.3,33.7,10.8,8.0,8.2,30.1,0.089,2020
79,Taurean Prince,BKN,26,64,30,34,29.0,108.4,5.2,16.2,23.4,0.9,23.4,0.4,14.6,9.1,7.4,7.6,29.2,0.089,2020
80,Goran Dragic,MIA,34,59,37,22,28.2,108.2,2.7,9.0,13.1,0.7,15.5,0.2,6.0,10.6,8.2,6.4,25.8,0.089,2020
81,Kentavious Caldwell-Pope,LAL,27,69,51,18,25.5,107.2,1.5,5.6,8.2,0.8,18.9,0.2,5.8,9.0,6.2,8.6,24.4,0.088,2020
82,Terrence Ross,ORL,29,69,31,38,27.4,108.0,3.0,10.8,15.9,1.1,24.5,0.3,10.3,8.6,6.5,6.9,25.3,0.088,2020
83,Aaron Gordon,ORL,24,62,30,32,32.5,109.7,5.9,18.1,25.2,0.8,16.2,0.6,18.3,9.3,7.5,7.6,31.3,0.088,2020
84,Evan Fournier,ORL,27,66,28,38,31.4,109.5,2.3,7.4,10.4,1.1,20.0,0.2,6.7,8.4,7.1,6.8,30.3,0.087,2020
85,Landry Shamet,LAC,23,53,34,19,27.4,108.2,1.8,5.8,8.5,0.4,10.9,0.2,7.1,9.6,7.5,6.7,25.6,0.086,2020
86,Spencer Dinwiddie,BKN,27,64,30,34,31.2,109.4,3.0,8.5,12.3,0.6,17.0,0.3,11.5,10.3,8.3,8.8,30.4,0.086,2020
87,Aaron Holiday,IND,23,66,42,24,24.5,106.9,2.0,7.7,11.5,0.8,22.8,0.2,9.0,7.2,7.1,7.2,23.9,0.086,2020
88,Kelly Oubre Jr.,PHX,24,56,22,34,34.5,110.4,5.3,15.1,22.0,1.3,22.3,0.7,24.8,12.1,8.9,9.5,36.4,0.086,2020
89,DeAndre Jordan,BKN,31,56,27,29,22.0,105.8,7.5,29.3,41.4,0.3,11.8,0.9,50.0,8.6,6.1,5.7,19.4,0.086,2020
90,Tomas Satoransky,CHI,28,65,22,43,28.9,108.8,2.7,10.1,14.5,1.2,21.0,0.1,4.7,11.5,7.9,7.4,31.0,0.085,2020
91,Dillon Brooks,MEM,24,73,34,39,28.9,108.9,2.4,7.6,10.8,0.9,19.3,0.4,11.5,10.2,7.9,8.3,27.0,0.085,2020
92,Kendrick Nunn,MIA,24,67,42,25,29.3,109.1,2.4,7.9,10.9,0.8,18.2,0.2,9.0,10.8,7.7,6.6,26.6,0.084,2020
93,Pat Connaughton,MIL,27,67,53,14,18.6,103.8,3.3,15.1,21.0,0.4,15.5,0.5,21.7,6.8,4.8,5.7,15.7,0.083,2020
94,Dorian Finney-Smith,DAL,27,71,40,31,29.9,109.5,3.7,11.3,16.2,0.6,17.1,0.5,19.6,8.9,8.4,9.9,30.0,0.082,2020
95,JaMychal Green,LAC,30,63,43,20,20.7,105.7,4.9,20.9,30.2,0.5,16.5,0.4,19.5,7.0,5.6,5.4,19.9,0.082,2020
96,Caris LeVert,BKN,25,45,21,24,29.6,109.5,3.1,9.6,13.9,1.2,29.3,0.2,9.1,10.2,7.8,8.1,29.0,0.082,2020
97,Lonzo Ball,NOP,22,63,26,37,32.1,110.3,5.0,14.2,20.4,1.4,27.8,0.6,16.6,13.3,9.0,10.6,35.2,0.081,2020
98,Matisse Thybulle,PHI,23,65,40,25,19.8,105.3,1.0,4.9,6.9,1.4,36.6,0.7,30.1,7.1,4.6,5.8,20.2,0.081,2020
99,De'Anthony Melton,MEM,22,60,27,33,19.5,105.0,3.0,13.7,20.1,1.3,35.3,0.3,14.2,7.0,5.2,5.2,17.7,0.081,2020
100,Rondae Hollis-Jefferson,TOR,25,60,43,17,18.7,104.3,2.9,14.3,21.6,0.8,22.5,0.4,18.1,6.8,5.3,5.2,14.6,0.081,2020
101,Cory Joseph,SAC,28,72,31,41,24.4,107.6,2.0,8.2,11.8,0.7,19.1,0.3,14.8,8.3,5.8,5.5,23.4,0.081,2020
102,Joe Harris,BKN,28,69,33,36,30.8,109.9,3.4,10.2,14.5,0.6,14.7,0.2,8.5,9.5,7.6,8.8,31.4,0.08,2020
103,Gorgui Dieng,MEM,30,63,20,43,17.4,103.2,4.2,22.1,32.7,0.8,26.0,0.9,39.3,6.8,4.8,4.7,16.3,0.08,2020
104,Thaddeus Young,CHI,32,64,22,42,24.9,108.1,3.5,14.5,21.4,1.4,26.4,0.4,17.3,9.3,6.5,6.8,25.5,0.08,2020
105,Doug McDermott,IND,28,69,43,26,19.9,105.5,2.1,9.8,15.3,0.2,6.0,0.1,4.1,5.9,6.4,5.4,19.7,0.08,2020
106,Furkan Korkmaz,PHI,22,72,42,30,21.7,106.6,2.1,9.3,13.3,0.6,16.2,0.2,9.1,7.3,5.2,6.7,22.5,0.08,2020
107,Marcus Morris Sr.,LAC,30,62,26,36,31.2,109.9,4.1,12.8,18.2,0.8,15.9,0.5,16.8,9.8,7.6,8.6,26.4,0.08,2020
108,Ivica Zubac,LAC,23,72,49,23,18.4,104.1,4.8,24.0,33.4,0.2,7.1,0.9,47.1,5.9,4.3,5.3,15.6,0.079,2020
109,Damion Lee,GSW,27,49,12,37,29.0,109.7,4.2,14.4,20.7,1.0,20.1,0.1,4.3,10.3,7.9,9.0,28.3,0.079,2020
110,Brad Wanamaker,BOS,30,71,48,23,19.3,105.2,1.7,8.2,12.2,0.9,27.0,0.2,8.8,6.3,5.4,5.3,17.9,0.078,2020
111,Derrick Favors,NOP,28,51,24,27,24.4,107.9,6.6,24.9,35.1,0.6,15.5,0.9,35.7,10.0,6.3,8.4,25.2,0.078,2020
112,Trevor Ariza,POR,35,53,22,31,28.2,109.3,4.0,13.7,20.2,1.3,30.1,0.3,9.0,9.6,7.3,8.9,26.3,0.078,2020
113,P.J. Washington,CHA,21,58,22,36,30.3,110.1,4.4,14.5,21.4,0.9,21.2,0.8,30.1,10.5,8.3,7.5,32.6,0.078,2020
114,Zach LaVine,CHI,25,60,20,40,34.8,111.2,4.1,12.5,18.2,1.5,20.8,0.5,17.2,13.6,9.9,9.2,37.2,0.078,2020
115,Wes Iwundu,ORL,25,52,23,29,18.3,104.6,2.1,10.9,15.4,0.5,15.8,0.3,13.4,5.3,4.4,4.8,18.1,0.077,2020
116,Coby White,CHI,20,65,22,43,25.8,108.8,3.1,12.8,19.1,0.8,14.0,0.1,4.2,9.0,6.6,7.1,26.8,0.077,2020
117,Timothe Luwawu-Cabarrot,BKN,25,47,20,27,18.1,104.8,2.1,9.9,14.7,0.4,15.0,0.1,9.7,6.6,5.5,4.1,15.7,0.077,2020
118,Kyle Anderson,MEM,26,67,32,35,19.8,105.8,3.4,15.1,21.9,0.8,25.7,0.6,23.9,7.4,5.5,5.6,18.2,0.077,2020
119,Meyers Leonard,MIA,28,51,34,17,20.3,105.9,4.5,21.4,29.2,0.3,8.3,0.3,18.8,7.5,4.6,5.5,18.7,0.077,2020
120,Harrison Barnes,SAC,28,72,31,41,34.5,111.4,3.9,11.1,16.2,0.6,11.1,0.2,5.8,11.7,8.4,8.9,33.7,0.076,2020
121,Tim Hardaway Jr.,DAL,28,71,41,30,29.5,110.1,2.9,9.0,12.9,0.6,15.4,0.1,2.4,8.2,8.3,10.0,29.0,0.076,2020
122,Mike Scott,PHI,31,68,39,29,17.8,104.6,2.7,14.8,21.2,0.3,11.1,0.1,3.6,5.9,4.3,5.4,18.2,0.076,2020
123,Kyle Korver,MIL,39,58,43,15,16.6,103.7,1.8,9.1,13.3,0.4,20.5,0.2,9.8,6.6,4.4,4.7,14.2,0.076,2020
124,Brandon Ingram,NOP,22,62,25,37,33.9,111.3,5.3,14.4,21.2,1.0,18.5,0.6,16.6,13.7,9.6,11.8,36.5,0.076,2020
125,Richaun Holmes,SAC,26,44,16,28,28.2,109.6,5.3,19.1,28.0,0.9,20.5,1.3,48.7,9.7,6.8,6.3,27.0,0.076,2020
126,Brandon Clarke,MEM,23,58,29,29,22.4,107.8,4.4,17.7,26.3,0.6,15.3,0.8,31.2,8.7,6.3,6.1,20.9,0.075,2020
127,Tyler Herro,MIA,20,55,34,21,27.4,109.6,3.8,13.1,18.8,0.6,15.3,0.2,6.8,10.5,7.8,6.7,26.6,0.075,2020
128,Sterling Brown,MIL,25,52,39,13,14.7,101.7,2.9,16.8,23.2,0.6,23.6,0.1,8.4,6.4,3.7,3.8,12.1,0.075,2020
129,Enes Freedom,BOS,28,58,36,22,17.0,103.9,4.6,25.7,36.9,0.4,15.4,0.7,47.7,5.2,4.5,4.4,16.1,0.075,2020
130,Terence Davis,TOR,23,72,53,19,16.8,103.9,2.6,13.7,21.2,0.5,19.8,0.2,9.4,6.5,5.1,4.6,14.1,0.074,2020
131,Luka Doncic,DAL,21,61,36,25,33.6,111.4,8.1,22.4,32.0,1.0,23.8,0.2,7.2,10.0,9.2,10.6,34.1,0.074,2020
132,Jeremy Lamb,IND,28,46,27,19,28.1,109.8,3.8,13.5,20.3,1.2,28.8,0.5,15.7,9.1,7.1,7.7,28.3,0.074,2020
133,Nerlens Noel,OKC,26,61,38,23,18.5,105.3,3.4,17.4,26.9,1.0,29.6,1.5,63.6,6.3,5.4,4.8,18.1,0.074,2020
134,Maxi Kleber,DAL,28,74,42,32,25.5,109.2,3.7,13.6,19.6,0.3,11.1,1.1,43.7,7.3,7.4,8.3,26.1,0.073,2020
135,Maurice Harkless,NYK,27,62,39,23,23.0,108.5,3.0,11.7,16.9,0.9,25.8,0.5,20.0,8.6,6.0,7.0,21.9,0.073,2020
136,Devonte' Graham,CHA,25,63,23,40,35.1,111.8,2.7,7.8,11.9,1.0,20.1,0.2,8.1,11.8,9.9,8.3,36.7,0.073,2020
137,Draymond Green,GSW,30,43,10,33,28.4,110.4,5.7,19.2,27.6,1.4,28.4,0.8,26.4,10.7,7.3,8.1,26.8,0.072,2020
138,Alec Burks,PHI,28,66,21,45,26.6,109.8,3.5,13.1,19.4,0.9,21.8,0.3,9.9,9.7,7.0,8.3,26.7,0.072,2020
139,Derrick White,SAS,25,68,32,36,24.7,109.2,2.8,10.5,15.0,0.6,18.4,0.9,30.3,7.6,6.8,6.0,23.4,0.071,2020
140,Jarrett Allen,BKN,22,70,33,37,26.5,109.6,6.5,22.6,33.0,0.6,16.5,1.3,51.1,8.3,7.0,7.2,26.3,0.071,2020
141,Rudy Gay,SAS,33,67,30,37,21.8,108.1,4.5,19.4,27.5,0.5,15.1,0.5,18.5,7.4,5.8,6.0,20.4,0.071,2020
142,Jalen Brunson,DAL,23,57,34,23,17.9,105.6,2.0,10.0,14.6,0.4,17.7,0.1,3.9,5.1,4.8,6.3,17.7,0.07,2020
143,Ky Bowman,GSW,23,45,9,36,22.6,108.2,2.2,9.3,13.8,1.0,25.4,0.2,11.4,8.6,5.6,6.3,22.5,0.07,2020
144,Grant Williams,BOS,21,69,47,22,15.1,103.5,1.7,10.6,15.4,0.4,16.9,0.5,29.0,4.9,3.8,4.3,13.3,0.07,2020
145,Devin Booker,PHX,23,70,34,36,35.9,112.2,3.8,10.6,15.3,0.7,12.9,0.3,8.5,12.2,9.4,9.6,37.1,0.07,2020
146,Bruce Brown,DET,23,58,18,40,28.2,110.4,3.7,13.1,19.4,1.1,25.3,0.5,17.1,10.7,8.1,6.7,30.2,0.07,2020
147,Cameron Johnson,PHX,24,57,28,29,22.0,108.3,2.4,10.9,15.5,0.6,19.3,0.4,19.6,7.6,5.7,5.7,22.4,0.07,2020
148,Shabazz Napier,WAS,28,56,16,40,24.0,109.0,2.4,10.0,14.6,1.2,26.3,0.2,8.7,8.9,6.2,6.1,24.1,0.07,2020
149,Julius Randle,NYK,25,64,21,43,32.5,111.6,7.4,22.3,31.6,0.8,15.1,0.3,11.6,11.7,8.1,9.4,29.0,0.07,2020
150,Rajon Rondo,LAL,34,48,37,11,20.5,107.3,2.5,11.9,17.6,0.8,23.7,0.0,1.6,6.8,4.9,6.4,19.9,0.07,2020
151,Markelle Fultz,ORL,22,72,33,39,27.7,110.5,2.7,10.0,13.8,1.3,26.0,0.2,5.7,7.8,5.9,6.3,27.0,0.069,2020
152,Dwight Howard,LAL,34,69,52,17,18.9,106.4,4.9,25.7,36.1,0.4,14.4,1.1,52.3,6.8,4.6,6.1,17.0,0.068,2020
153,Robin Lopez,MIL,32,66,51,15,14.5,103.1,1.6,9.2,12.9,0.2,7.5,0.7,45.0,6.0,3.7,4.7,12.0,0.068,2020
154,Bogdan Bogdanovic,SAC,27,61,29,32,28.9,110.8,3.0,10.5,15.2,1.0,24.0,0.2,10.2,9.6,6.5,6.3,26.9,0.068,2020
155,Mitchell Robinson,NYK,22,61,20,41,23.2,109.1,4.0,16.0,23.3,0.9,23.6,2.0,62.6,8.7,6.1,6.2,19.4,0.068,2020
156,Jarrett Culver,MIN,21,63,19,44,23.9,109.3,2.3,9.2,13.3,0.9,21.1,0.6,19.7,8.1,6.5,6.3,25.2,0.068,2020
157,Willie Cauley-Stein,DAL,26,54,16,38,20.3,107.7,4.3,20.2,29.4,0.9,24.9,1.1,46.9,6.6,6.1,6.5,18.7,0.067,2020
158,Isaac Bonga,WAS,20,66,22,44,18.9,106.9,2.3,12.1,17.7,0.7,19.4,0.3,19.5,7.0,4.9,5.5,18.1,0.067,2020
159,Jaren Jackson Jr.,MEM,20,57,28,29,28.5,110.9,3.6,12.0,17.2,0.7,15.6,1.6,46.7,10.4,8.0,8.4,27.2,0.067,2020
160,Patty Mills,SAS,31,66,28,38,22.5,109.0,1.3,5.4,7.9,0.8,22.5,0.1,3.2,6.3,6.3,5.4,21.1,0.067,2020
161,T.J. McConnell,IND,28,71,44,27,18.7,107.1,2.1,10.7,16.6,0.8,26.2,0.2,8.9,5.6,5.6,5.3,19.5,0.066,2020
162,Raul Neto,PHI,28,54,29,25,12.4,101.1,0.9,7.2,10.3,0.4,21.1,0.1,7.9,4.8,3.2,3.2,12.6,0.066,2020
163,Danilo Gallinari,OKC,31,62,37,25,29.6,111.2,4.6,15.7,22.7,0.7,14.4,0.1,3.1,9.5,7.7,6.6,30.5,0.066,2020
164,Andre Drummond,CLE,26,57,21,36,33.0,112.0,10.8,33.6,48.6,1.9,37.2,1.6,51.1,12.8,8.6,9.6,36.0,0.066,2020
165,Svi Mykhailiuk,DET,23,56,17,39,22.6,109.2,1.6,7.1,10.4,0.7,19.2,0.1,3.6,6.9,5.7,5.7,23.7,0.065,2020
166,Ben McLemore,HOU,27,71,44,27,22.8,109.2,1.9,7.9,12.1,0.6,15.3,0.2,9.8,8.4,6.6,6.8,25.0,0.065,2020
167,Rodions Kurucs,BKN,22,47,18,29,14.5,104.2,2.4,14.1,21.0,0.5,24.8,0.1,8.9,5.8,4.4,3.2,13.1,0.065,2020
168,Abdel Nader,OKC,26,55,37,18,15.8,105.2,1.6,9.5,14.2,0.4,17.7,0.4,19.6,5.5,3.8,3.6,15.8,0.065,2020
169,JaVale McGee,LAL,32,68,51,17,16.6,105.7,3.9,21.8,31.3,0.5,16.9,1.4,50.0,6.3,4.4,6.2,16.5,0.065,2020
170,Jevon Carter,PHX,24,58,29,29,16.3,105.6,1.5,9.0,13.7,0.8,27.5,0.3,21.5,5.6,4.4,3.8,16.3,0.065,2020
171,Ryan Arcidiacono,CHI,26,58,21,37,16.0,105.4,1.6,9.8,14.8,0.5,14.0,0.1,3.8,4.9,4.0,3.8,15.3,0.065,2020
172,Mo Bamba,ORL,22,62,30,32,14.2,103.4,3.3,21.6,33.2,0.4,15.1,1.4,58.1,4.5,3.7,3.9,12.9,0.065,2020
173,Shaquille Harrison,CHI,26,43,14,29,11.3,99.7,1.5,13.9,20.2,0.8,28.1,0.4,35.8,3.6,2.7,2.3,10.3,0.065,2020
174,Christian Wood,DET,24,62,20,42,21.4,108.8,4.6,21.4,31.7,0.5,17.4,0.9,41.2,7.2,5.9,5.2,22.4,0.064,2020
175,Ersan Ilyasova,MIL,33,63,48,15,15.7,105.3,3.8,21.2,29.3,0.4,15.7,0.3,15.6,5.1,3.6,4.8,12.7,0.064,2020
176,Monte Morris,DEN,25,73,46,27,22.4,109.3,1.5,6.7,10.1,0.8,20.0,0.2,9.2,7.2,6.1,5.6,22.3,0.064,2020
177,Larry Nance Jr.,CLE,27,56,16,40,26.3,110.7,5.4,20.9,29.4,1.0,24.6,0.4,19.8,9.8,6.9,6.6,26.7,0.063,2020
178,Nemanja Bjelica,SAC,32,72,31,41,27.9,111.1,4.8,17.7,25.5,0.9,20.4,0.6,23.5,9.3,6.6,7.4,27.4,0.063,2020
179,Cody Martin,CHA,24,48,16,32,18.8,107.7,2.5,14.0,21.2,0.8,27.9,0.2,12.3,5.7,4.1,4.4,17.9,0.063,2020
180,Buddy Hield,SAC,27,72,31,41,30.8,111.9,3.8,12.4,18.2,0.9,18.6,0.2,9.2,10.9,8.3,8.4,30.5,0.063,2020
181,Frank Ntilikina,NYK,21,57,19,38,20.8,108.7,1.7,8.2,12.0,0.9,28.1,0.3,15.0,7.3,5.6,5.3,18.2,0.062,2020
182,Andrew Wiggins,GSW,25,54,15,39,34.4,112.8,3.9,11.0,16.0,0.8,15.0,1.0,22.9,13.5,9.5,10.0,34.5,0.062,2020
183,Jerome Robinson,WAS,23,63,36,27,15.5,106.0,1.8,11.0,16.3,0.4,18.1,0.3,19.1,5.2,4.2,4.6,16.2,0.061,2020
184,Jae Crowder,MIA,29,65,29,36,28.8,111.9,5.1,16.9,24.2,1.1,23.3,0.4,11.7,10.9,8.4,8.3,28.0,0.061,2020
185,Josh Hart,NOP,25,65,26,39,27.0,111.2,5.6,19.5,28.2,1.0,23.2,0.4,14.5,11.1,7.4,8.0,29.3,0.061,2020
186,Daniel Gafford,CHI,21,43,15,28,14.2,104.5,1.3,9.2,14.8,0.3,10.4,1.3,70.0,4.9,3.8,3.8,13.9,0.061,2020
187,Tony Snell,DET,28,59,18,41,27.8,111.4,1.7,6.4,9.5,0.5,12.6,0.3,10.3,10.1,7.5,7.2,30.6,0.061,2020
188,Alex Len,SAC,27,55,18,37,17.6,107.8,4.0,20.2,29.4,0.4,15.6,0.9,42.1,7.1,5.0,5.3,17.5,0.06,2020
189,Delon Wright,DAL,28,73,42,31,21.5,109.5,2.9,12.4,18.2,1.2,39.5,0.3,13.8,6.6,6.0,7.0,22.2,0.06,2020
190,Seth Curry,DAL,29,64,38,26,24.6,110.6,1.8,7.0,10.1,0.6,20.5,0.1,5.4,7.4,7.1,8.2,25.0,0.06,2020
191,Matthew Dellavedova,CLE,29,57,17,40,14.4,105.0,1.0,6.7,9.3,0.4,16.3,0.0,3.2,5.4,3.4,3.2,13.6,0.06,2020
192,Hassan Whiteside,POR,31,67,34,33,30.0,112.0,9.7,29.4,43.5,0.4,10.6,2.9,64.7,8.6,9.3,9.4,28.1,0.06,2020
193,Chris Boucher,TOR,27,62,45,17,13.2,103.8,2.7,18.5,28.7,0.4,16.7,1.0,52.6,5.4,4.0,3.6,10.8,0.059,2020
194,Michael Carter-Williams,ORL,28,45,21,24,18.5,108.1,2.2,12.1,18.1,1.1,32.9,0.5,18.6,6.0,4.3,4.8,17.2,0.059,2020
195,Austin Rivers,HOU,27,68,43,25,23.4,110.4,2.2,8.9,13.4,0.7,17.3,0.1,6.7,8.4,6.5,6.9,25.8,0.059,2020
196,Jordan Poole,GSW,21,57,12,45,22.3,110.0,1.9,8.7,13.0,0.6,15.7,0.2,9.9,8.4,5.6,7.0,23.8,0.059,2020
197,Josh Okogie,MIN,21,62,19,43,25.0,111.0,2.9,11.4,17.0,1.1,22.7,0.4,16.0,9.6,7.3,7.0,26.6,0.058,2020
198,Derrick Jones Jr.,MIA,23,59,34,25,23.3,110.4,2.8,11.5,16.4,1.0,27.4,0.6,29.5,8.7,6.2,5.1,22.0,0.058,2020
199,Damyean Dotson,NYK,26,48,14,34,17.4,107.8,1.7,9.1,13.1,0.5,18.1,0.1,5.3,6.7,4.7,3.7,15.8,0.058,2020
200,Rodney McGruder,LAC,28,56,38,18,15.6,106.8,2.2,12.3,18.1,0.5,22.0,0.1,9.4,6.1,4.5,3.7,16.1,0.057,2020
201,Kelly Olynyk,MIA,29,67,41,26,19.4,109.0,3.9,19.1,27.6,0.7,21.8,0.3,19.7,7.3,5.4,4.2,17.7,0.057,2020
202,Quinn Cook,LAL,27,44,31,13,11.5,102.5,0.9,7.1,10.2,0.3,14.5,0.0,2.9,3.9,3.1,4.1,11.3,0.057,2020
203,CJ McCollum,POR,28,70,34,36,36.5,113.6,3.6,9.0,13.5,0.8,16.2,0.6,12.8,10.6,12.2,11.1,36.6,0.056,2020
204,Jeff Green,HOU,33,48,28,20,20.0,109.4,2.3,10.8,16.3,0.5,16.3,0.4,19.6,7.9,5.1,6.3,21.2,0.056,2020
205,Jordan Clarkson,UTA,28,71,34,37,24.0,111.0,1.9,7.8,11.2,0.6,20.1,0.2,12.4,8.1,6.0,6.4,24.2,0.056,2020
206,Kevin Knox II,NYK,20,65,21,44,17.9,108.6,2.4,12.8,18.6,0.4,12.8,0.4,22.2,6.4,5.0,4.3,17.6,0.056,2020
207,Carmelo Anthony,POR,36,58,28,30,32.8,113.0,5.1,14.5,21.3,0.8,20.1,0.5,11.1,8.9,9.6,10.1,32.5,0.055,2020
208,Semi Ojeleye,BOS,25,69,46,23,14.6,106.1,1.7,10.9,16.3,0.3,14.1,0.1,4.5,4.8,4.3,3.9,13.3,0.055,2020
209,Patrick Patterson,LAC,31,59,39,20,13.2,104.9,2.0,13.6,19.3,0.1,6.4,0.1,5.3,4.8,2.9,3.5,12.9,0.055,2020
210,Tyus Jones,MEM,24,65,32,33,19.0,109.2,1.4,7.1,10.5,0.9,26.2,0.1,3.9,7.2,5.2,6.5,19.4,0.055,2020
211,Emmanuel Mudiay,UTA,24,54,34,20,15.7,107.4,2.0,11.7,16.6,0.4,22.6,0.2,11.5,6.4,4.1,4.1,16.3,0.055,2020
212,Terry Rozier,CHA,26,63,21,42,34.4,113.4,3.6,10.7,15.9,1.0,21.6,0.2,5.2,12.0,9.1,8.1,36.4,0.055,2020
213,Mason Plumlee,DEN,30,61,38,23,17.3,108.6,3.6,19.5,29.6,0.5,20.0,0.6,32.8,6.1,4.7,4.4,16.9,0.054,2020
214,Bobby Portis,NYK,25,66,21,45,21.1,110.2,3.9,18.0,25.7,0.5,15.4,0.3,13.8,7.6,5.7,4.9,19.2,0.054,2020
215,Troy Daniels,DEN,28,47,34,13,11.3,103.3,0.9,6.8,10.6,0.2,11.8,0.1,4.9,3.8,3.2,3.4,10.7,0.054,2020
216,Dewayne Dedmon,ATL,30,44,17,27,17.6,108.1,4.3,24.1,35.4,0.6,19.8,0.9,47.1,5.8,5.0,4.0,15.6,0.054,2020
217,Jakob Poeltl,SAS,24,66,30,36,17.7,108.9,3.7,19.4,28.0,0.6,19.7,1.4,57.2,4.8,5.0,4.2,16.9,0.054,2020
218,Elfrid Payton,NYK,26,45,17,28,27.7,112.3,3.6,12.6,17.6,1.6,33.2,0.4,14.4,10.4,6.9,7.8,24.8,0.054,2020
219,Terrance Ferguson,OKC,22,56,33,23,22.5,110.7,0.9,3.9,5.8,0.5,14.3,0.3,13.8,8.3,5.9,5.4,21.9,0.053,2020
220,Markieff Morris,LAL,30,58,22,36,20.5,109.9,3.1,14.4,21.8,0.5,16.6,0.3,14.9,8.1,5.5,5.8,20.4,0.053,2020
221,Khem Birch,ORL,27,48,19,29,19.2,109.5,2.7,14.4,20.5,0.4,12.7,0.5,23.7,6.2,4.5,5.1,18.8,0.053,2020
222,DeAndre' Bembry,ATL,25,43,10,33,21.3,110.6,2.7,12.3,18.9,1.3,31.3,0.4,20.2,9.4,7.1,6.1,21.4,0.053,2020
223,Derrick Rose,DET,31,50,17,33,26.0,112.2,1.9,7.1,10.7,0.8,18.8,0.3,11.9,9.8,7.1,7.6,28.5,0.052,2020
224,LaMarcus Aldridge,SAS,34,53,23,30,33.1,113.4,5.5,16.2,22.4,0.7,15.0,1.6,52.4,10.2,8.5,9.7,32.5,0.052,2020
225,Langston Galloway,DET,28,66,20,46,25.8,112.1,1.8,6.8,10.3,0.7,18.8,0.2,7.0,9.8,7.3,6.8,27.6,0.052,2020
226,Jerami Grant,DEN,26,71,45,26,26.6,112.3,2.7,9.9,15.0,0.7,17.5,0.8,29.2,9.2,7.0,6.8,27.5,0.052,2020
227,DeMar DeRozan,SAS,30,68,31,37,34.1,113.7,4.9,13.9,20.1,1.0,20.6,0.3,7.8,10.3,10.3,9.8,34.6,0.051,2020
228,Dario Saric,PHX,26,66,32,34,24.7,112.0,4.6,18.6,26.6,0.6,15.9,0.2,12.9,9.2,6.8,6.9,26.3,0.05,2020
229,Damian Lillard,POR,29,66,33,33,37.5,114.3,3.8,9.2,13.9,1.1,21.9,0.3,6.7,10.9,12.5,11.2,36.5,0.05,2020
230,De'Andre Hunter,ATL,22,63,19,44,32.0,113.6,3.8,11.6,17.3,0.7,13.6,0.3,8.9,12.7,9.4,10.6,35.9,0.049,2020
231,Marvin Williams,MIL,34,58,21,37,19.5,109.9,2.6,13.2,20.0,0.6,23.4,0.5,27.3,8.1,5.5,5.3,19.1,0.049,2020
232,Mike Muscala,OKC,28,47,26,21,12.2,105.7,2.0,15.6,21.6,0.2,10.7,0.3,22.6,3.6,3.1,2.5,12.4,0.049,2020
233,Kevin Huerter,ATL,21,56,19,37,31.4,113.6,3.4,10.6,15.8,0.9,19.5,0.5,14.1,13.0,9.5,10.3,35.9,0.048,2020
234,Jared Dudley,LAL,34,45,30,15,8.1,98.4,1.0,11.9,17.0,0.3,23.4,0.1,7.5,3.1,2.0,2.2,7.1,0.048,2020
235,JJ Redick,NOP,36,60,26,34,26.3,112.7,2.4,8.3,12.5,0.3,7.9,0.2,6.2,11.4,8.0,8.7,28.6,0.048,2020
236,James Ennis III,ORL,29,69,42,27,18.3,110.2,2.5,13.7,19.2,0.5,16.2,0.3,16.9,6.4,4.7,5.0,20.1,0.048,2020
237,Aron Baynes,PHX,33,42,19,23,22.2,111.7,4.0,17.8,24.9,0.2,7.8,0.5,36.5,8.1,6.0,5.7,21.8,0.047,2020
238,Omari Spellman,MIN,22,49,11,38,18.1,109.7,2.9,15.5,23.5,0.7,22.6,0.5,27.9,6.5,4.8,5.4,19.4,0.047,2020
239,Jaxson Hayes,NOP,20,64,28,36,16.9,109.7,2.5,14.0,21.1,0.4,14.6,0.9,47.8,6.7,4.8,5.2,17.9,0.047,2020
240,Bismack Biyombo,CHA,27,53,18,35,19.4,110.8,3.5,17.8,27.1,0.2,7.9,0.9,45.0,6.6,5.5,5.2,20.1,0.046,2020
241,Malik Beasley,MIN,23,55,30,25,22.0,111.6,2.4,10.7,16.0,0.7,18.5,0.1,7.1,7.2,5.7,6.6,24.7,0.046,2020
242,E'Twaun Moore,NOP,31,56,27,29,18.2,110.3,1.8,9.5,13.6,0.6,20.0,0.2,10.6,7.1,5.1,5.1,21.0,0.046,2020
243,Solomon Hill,MIA,29,59,29,30,18.4,110.9,2.3,11.8,17.9,0.7,22.3,0.2,9.7,7.3,5.7,5.5,18.6,0.046,2020
244,Georges Niang,UTA,27,66,41,25,14.0,108.1,1.7,11.7,17.2,0.3,15.1,0.1,7.4,4.9,3.6,3.2,14.1,0.046,2020
245,Lonnie Walker IV,SAS,21,61,29,32,16.2,109.4,1.9,11.0,16.1,0.5,21.6,0.2,10.8,4.9,4.9,3.3,15.9,0.046,2020
246,Darius Garland,CLE,20,59,17,42,30.9,113.8,1.4,4.6,6.6,0.7,17.6,0.1,3.4,13.1,8.2,9.7,35.4,0.045,2020
247,Cam Reddish,ATL,20,58,17,41,26.7,113.2,3.1,11.0,16.7,1.1,25.6,0.5,15.7,10.3,8.6,8.6,31.6,0.045,2020
248,Marco Belinelli,SAS,34,57,27,30,15.5,109.3,1.6,9.7,13.7,0.2,9.8,0.0,0.9,5.1,4.3,3.8,15.9,0.045,2020
249,Ish Smith,WAS,31,68,23,45,26.3,113.1,2.8,10.3,15.6,0.9,19.8,0.4,17.5,8.2,8.1,5.9,28.2,0.044,2020
250,Yogi Ferrell,SAC,27,50,20,30,10.6,104.9,0.9,8.5,12.7,0.4,22.2,0.1,9.1,3.3,2.3,2.0,9.2,0.044,2020
251,Nicolo Melli,NOP,29,60,26,34,17.4,110.3,2.4,13.2,19.7,0.6,21.8,0.4,23.5,6.9,5.0,5.5,19.3,0.044,2020
252,Treveon Graham,ATL,26,55,21,34,16.9,110.1,1.8,9.9,15.0,0.4,16.3,0.1,5.6,5.7,5.3,3.7,17.2,0.044,2020
253,Miles Bridges,CHA,22,65,23,42,30.7,114.0,4.2,13.8,20.6,0.6,15.7,0.7,30.4,11.0,8.7,7.8,33.2,0.043,2020
254,Davis Bertans,WAS,27,54,20,34,29.3,113.9,3.9,13.0,19.8,0.7,15.4,0.6,23.1,9.4,9.9,6.8,31.7,0.043,2020
255,D'Angelo Russell,MIN,24,45,11,34,32.3,114.3,3.6,10.7,16.0,1.1,18.5,0.3,9.0,11.9,10.6,10.5,35.0,0.043,2020
256,Moritz Wagner,WAS,23,45,15,30,18.6,111.4,3.6,20.2,29.9,0.6,20.7,0.4,33.3,6.6,5.8,4.7,19.6,0.042,2020
257,Bruno Fernando,ATL,21,56,18,38,12.7,107.6,2.3,17.9,26.3,0.3,17.1,0.3,31.5,5.8,3.8,3.7,13.8,0.042,2020
258,Malik Monk,CHA,22,55,18,37,21.3,112.3,2.4,10.8,17.4,0.5,16.6,0.3,15.0,7.8,6.7,5.2,22.3,0.042,2020
259,Keita Bates-Diop,DEN,24,44,10,34,16.9,110.9,2.3,13.1,19.4,0.4,17.3,0.5,24.2,6.6,4.9,4.6,18.0,0.042,2020
260,Goga Bitadze,IND,20,54,32,22,8.7,103.7,1.5,14.6,23.4,0.2,13.9,0.7,63.8,2.9,2.7,2.4,9.5,0.041,2020
261,Juancho Hernangomez,MIN,24,48,24,24,17.4,110.9,3.2,18.4,26.6,0.4,13.6,0.2,11.4,5.7,4.4,5.4,20.9,0.041,2020
262,Dejounte Murray,SAS,23,66,29,37,25.6,113.5,4.8,18.4,25.7,1.7,40.7,0.3,9.0,8.1,7.0,7.3,26.3,0.041,2020
263,De'Aaron Fox,SAC,22,51,20,31,32.0,114.6,3.2,9.9,14.3,1.5,28.5,0.5,18.9,10.6,8.0,8.9,31.8,0.04,2020
264,Gary Clark,ORL,25,42,23,19,13.5,109.3,1.7,11.6,18.1,0.1,7.1,0.5,33.8,4.8,4.0,4.2,14.0,0.04,2020
265,Troy Brown Jr.,WAS,20,69,24,45,25.8,113.7,4.4,17.1,26.5,1.2,27.9,0.1,4.5,8.1,8.0,6.3,28.4,0.039,2020
266,Kevin Porter Jr.,CLE,20,50,15,35,23.2,113.2,2.8,12.1,17.7,0.9,22.9,0.3,15.4,9.0,6.9,6.6,22.9,0.039,2020
267,Marko Guduric,MEM,25,44,19,25,11.0,107.1,1.3,11.5,17.1,0.3,13.6,0.2,15.7,5.1,3.5,3.0,9.7,0.039,2020
268,RJ Barrett,NYK,20,56,17,39,30.4,114.5,4.1,13.4,19.4,1.0,19.3,0.3,11.0,10.6,8.7,8.6,27.9,0.039,2020
269,Glenn Robinson III,PHI,26,62,17,45,28.8,114.3,3.0,10.6,15.8,0.9,17.6,0.3,9.2,10.9,8.3,8.4,29.8,0.039,2020
270,Eric Paschall,GSW,23,60,14,46,27.6,114.2,3.2,11.6,17.6,0.5,11.6,0.2,9.1,10.9,7.9,9.6,28.5,0.038,2020
271,Elie Okobo,PHX,22,55,23,32,13.1,109.0,1.3,10.2,16.1,0.4,20.9,0.1,6.9,4.3,4.0,3.1,13.6,0.038,2020
272,Jeff Teague,ATL,32,59,22,37,24.8,113.7,1.9,7.4,11.3,0.7,18.6,0.3,12.0,8.8,8.3,6.2,26.1,0.038,2020
273,Javonte Green,BOS,26,48,33,15,9.7,106.2,1.4,13.4,19.5,0.5,28.6,0.2,12.7,4.0,2.2,2.6,9.3,0.038,2020
274,Vince Carter,ATL,43,60,19,41,14.6,110.1,1.8,11.4,17.6,0.4,18.4,0.4,27.2,5.7,4.5,3.7,15.3,0.037,2020
275,Cody Zeller,CHA,27,58,18,40,23.1,113.6,4.3,19.7,29.5,0.7,22.1,0.4,26.6,8.0,6.1,5.2,24.8,0.036,2020
276,Marquese Chriss,GSW,22,59,15,44,20.3,113.2,4.3,21.2,31.7,0.7,20.5,1.1,50.4,7.8,5.6,5.7,21.3,0.034,2020
277,Anthony Tolliver,MEM,35,55,24,31,15.9,111.6,2.2,13.0,19.4,0.3,14.2,0.2,12.6,4.5,4.6,4.9,15.8,0.034,2020
278,Gary Trent Jr.,POR,21,61,29,32,21.8,113.6,1.2,5.2,8.0,0.8,25.9,0.3,10.1,6.6,7.0,7.0,21.3,0.034,2020
279,Cheick Diallo,PHX,23,47,20,27,10.2,107.7,2.1,20.8,31.7,0.2,12.8,0.3,32.4,3.5,2.5,2.6,10.4,0.033,2020
280,Justin Jackson,DAL,25,65,39,26,16.1,111.9,2.0,11.9,16.7,0.2,11.4,0.2,10.0,4.7,4.3,6.2,18.0,0.033,2020
281,Anfernee Simons,POR,21,70,32,38,20.7,113.4,1.8,8.0,12.0,0.4,16.0,0.1,5.9,6.9,6.6,6.3,20.6,0.033,2020
282,Tony Bradley,UTA,22,58,36,22,11.4,109.4,2.7,22.6,32.4,0.2,20.0,0.6,60.0,3.9,3.1,2.5,12.9,0.033,2020
283,Michael Porter Jr.,DEN,22,55,36,19,16.4,112.4,3.5,21.4,30.9,0.5,18.2,0.5,29.8,5.7,4.6,4.2,16.1,0.032,2020
284,Tristan Thompson,CLE,29,57,19,38,30.2,115.2,6.2,20.7,29.4,0.6,15.0,0.9,51.5,13.9,7.4,10.5,35.7,0.032,2020
285,Kevin Love,CLE,31,56,16,40,31.8,115.4,8.8,28.6,40.7,0.6,13.9,0.3,18.8,13.2,7.7,11.1,36.9,0.032,2020
286,Cedi Osman,CLE,25,65,19,46,29.4,115.2,3.0,10.3,14.7,0.8,21.3,0.2,15.0,12.9,7.9,9.5,34.6,0.031,2020
287,Torrey Craig,DEN,29,58,38,20,18.5,113.3,2.2,11.8,17.4,0.4,15.2,0.6,35.0,6.7,4.8,5.2,19.1,0.03,2020
288,Trey Lyles,SAS,24,63,27,36,20.2,113.7,4.6,22.8,31.5,0.4,14.1,0.4,23.7,6.3,5.4,5.9,21.0,0.03,2020
289,Bryn Forbes,SAS,26,63,27,36,25.1,114.8,1.8,7.1,10.0,0.5,15.1,0.0,0.0,7.8,7.1,7.7,26.1,0.029,2020
290,Trae Young,ATL,21,60,18,42,35.3,116.1,3.7,10.0,15.3,1.1,19.8,0.1,3.6,14.6,11.3,11.4,41.9,0.029,2020
291,Thon Maker,DET,23,60,20,40,12.9,111.9,1.9,15.2,24.3,0.4,20.5,0.7,50.6,5.1,3.7,3.2,14.5,0.027,2020
292,Taj Gibson,NYK,35,62,21,41,16.5,113.7,2.5,15.8,22.3,0.4,15.4,0.5,40.5,6.0,4.3,4.7,15.7,0.025,2020
293,Boban Marjanovic,DAL,31,44,21,23,9.6,110.5,3.0,29.8,39.6,0.2,17.4,0.2,37.0,3.1,2.3,3.5,9.7,0.024,2020
294,Mario Hezonja,POR,25,53,24,29,16.4,114.2,2.9,15.8,24.4,0.7,27.1,0.2,9.1,5.4,5.9,5.1,15.4,0.023,2020
295,Frank Jackson,NOP,22,59,26,33,13.5,113.3,1.0,7.0,10.8,0.3,15.3,0.1,5.1,5.2,4.2,4.5,15.6,0.023,2020
296,Nassir Little,POR,20,48,22,26,11.9,112.7,1.6,12.0,18.6,0.3,17.8,0.3,20.6,3.6,4.2,3.0,11.0,0.022,2020
297,Chris Silva,MIA,23,44,27,17,7.9,109.8,1.5,18.4,29.5,0.2,16.1,0.5,56.8,4.2,2.7,2.3,7.0,0.022,2020
298,Thomas Bryant,WAS,22,46,15,31,24.9,116.0,5.1,19.8,29.7,0.5,15.2,1.1,44.1,9.2,7.2,7.9,27.8,0.02,2020
299,Nickeil Alexander-Walker,NOP,21,47,19,28,12.6,113.5,1.6,12.2,19.1,0.4,22.1,0.2,14.5,4.8,4.1,3.3,13.9,0.02,2020
300,Rui Hachimura,WAS,22,48,15,33,30.1,116.7,4.5,15.5,23.2,0.8,15.9,0.2,7.1,11.3,8.9,9.1,33.0,0.018,2020
301,Collin Sexton,CLE,21,65,19,46,33.0,117.0,2.2,6.9,10.0,1.0,21.6,0.1,5.4,14.2,8.7,10.7,38.8,0.017,2020
302,Harry Giles III,SAC,22,46,22,24,14.5,115.0,3.2,24.1,34.9,0.5,18.3,0.4,43.9,5.0,4.0,5.0,14.9,0.017,2020
303,Bradley Beal,WAS,27,57,20,37,36.0,117.6,3.3,9.5,14.2,1.2,21.8,0.4,13.3,13.0,11.2,10.3,38.5,0.012,2020
304,Damian Jones,ATL,25,55,15,40,16.1,117.3,2.4,15.3,24.1,0.5,16.3,0.7,45.5,6.4,5.1,4.7,17.9,0.007,2020
