,Player,TEAM,AGE,GP,W,L,MIN,DEF RTG,DREB,DREB%,%DREB,STL,STL%,BLK,%BLK,OPP PTSOFF TOV,OPP PTS2ND CHANCE,OPP PTSFB,OPP PTSPAINT,DEFWS,Year
0,Mike Conley,MEM,25,80,54,26,34.5,96.0,2.3,7.0,10.6,2.2,33.3,0.3,8.3,9.8,8.4,8.5,27.0,0.183,2013
1,Marc Gasol,MEM,28,80,55,25,35.0,96.3,5.5,16.6,25.4,1.0,15.3,1.7,45.9,10.7,8.0,8.9,26.7,0.182,2013
2,Paul George,IND,23,79,48,31,37.6,98.1,6.5,16.7,25.3,1.8,30.8,0.6,12.7,12.4,10.1,7.2,27.5,0.176,2013
3,George Hill,IND,27,76,46,30,34.5,97.9,3.1,8.7,13.2,1.1,20.1,0.3,7.1,10.7,9.6,6.4,25.1,0.163,2013
4,Joakim Noah,CHI,28,66,36,30,36.8,99.3,7.2,19.3,29.9,1.2,22.2,2.1,53.6,11.6,10.1,9.7,27.8,0.159,2013
5,Zach Randolph,MEM,31,76,51,25,34.3,98.3,7.2,22.6,34.7,0.8,12.6,0.4,12.3,10.6,8.4,9.5,28.2,0.156,2013
6,David West,IND,32,73,43,30,33.4,98.2,5.7,16.7,25.3,1.0,19.2,0.9,20.5,10.5,8.9,6.8,24.2,0.155,2013
7,Kevin Garnett,BOS,37,68,36,32,29.7,96.4,6.7,22.9,34.4,1.1,21.4,0.9,36.9,9.5,8.3,6.6,23.9,0.154,2013
8,Kawhi Leonard,SAS,22,58,43,15,31.2,97.3,4.9,15.5,22.4,1.7,28.8,0.6,14.4,10.0,7.1,8.7,25.6,0.152,2013
9,Tony Allen,MEM,31,79,54,25,26.7,95.4,3.1,12.2,18.5,1.5,28.5,0.6,18.5,8.6,5.9,6.7,21.1,0.148,2013
10,Tony Parker,SAS,31,66,47,19,32.9,98.6,2.7,8.1,11.9,0.8,14.2,0.1,2.2,9.8,8.1,9.0,27.3,0.148,2013
11,Rudy Gay,TOR,26,75,46,29,35.8,99.9,4.8,14.2,21.8,1.5,23.7,0.7,17.5,11.5,8.9,9.7,29.0,0.146,2013
12,Kevin Durant,OKC,24,81,60,21,38.5,100.9,7.3,17.9,27.5,1.4,22.4,1.3,19.8,13.2,10.9,9.4,32.8,0.146,2013
13,Tim Duncan,SAS,37,69,50,19,30.1,97.8,8.1,25.8,37.6,0.7,14.7,2.7,62.5,9.5,7.4,8.7,23.8,0.142,2013
14,Roy Hibbert,IND,26,79,49,30,28.7,97.3,4.6,15.1,22.7,0.5,11.4,2.6,61.1,8.9,7.8,6.0,20.3,0.141,2013
15,Luol Deng,CHI,28,75,42,33,38.7,101.9,4.2,11.0,17.1,1.1,18.3,0.4,10.8,12.5,10.2,10.7,31.8,0.137,2013
16,Dwyane Wade,MIA,31,69,55,14,34.6,100.9,3.7,11.2,17.3,1.9,26.7,0.8,21.9,10.4,10.7,8.3,28.9,0.134,2013
17,LeBron James,MIA,28,76,61,15,37.9,101.9,6.8,18.0,28.3,1.7,23.5,0.9,20.7,11.4,11.2,9.2,31.4,0.132,2013
18,Thabo Sefolosha,OKC,29,81,59,22,27.5,98.0,3.2,10.8,16.5,1.3,26.8,0.5,10.9,9.1,7.4,7.2,22.5,0.131,2013
19,Tiago Splitter,SAS,28,81,58,23,24.7,96.2,4.6,17.8,26.7,0.8,17.5,0.8,27.5,8.1,6.0,6.9,19.6,0.131,2013
20,Russell Westbrook,OKC,24,82,60,22,34.9,101.2,3.9,10.4,15.9,1.8,29.2,0.3,4.7,12.0,9.7,8.9,29.8,0.13,2013
21,Lance Stephenson,IND,22,78,46,32,29.2,98.9,3.3,11.2,16.9,1.0,22.0,0.2,5.2,8.7,7.8,6.0,21.1,0.129,2013
22,Nene,WAS,30,61,26,35,27.2,98.3,5.0,18.3,26.1,0.9,21.6,0.6,24.8,9.4,6.0,5.8,20.0,0.128,2013
23,Serge Ibaka,OKC,23,80,58,22,31.1,100.2,4.9,14.7,22.3,0.4,6.8,3.0,52.4,11.0,8.7,8.2,26.0,0.126,2013
24,Paul Pierce,BOS,35,77,41,36,33.4,101.3,5.7,16.9,26.2,1.1,18.8,0.4,12.6,11.1,10.0,8.5,29.7,0.125,2013
25,John Wall,WAS,22,49,24,25,32.7,101.2,3.3,10.0,14.8,1.3,26.3,0.8,23.1,11.4,8.2,7.8,26.3,0.124,2013
26,Danny Green,SAS,26,80,57,23,27.5,98.7,2.6,9.2,13.5,1.2,24.1,0.7,18.9,9.0,7.0,7.6,22.3,0.124,2013
27,Bradley Beal,WAS,20,56,21,35,31.2,100.6,3.0,9.6,14.2,0.9,19.6,0.5,16.5,10.9,7.9,7.9,24.2,0.123,2013
28,Kirk Hinrich,CHI,32,60,38,22,29.4,100.1,2.4,8.0,12.0,1.1,24.8,0.4,14.0,9.3,7.2,7.6,24.0,0.121,2013
29,Al Horford,ATL,27,74,42,32,37.2,102.6,7.6,20.6,31.0,1.1,16.8,1.1,28.3,12.3,9.9,8.8,32.4,0.121,2013
30,Jamal Crawford,LAC,33,76,51,25,29.3,100.2,1.4,4.7,7.5,1.0,17.9,0.2,4.6,10.0,8.6,7.7,22.1,0.119,2013
31,Andre Iguodala,DEN,29,80,57,23,34.7,102.2,4.3,11.8,18.6,1.7,25.6,0.7,13.5,11.9,10.0,8.2,29.5,0.119,2013
32,Jrue Holiday,PHI,23,78,34,44,37.5,103.1,3.1,8.4,12.9,1.6,25.6,0.4,11.4,11.1,9.7,9.9,31.3,0.117,2013
33,Manu Ginobili,SAS,35,60,45,15,23.2,97.5,2.9,11.6,18.3,1.3,31.6,0.2,8.0,8.6,6.9,7.3,19.6,0.117,2013
34,Tayshaun Prince,MEM,33,82,44,38,32.1,101.5,3.6,11.3,17.4,0.6,12.9,0.3,8.5,10.3,8.6,7.4,26.7,0.117,2013
35,Devin Harris,ATL,30,58,35,23,24.5,98.3,1.9,7.6,11.5,1.1,26.0,0.2,9.7,8.1,7.1,5.7,19.7,0.114,2013
36,Matt Barnes,LAC,33,80,55,25,25.7,99.1,3.2,12.4,19.2,1.0,20.0,0.8,22.7,8.6,7.3,6.4,18.7,0.114,2013
37,Trevor Ariza,WAS,28,56,25,31,26.3,99.2,4.0,14.7,22.8,1.3,30.6,0.4,12.6,9.4,7.3,6.6,21.4,0.114,2013
38,Josh Smith,ATL,27,76,40,36,35.3,102.8,6.7,18.8,28.7,1.2,20.4,1.8,46.9,11.7,10.0,8.7,30.1,0.114,2013
39,Martell Webster,WAS,26,76,28,48,28.9,100.8,3.2,11.0,16.0,0.6,15.9,0.2,8.5,10.3,7.3,7.0,22.4,0.113,2013
40,Chris Bosh,MIA,29,74,58,16,33.2,102.4,5.0,15.3,24.0,0.9,15.4,1.4,37.7,11.0,10.0,8.1,27.7,0.111,2013
41,Lamar Odom,LAC,33,82,56,26,19.7,95.4,4.4,22.2,34.9,0.8,20.4,0.7,26.7,6.5,5.6,4.7,14.0,0.111,2013
42,Larry Sanders,MIL,24,71,34,37,27.3,100.2,6.3,22.0,34.5,0.7,15.5,2.8,67.7,9.1,8.0,8.6,24.0,0.11,2013
43,Thaddeus Young,PHI,25,76,33,43,34.6,103.1,5.1,15.1,23.2,1.8,30.6,0.7,20.8,10.3,8.7,9.4,29.4,0.109,2013
44,Mario Chalmers,MIA,27,77,62,15,26.9,100.2,2.0,7.6,11.8,1.5,29.4,0.2,5.1,8.0,7.9,6.9,23.3,0.109,2013
45,Dwight Howard,LAL,27,76,42,34,35.8,103.4,9.1,24.4,36.7,1.1,20.4,2.4,59.2,12.5,9.4,12.1,30.8,0.107,2013
46,Kyle Korver,ATL,32,74,41,33,30.5,101.9,3.6,11.8,17.6,0.9,18.7,0.5,15.3,10.1,7.9,6.9,25.8,0.107,2013
47,Kendrick Perkins,OKC,28,78,58,20,25.1,99.6,4.6,16.9,25.3,0.6,12.9,1.1,23.3,8.4,6.8,7.0,21.5,0.106,2013
48,Carlos Boozer,CHI,31,79,43,36,32.2,102.5,7.5,24.4,36.7,0.8,18.1,0.4,12.7,10.6,8.3,9.3,26.6,0.106,2013
49,Jeff Teague,ATL,25,80,43,37,32.9,102.8,1.9,6.0,9.1,1.5,25.9,0.4,10.6,11.0,8.8,8.1,28.0,0.106,2013
50,Taj Gibson,CHI,28,65,38,27,22.5,98.1,3.4,15.2,24.4,0.4,12.4,1.4,48.1,7.1,5.6,5.0,18.0,0.106,2013
51,Emeka Okafor,WAS,30,79,27,52,26.0,100.1,6.2,23.9,35.0,0.6,14.7,1.0,37.4,8.8,6.8,6.8,20.5,0.105,2013
52,Joe Johnson,BKN,32,72,43,29,36.7,103.8,2.3,6.6,10.0,0.7,13.4,0.2,5.3,12.0,8.9,10.1,32.1,0.105,2013
53,Jason Terry,BOS,35,79,40,39,26.9,100.7,1.8,6.7,10.5,0.8,18.6,0.1,6.0,8.9,7.6,6.0,23.0,0.104,2013
54,Monta Ellis,MIL,27,82,38,44,37.5,104.3,3.3,8.7,13.8,2.1,30.9,0.4,8.5,13.2,11.6,12.6,36.6,0.103,2013
55,JR Smith,NYK,27,80,53,27,33.5,103.3,4.5,14.2,21.9,1.3,21.4,0.3,11.4,9.3,8.8,8.2,27.0,0.103,2013
56,Jeff Green,BOS,26,81,41,40,27.8,101.3,3.2,11.5,18.2,0.7,16.2,0.8,33.0,9.7,8.4,6.1,23.4,0.103,2013
57,Danilo Gallinari,DEN,24,71,50,21,32.5,103.0,4.3,13.0,20.1,0.9,14.8,0.5,12.1,11.1,9.3,7.6,27.9,0.102,2013
58,Chandler Parsons,HOU,24,76,42,34,36.3,104.1,4.3,11.7,17.3,1.0,16.1,0.4,13.0,13.3,8.8,10.3,31.2,0.102,2013
59,Omer Asik,HOU,26,82,45,37,30.0,102.3,8.3,26.9,39.7,0.6,11.1,1.1,40.7,11.5,7.1,9.0,25.8,0.101,2013
60,Stephen Curry,GSW,25,78,45,33,38.2,104.7,3.3,8.3,12.3,1.6,28.6,0.2,4.8,13.6,11.1,11.1,32.8,0.101,2013
61,David Lee,GSW,30,79,46,33,36.8,104.3,8.5,22.1,32.6,0.8,15.8,0.3,9.2,12.9,10.6,11.0,32.4,0.101,2013
62,Jimmy Butler,CHI,23,82,45,37,26.0,100.7,2.3,9.2,14.3,1.0,23.5,0.4,13.6,8.3,6.9,6.9,21.2,0.101,2013
63,Brook Lopez,BKN,25,74,46,28,30.5,102.5,4.1,13.8,20.8,0.4,10.9,2.1,64.2,10.1,7.7,8.3,25.9,0.1,2013
64,Pau Gasol,LAL,32,49,27,22,33.8,103.7,6.3,17.7,26.7,0.5,11.0,1.2,32.6,11.7,8.5,11.1,31.5,0.1,2013
65,Klay Thompson,GSW,23,82,47,35,35.8,104.2,3.3,8.9,13.1,1.0,20.5,0.5,17.6,12.7,10.5,10.1,31.1,0.1,2013
66,Metta World Peace,LAL,33,75,40,35,33.7,103.7,3.6,10.3,15.4,1.6,31.1,0.6,15.1,11.5,9.3,10.6,30.8,0.1,2013
67,Andrei Kirilenko,MIN,32,64,26,38,31.8,103.2,4.1,13.7,20.7,1.5,25.0,1.0,31.3,10.8,8.2,9.0,28.2,0.098,2013
68,Dirk Nowitzki,DAL,35,53,28,25,31.3,103.1,6.2,19.9,29.7,0.7,14.7,0.7,22.6,10.1,7.6,9.1,25.8,0.098,2013
69,Wilson Chandler,DEN,26,43,33,10,25.1,100.9,4.0,15.1,24.7,1.0,19.1,0.3,8.6,8.5,8.0,5.6,20.8,0.098,2013
70,Amir Johnson,TOR,26,81,34,47,28.7,102.3,4.7,17.2,26.2,1.0,22.3,1.4,44.5,8.4,7.3,6.0,22.8,0.098,2013
71,Avery Bradley,BOS,22,50,27,23,28.7,102.4,1.6,5.5,8.8,1.3,25.9,0.4,12.8,9.9,9.2,7.6,26.4,0.097,2013
72,Vince Carter,DAL,36,81,41,40,25.8,101.3,3.4,12.7,19.0,0.9,22.2,0.5,17.9,9.0,7.2,7.1,19.0,0.097,2013
73,Garrett Temple,WAS,27,51,24,27,22.7,99.6,1.8,8.2,12.2,1.0,27.3,0.3,17.7,7.9,5.3,5.1,17.3,0.096,2013
74,Jordan Crawford,BOS,24,70,23,47,24.4,100.8,2.4,9.4,14.6,0.6,15.7,0.1,4.3,8.8,7.1,6.2,20.4,0.096,2013
75,Evan Turner,PHI,24,82,34,48,35.3,104.5,5.6,16.2,24.8,0.9,16.6,0.2,5.8,11.1,9.2,8.9,29.4,0.095,2013
76,Gerald Green,IND,27,60,37,23,18.0,96.3,1.8,9.5,14.2,0.3,15.0,0.4,18.0,6.0,4.7,3.9,13.2,0.095,2013
77,Kevin Martin,OKC,30,77,57,20,27.7,102.2,1.9,6.6,10.4,0.9,19.6,0.1,2.8,10.0,7.8,6.6,23.7,0.095,2013
78,Gerald Wallace,BKN,30,69,41,28,30.1,103.0,3.6,12.4,18.8,1.4,32.4,0.7,22.2,10.3,7.8,8.2,26.3,0.095,2013
79,Eric Bledsoe,LAC,23,76,52,24,20.4,98.4,1.9,9.4,14.8,1.4,34.3,0.7,25.1,7.5,5.8,5.4,15.1,0.095,2013
80,Ricky Rubio,MIN,22,57,18,39,29.7,103.1,3.2,12.1,18.3,2.4,40.9,0.1,4.0,9.3,7.7,8.4,25.6,0.094,2013
81,Brandon Knight,DET,21,75,29,46,31.5,103.6,2.6,8.3,12.6,0.8,16.8,0.1,3.2,11.7,8.3,8.6,28.6,0.093,2013
82,DeMar DeRozan,TOR,23,82,34,48,36.7,105.1,3.3,9.5,14.6,0.9,16.9,0.3,8.2,12.3,9.9,9.3,32.2,0.092,2013
83,Jared Sullinger,BOS,21,45,22,23,19.8,98.3,3.8,19.5,30.1,0.5,15.0,0.5,30.1,7.2,5.0,5.1,15.4,0.091,2013
84,AJ Price,WAS,26,57,21,36,22.4,100.1,1.6,7.4,11.5,0.6,15.6,0.1,2.4,7.5,6.1,5.7,17.9,0.09,2013
85,Shane Battier,MIA,34,72,59,13,24.8,101.5,1.8,7.1,11.3,0.6,13.9,0.8,24.8,7.8,7.7,5.8,19.8,0.09,2013
86,Chris Paul,LAC,28,70,50,20,33.4,104.5,3.0,9.6,14.6,2.4,36.3,0.1,4.1,10.3,8.5,8.1,26.7,0.089,2013
87,Ty Lawson,DEN,25,73,49,24,34.4,104.9,2.2,6.3,9.9,1.5,22.1,0.1,2.6,11.6,10.8,9.0,29.7,0.088,2013
88,Jarrett Jack,GSW,29,79,47,32,29.7,103.6,2.8,8.9,13.4,0.8,19.0,0.1,5.9,10.2,8.8,8.1,24.9,0.088,2013
89,Nikola Pekovic,MIN,27,62,26,36,31.6,104.3,5.1,17.1,25.3,0.7,12.4,0.8,31.8,10.4,8.2,9.8,28.1,0.087,2013
90,Deron Williams,BKN,29,78,46,32,36.4,105.5,2.6,7.6,11.4,1.0,17.9,0.4,10.5,12.8,9.2,10.1,32.8,0.087,2013
91,Mike Dunleavy,MIL,32,75,33,42,25.9,102.4,3.5,13.0,20.2,0.5,12.7,0.5,13.1,8.8,7.4,6.3,23.4,0.086,2013
92,Jerryd Bayless,MEM,24,80,54,26,22.1,100.9,1.9,9.2,14.5,0.7,21.0,0.2,9.0,7.2,5.4,5.7,16.8,0.086,2013
93,James Harden,HOU,23,78,43,35,38.3,105.9,4.1,10.5,15.8,1.8,28.1,0.5,14.8,14.4,9.8,11.7,33.7,0.086,2013
94,Harrison Barnes,GSW,21,81,46,35,25.4,102.5,3.5,12.9,18.9,0.6,17.2,0.2,7.7,9.0,7.0,7.9,21.1,0.086,2013
95,O.J. Mayo,DAL,25,82,41,41,35.5,105.5,3.1,8.6,13.1,1.1,19.2,0.3,7.1,12.9,9.9,10.2,31.3,0.085,2013
96,Nate Robinson,CHI,29,82,45,37,25.4,102.5,1.9,7.7,12.2,1.0,27.3,0.1,4.7,7.7,6.9,6.7,20.4,0.084,2013
97,Richard Hamilton,CHI,35,50,28,22,21.8,100.8,1.3,6.3,9.4,0.5,15.7,0.1,5.0,7.1,5.1,6.0,17.0,0.084,2013
98,Carmelo Anthony,NYK,29,67,47,20,37.0,105.8,4.9,14.2,21.1,0.8,12.7,0.5,18.1,10.2,9.3,9.3,31.0,0.084,2013
99,Lavoy Allen,PHI,24,79,34,45,21.1,100.4,3.0,14.7,22.3,0.3,10.4,0.7,37.4,6.2,4.8,5.5,17.1,0.084,2013
100,Dante Cunningham,MIN,26,80,30,50,25.1,102.5,3.3,13.9,21.3,1.1,23.9,0.5,17.4,8.4,6.8,6.6,22.0,0.083,2013
101,Kosta Koufos,DEN,24,81,57,24,22.4,101.2,4.3,19.2,29.1,0.5,13.4,1.3,45.0,7.3,6.1,5.2,18.6,0.083,2013
102,Luke Ridnour,MIN,32,82,31,51,30.2,104.3,2.0,7.1,10.6,1.0,18.3,0.2,7.1,10.5,8.1,8.7,27.0,0.083,2013
103,Jared Dudley,PHX,27,79,24,55,27.5,103.5,2.1,7.9,12.2,0.9,20.7,0.1,3.4,9.8,7.4,7.8,25.4,0.083,2013
104,Kenneth Faried,DEN,23,80,55,25,28.1,103.6,5.9,21.2,32.7,1.0,19.8,1.0,29.5,9.6,8.1,6.8,23.5,0.083,2013
105,Gordon Hayward,UTA,23,72,37,35,29.2,104.2,2.4,8.7,13.2,0.8,15.1,0.5,14.2,10.6,7.2,8.0,25.7,0.082,2013
106,Nick Collison,OKC,32,81,60,21,19.5,99.7,2.6,12.8,20.3,0.6,18.9,0.4,16.7,6.5,5.6,4.4,16.1,0.082,2013
107,Kevin Seraphin,WAS,23,79,27,52,21.8,101.1,3.0,13.7,21.2,0.3,9.5,0.7,38.3,7.8,6.1,5.5,17.5,0.082,2013
108,Tyson Chandler,NYK,30,66,42,24,32.8,105.1,6.6,21.7,32.1,0.6,11.8,1.1,49.0,9.4,8.4,8.8,26.8,0.082,2013
109,Stephen Jackson,SAS,35,55,40,15,19.5,99.8,2.4,12.2,19.1,0.7,18.5,0.3,12.1,7.2,5.6,5.9,15.5,0.082,2013
110,Boris Diaw,SAS,31,75,55,20,22.8,101.6,2.5,10.9,17.0,0.7,15.9,0.4,14.9,7.7,6.7,6.3,19.5,0.082,2013
111,Blake Griffin,LAC,24,80,55,25,32.5,105.0,6.0,20.0,30.2,1.2,19.0,0.6,18.5,10.7,8.3,8.2,26.5,0.082,2013
112,Steve Blake,LAL,33,45,29,16,26.1,103.1,2.5,9.0,13.4,0.8,21.0,0.1,4.9,8.5,7.6,8.8,23.4,0.082,2013
113,Gary Neal,SAS,28,68,47,21,21.8,101.2,1.9,8.5,12.8,0.4,13.6,0.0,1.4,7.2,5.7,6.1,18.1,0.082,2013
114,Carlos Delfino,HOU,30,67,38,29,25.2,102.7,3.0,11.8,18.6,1.0,23.1,0.1,6.1,9.2,6.7,7.0,21.1,0.082,2013
115,Tyler Hansbrough,IND,27,81,49,32,16.9,97.6,2.6,15.0,23.3,0.4,15.3,0.2,11.3,6.1,4.4,3.3,12.8,0.081,2013
116,Marco Belinelli,CHI,27,73,40,33,25.8,103.0,1.7,6.8,10.9,0.6,16.2,0.1,2.7,8.4,7.2,7.0,21.8,0.081,2013
117,Andre Miller,DEN,37,82,57,25,26.2,103.2,2.2,8.0,12.8,0.9,18.6,0.1,3.9,9.8,8.1,6.6,21.1,0.081,2013
118,Spencer Hawes,PHI,25,82,34,48,27.2,103.6,5.1,18.7,29.7,0.3,7.2,1.4,48.9,8.3,7.5,6.8,21.9,0.081,2013
119,Jeremy Lin,HOU,24,82,45,37,32.2,105.1,2.6,8.1,12.0,1.6,29.6,0.4,12.0,12.2,8.2,9.7,28.3,0.081,2013
120,Quincy Pondexter,MEM,25,59,43,16,21.1,101.1,1.5,7.4,11.8,0.6,17.6,0.1,4.0,6.9,5.9,5.5,17.6,0.081,2013
121,Corey Brewer,DEN,27,82,57,25,24.4,102.7,2.2,8.4,13.9,1.4,29.7,0.3,7.6,9.1,8.2,6.4,20.3,0.081,2013
122,J.J. Barea,MIN,29,74,29,45,23.1,102.2,2.3,10.4,16.1,0.4,11.2,0.0,0.0,7.6,6.2,6.8,20.3,0.08,2013
123,Shawn Marion,DAL,35,67,32,35,30.0,104.7,5.7,18.5,28.0,1.1,21.2,0.7,18.7,11.6,8.4,9.5,27.6,0.08,2013
124,Courtney Lee,BOS,27,78,40,38,24.9,103.0,2.0,8.4,13.1,1.1,26.8,0.3,11.5,9.1,7.0,6.0,22.0,0.08,2013
125,Nick Young,PHI,28,59,23,36,23.9,102.5,1.8,7.5,11.6,0.6,18.3,0.2,9.6,7.4,6.5,5.7,19.7,0.079,2013
126,Reggie Evans,BKN,33,80,48,32,24.6,102.8,7.9,34.2,50.9,0.9,25.3,0.2,6.6,8.9,5.6,6.9,21.6,0.079,2013
127,Kobe Bryant,LAL,34,78,42,36,38.6,106.6,4.7,11.6,17.8,1.4,24.7,0.3,7.6,13.4,10.9,12.9,35.5,0.079,2013
128,Derrick Favors,UTA,21,77,40,37,23.2,102.4,4.7,21.0,32.1,0.9,22.4,1.7,51.0,8.7,6.0,6.4,19.1,0.078,2013
129,Brandon Jennings,MIL,23,80,38,42,36.2,106.2,2.3,6.4,10.3,1.6,25.7,0.1,2.4,12.9,11.6,11.8,35.8,0.078,2013
130,Alexey Shved,MIN,24,77,30,47,23.9,102.8,1.7,7.5,11.4,0.7,17.7,0.4,12.2,8.5,6.4,7.1,21.7,0.077,2013
131,Udonis Haslem,MIA,33,75,60,15,18.9,100.2,4.1,22.9,35.3,0.4,10.2,0.2,11.7,5.9,5.7,4.8,16.3,0.077,2013
132,Kyle Lowry,TOR,27,68,27,41,29.7,105.0,3.9,13.5,20.6,1.4,31.9,0.4,11.2,10.3,8.3,7.3,25.4,0.076,2013
133,Marquis Daniels,MIL,32,59,27,32,18.4,100.0,1.7,9.5,14.7,0.9,24.2,0.2,7.2,6.3,5.1,6.5,18.2,0.076,2013
134,Jason Kidd,NYK,40,76,49,27,26.9,104.2,3.6,14.4,21.4,1.6,35.2,0.3,17.1,7.1,6.9,6.6,21.7,0.076,2013
135,Enes Freedom,UTA,21,70,35,35,15.4,98.0,2.4,15.5,24.5,0.4,13.7,0.5,20.4,6.3,4.2,4.2,12.8,0.075,2013
136,LaMarcus Aldridge,POR,27,74,32,42,37.7,106.8,6.7,18.7,28.2,0.8,15.5,1.2,34.5,13.1,10.0,11.2,36.2,0.074,2013
137,Sebastian Telfair,TOR,28,59,21,38,16.6,99.2,1.2,7.3,12.0,0.6,23.3,0.2,9.7,5.9,4.8,3.7,13.4,0.074,2013
138,Brandon Bass,BOS,28,81,41,40,27.6,104.6,3.7,13.7,21.4,0.5,11.3,0.8,29.5,9.7,8.2,7.6,26.1,0.074,2013
139,Greg Monroe,DET,23,81,29,52,33.2,106.0,6.7,21.2,32.1,1.3,26.9,0.7,20.9,12.7,8.3,9.6,30.2,0.073,2013
140,Ersan Ilyasova,MIL,26,73,34,39,27.6,104.8,5.0,18.5,29.4,0.9,18.7,0.5,14.3,9.8,8.5,9.2,26.8,0.072,2013
141,Luc Mbah a Moute,MIL,26,58,28,30,22.9,103.1,2.9,12.1,19.6,0.7,17.8,0.2,6.7,8.2,7.4,7.7,23.6,0.072,2013
142,Raymond Felton,NYK,29,68,47,21,34.0,106.3,2.1,6.7,10.1,1.4,24.1,0.2,8.6,9.9,8.9,8.9,28.4,0.072,2013
143,Reggie Jackson,OKC,23,70,50,20,14.2,97.2,2.1,14.2,21.9,0.4,17.3,0.2,11.5,4.6,4.1,3.5,11.7,0.071,2013
144,Zaza Pachulia,ATL,29,52,29,23,21.8,102.6,3.9,18.6,28.7,0.7,19.4,0.2,13.3,8.5,5.8,5.7,17.2,0.071,2013
145,Marcin Gortat,PHX,29,61,21,40,30.8,105.7,6.4,21.7,33.1,0.7,14.0,1.6,49.0,11.4,8.6,9.0,29.4,0.071,2013
146,Ian Mahinmi,IND,26,80,49,31,16.5,99.6,2.5,15.1,23.1,0.5,19.9,0.8,46.8,6.0,4.2,3.4,12.3,0.07,2013
147,Wayne Ellington,CLE,25,78,39,39,21.3,102.5,1.8,8.6,13.7,0.6,17.7,0.0,1.9,6.4,6.8,4.8,18.2,0.07,2013
148,D.J. Augustin,IND,25,76,45,31,16.1,99.4,0.9,5.7,8.8,0.4,19.8,0.0,2.2,6.2,4.1,3.9,11.9,0.069,2013
149,Ivan Johnson,ATL,29,69,35,34,15.0,98.7,2.8,18.7,28.4,0.8,30.6,0.2,17.5,5.3,4.0,4.1,12.1,0.069,2013
150,Darren Collison,DAL,25,81,41,40,29.3,105.7,2.3,7.8,11.8,1.2,25.5,0.1,2.9,10.8,8.2,8.9,26.0,0.069,2013
151,Ekpe Udoh,MIL,26,76,36,40,17.3,100.3,1.8,10.5,16.4,0.5,17.3,1.1,44.5,5.9,4.6,4.7,15.5,0.069,2013
152,Hasheem Thabeet,OKC,26,66,50,16,11.7,94.4,1.9,15.6,25.0,0.5,21.0,0.9,57.7,4.3,3.2,2.7,8.9,0.069,2013
153,Derrick Williams,MIN,22,78,29,49,24.6,104.2,4.3,18.3,28.2,0.6,13.0,0.5,20.7,8.6,6.6,7.7,21.9,0.069,2013
154,Paul Millsap,UTA,28,78,41,37,30.4,105.9,4.8,17.3,26.4,1.3,24.4,1.0,28.8,9.4,7.5,8.3,27.3,0.068,2013
155,Steve Nash,LAL,39,50,26,24,32.5,106.5,2.3,7.0,10.3,0.6,12.6,0.1,3.0,11.2,8.9,10.7,31.1,0.068,2013
156,Marvin Williams,UTA,27,73,40,33,23.7,103.9,2.8,12.4,18.8,0.5,13.7,0.5,17.8,7.7,5.9,6.1,20.7,0.068,2013
157,DeMarre Carroll,UTA,26,66,34,32,16.8,100.4,1.5,9.6,14.7,0.9,26.7,0.4,15.6,6.4,4.2,4.3,14.6,0.068,2013
158,Draymond Green,GSW,23,79,45,34,13.4,97.9,2.6,17.8,26.6,0.5,26.9,0.3,26.6,5.2,3.8,3.5,10.4,0.067,2013
159,Beno Udrih,ORL,30,66,24,42,22.1,103.6,1.6,7.2,11.1,0.6,17.8,0.0,1.7,7.5,6.4,5.2,19.2,0.067,2013
160,Anthony Tolliver,ATL,28,62,28,34,15.5,99.5,2.0,12.8,19.1,0.2,10.4,0.2,16.7,5.7,3.9,3.5,12.9,0.067,2013
161,Mo Williams,UTA,30,46,22,24,30.8,106.2,1.9,6.5,9.8,1.0,19.1,0.2,5.0,10.2,7.9,8.1,28.4,0.067,2013
162,Ed Davis,MEM,24,81,43,38,20.1,102.6,3.8,20.1,31.3,0.5,15.9,1.0,45.7,6.4,5.4,4.9,17.2,0.067,2013
163,Carl Landry,GSW,29,81,46,35,23.2,103.9,3.7,15.8,23.4,0.4,13.5,0.4,22.0,8.6,6.9,6.7,19.7,0.067,2013
164,Ray Allen,MIA,37,79,63,16,25.8,104.8,2.2,9.0,14.4,0.8,19.5,0.2,6.8,8.4,7.4,6.2,20.3,0.067,2013
165,Steve Novak,NYK,30,81,53,28,20.3,102.7,1.7,8.9,13.8,0.3,9.8,0.1,5.9,5.5,5.4,4.9,16.5,0.066,2013
166,P.J. Tucker,PHX,28,79,25,54,24.2,104.4,2.8,11.8,18.1,0.8,19.1,0.2,9.6,9.3,6.5,7.9,22.5,0.066,2013
167,Kyle Singler,DET,25,82,29,53,28.0,105.5,2.7,10.1,15.4,0.7,16.4,0.5,15.4,10.4,7.7,8.2,24.5,0.066,2013
168,Chris Andersen,MIA,34,42,39,3,14.9,99.0,2.7,18.0,30.3,0.4,13.8,1.0,51.8,5.1,5.0,3.6,11.1,0.065,2013
169,Chris Singleton,WAS,23,57,17,40,16.2,100.5,2.3,14.6,22.7,0.7,26.0,0.4,27.6,5.4,4.4,4.3,13.2,0.065,2013
170,Darrell Arthur,MEM,25,59,37,22,16.4,100.9,1.7,11.0,17.2,0.4,15.0,0.6,28.2,5.3,4.4,3.9,13.0,0.065,2013
171,Goran Dragic,PHX,27,77,25,52,33.5,106.9,2.3,7.3,11.2,1.6,27.9,0.3,9.6,12.7,9.0,10.8,32.5,0.065,2013
172,Pablo Prigioni,NYK,36,78,53,25,16.2,100.5,1.3,8.9,13.4,0.9,29.9,0.0,2.0,4.5,3.7,3.4,13.1,0.064,2013
173,Caron Butler,LAC,33,78,55,23,24.1,104.6,2.3,10.5,15.8,0.7,13.7,0.1,5.9,8.1,6.2,5.9,19.8,0.064,2013
174,C.J. Watson,BKN,29,80,47,33,19.0,102.3,1.3,7.5,11.7,0.8,27.5,0.2,7.8,6.4,5.1,5.4,17.0,0.064,2013
175,Damian Lillard,POR,22,82,33,49,38.6,107.8,2.6,7.0,10.8,0.9,17.7,0.2,6.4,13.8,10.7,11.7,38.2,0.064,2013
176,Nicolas Batum,POR,24,73,32,41,38.4,107.8,4.3,11.5,17.8,1.2,23.8,1.1,30.5,13.9,11.0,12.0,37.5,0.064,2013
177,Brandan Wright,DAL,25,64,33,31,17.9,102.1,2.7,14.3,22.4,0.4,14.5,1.2,51.7,5.7,5.5,4.9,15.8,0.063,2013
178,Alec Burks,UTA,21,64,32,32,17.8,102.1,1.7,9.8,14.9,0.5,17.7,0.2,8.8,6.6,4.1,5.3,14.3,0.063,2013
179,Jae Crowder,DAL,22,78,41,37,17.3,101.8,1.9,11.2,17.5,0.8,25.9,0.2,11.0,5.5,4.9,5.1,14.8,0.063,2013
180,Greg Stiemsma,MIN,27,76,28,48,15.9,100.6,2.6,17.6,27.0,0.6,21.0,1.2,73.2,5.5,3.9,4.7,13.2,0.062,2013
181,Luis Scola,PHX,33,82,25,57,26.6,105.6,4.7,18.5,28.5,0.8,17.7,0.4,16.9,10.2,7.3,8.7,26.9,0.062,2013
182,Ronny Turiaf,LAC,30,65,47,18,10.8,95.1,1.6,14.3,22.8,0.3,13.6,0.5,29.2,3.6,3.4,3.3,7.2,0.062,2013
183,Al-Farouq Aminu,NOH,22,76,25,51,27.2,105.9,5.9,23.0,34.0,1.2,31.3,0.7,19.5,9.8,7.1,7.7,24.6,0.062,2013
184,Dorell Wright,PHI,27,79,32,47,22.6,104.4,3.3,15.2,23.6,0.8,22.7,0.4,20.3,7.2,5.7,6.1,19.1,0.062,2013
185,Jameer Nelson,ORL,31,56,17,39,35.3,107.6,3.3,9.6,14.2,1.3,26.4,0.1,3.7,12.2,8.9,10.2,32.0,0.061,2013
186,Rodrigue Beaubois,DAL,25,45,17,28,12.2,97.7,1.1,8.5,13.0,0.4,20.0,0.1,6.8,3.6,3.0,3.2,9.5,0.061,2013
187,Andray Blatche,BKN,26,82,49,33,19.0,103.0,3.1,18.5,28.4,1.0,30.2,0.7,40.9,7.0,4.5,5.6,17.8,0.06,2013
188,JaVale McGee,DEN,25,79,54,25,18.1,102.8,2.8,14.1,23.8,0.4,10.7,2.0,68.3,7.3,6.3,4.7,15.1,0.06,2013
189,Elton Brand,DAL,34,72,35,37,21.2,104.1,4.2,18.9,28.8,0.7,21.0,1.3,55.2,7.8,5.8,6.1,16.8,0.06,2013
190,Darius Morris,LAL,22,48,23,25,14.2,100.0,0.7,4.5,7.0,0.4,17.6,0.0,2.5,5.5,4.0,4.1,12.8,0.059,2013
191,Iman Shumpert,NYK,23,45,30,15,22.1,104.7,2.3,11.3,17.2,1.0,24.9,0.2,10.4,7.0,5.4,5.6,19.7,0.059,2013
192,Orlando Johnson,IND,24,51,31,20,12.1,97.7,1.8,13.8,21.3,0.2,13.8,0.2,13.6,4.3,3.2,2.9,8.9,0.059,2013
193,Jason Maxiell,DET,30,72,24,48,24.8,105.4,3.8,16.0,24.4,0.4,13.0,1.3,51.1,8.8,6.8,7.1,22.9,0.059,2013
194,DeAndre Jordan,LAC,24,82,56,26,24.5,105.5,4.7,20.7,31.1,0.6,11.9,1.4,54.9,8.2,6.1,6.3,19.9,0.058,2013
195,Mike James,DAL,38,45,27,18,19.2,103.3,1.4,7.1,10.8,0.6,20.6,0.1,2.8,5.9,5.5,5.6,16.0,0.058,2013
196,Randy Foye,UTA,29,82,43,39,27.4,106.4,1.3,5.2,8.1,0.8,17.1,0.3,9.5,8.8,7.5,7.6,25.3,0.057,2013
197,DeShawn Stevenson,ATL,32,56,30,26,20.7,104.5,1.9,9.2,14.0,0.5,13.7,0.1,5.3,7.5,6.2,6.3,18.9,0.057,2013
198,Keith Bogans,BKN,33,74,44,30,19.0,103.7,1.4,7.6,11.9,0.4,13.8,0.1,3.1,6.8,4.8,5.6,17.6,0.057,2013
199,Norris Cole,MIA,24,80,65,15,19.9,104.0,1.4,7.1,11.4,0.7,22.0,0.1,4.0,7.4,6.3,4.8,15.8,0.056,2013
200,Jamaal Tinsley,UTA,35,66,39,27,18.5,103.3,1.5,8.2,12.9,1.0,32.3,0.2,8.1,6.3,5.1,4.8,16.4,0.056,2013
201,Jonas Valanciunas,TOR,21,62,25,37,23.9,105.6,4.0,17.6,27.5,0.3,8.5,1.3,46.4,9.0,6.7,6.8,21.6,0.056,2013
202,Ryan Hollins,LAC,28,60,43,17,11.1,96.9,1.5,12.8,20.1,0.1,5.0,0.6,45.3,3.9,3.2,2.9,8.4,0.056,2013
203,Sam Young,IND,28,56,36,20,12.4,99.2,1.7,12.7,20.3,0.3,18.8,0.1,8.1,4.8,3.4,3.2,10.1,0.055,2013
204,Jodie Meeks,LAL,25,78,45,33,21.3,104.9,1.7,7.6,11.7,0.7,23.3,0.1,2.8,6.8,6.8,6.5,19.3,0.055,2013
205,DeJuan Blair,SAS,24,61,44,17,14.0,100.8,2.7,19.2,28.3,0.6,27.6,0.2,14.7,5.0,3.6,4.0,12.1,0.055,2013
206,Jermaine O'Neal,PHX,34,55,17,38,18.7,103.5,3.8,20.4,32.6,0.3,12.7,1.4,53.1,7.6,5.5,5.0,14.6,0.055,2013
207,Festus Ezeli,GSW,23,78,44,34,14.4,101.1,2.2,14.7,21.7,0.3,14.7,0.9,66.7,5.0,3.6,3.9,11.4,0.054,2013
208,JJ Redick,MIL,29,78,26,52,30.5,107.3,2.0,6.5,10.0,0.5,11.7,0.1,4.2,10.5,8.5,7.8,28.7,0.054,2013
209,Nikola Vucevic,ORL,22,77,19,58,33.2,107.9,8.4,25.8,37.9,0.8,18.3,1.0,36.4,11.7,8.1,8.7,30.2,0.054,2013
210,Tristan Thompson,CLE,22,82,24,58,31.3,107.6,5.7,19.6,30.1,0.7,14.2,0.9,32.3,9.5,9.2,8.9,28.6,0.054,2013
211,Shaun Livingston,CLE,27,66,20,46,22.0,105.4,1.9,9.1,14.0,0.7,20.3,0.5,23.1,7.2,6.1,5.4,18.8,0.054,2013
212,Royal Ivey,PHI,31,53,20,33,13.2,100.4,0.8,6.1,9.5,0.4,21.3,0.1,4.9,4.3,2.7,3.2,10.7,0.053,2013
213,Andrew Nicholson,ORL,23,75,18,57,16.7,103.0,2.5,15.3,22.6,0.3,15.3,0.4,23.2,5.9,3.8,4.5,14.2,0.053,2013
214,Omri Casspi,CLE,25,43,10,33,11.7,98.7,2.2,19.3,28.9,0.6,32.5,0.3,26.7,3.5,2.8,3.2,8.1,0.053,2013
215,Trevor Booker,WAS,25,48,18,30,18.5,104.1,2.9,16.3,25.3,0.7,23.7,0.3,19.5,6.3,4.9,5.4,15.5,0.052,2013
216,Robin Lopez,NOH,25,82,27,55,26.0,106.8,2.9,12.0,17.4,0.4,11.3,1.6,50.2,9.9,6.6,7.4,24.1,0.052,2013
217,Matt Bonner,SAS,33,68,47,21,13.4,101.1,1.5,11.6,17.7,0.3,11.5,0.3,27.9,4.9,3.1,4.6,11.1,0.051,2013
218,Jason Smith,NOH,27,51,19,32,17.2,103.9,2.4,14.4,22.8,0.3,15.5,0.9,50.0,5.5,4.9,4.2,13.7,0.051,2013
219,Nando De Colo,SAS,26,72,50,22,12.8,100.7,1.6,12.2,19.0,0.6,24.1,0.1,7.2,5.3,3.5,4.0,10.9,0.05,2013
220,Earl Clark,LAL,25,59,37,22,23.1,106.2,4.1,17.2,26.0,0.6,18.4,0.7,31.2,7.8,7.1,8.3,21.8,0.05,2013
221,CJ Miles,CLE,26,65,19,46,21.0,105.5,2.3,11.4,17.8,0.8,24.0,0.3,15.7,7.0,6.3,4.9,17.9,0.05,2013
222,Richard Jefferson,GSW,33,56,30,26,10.1,97.9,1.4,13.4,20.0,0.3,17.3,0.1,14.9,3.5,2.6,2.1,7.3,0.05,2013
223,Kyrie Irving,CLE,21,59,19,40,34.7,108.7,3.1,9.5,14.8,1.5,26.1,0.4,11.2,11.9,9.9,9.9,32.1,0.049,2013
224,Nazr Mohammed,CHI,35,63,33,30,11.0,98.8,1.9,19.1,28.3,0.3,20.2,0.5,43.2,3.3,2.5,3.5,8.9,0.049,2013
225,Tyler Zeller,CLE,23,77,24,53,26.4,107.2,3.6,14.5,23.0,0.5,11.1,0.9,39.1,8.8,8.0,7.5,24.1,0.049,2013
226,Tobias Harris,ORL,20,55,16,39,23.6,106.6,3.9,17.0,25.5,0.6,14.8,0.8,34.4,7.7,6.3,6.6,20.4,0.049,2013
227,Chris Kaman,DAL,31,66,31,35,20.7,105.5,4.2,20.3,31.1,0.4,13.1,0.8,36.6,7.2,6.1,5.6,18.1,0.049,2013
228,Anthony Davis,NOH,20,64,23,41,28.8,107.8,5.6,21.3,31.6,1.2,27.2,1.8,48.9,10.6,7.4,8.6,26.8,0.049,2013
229,Chris Wilcox,BOS,30,61,33,28,13.6,102.1,2.0,14.1,23.9,0.5,24.1,0.5,31.1,5.0,4.1,3.7,12.4,0.049,2013
230,Gustavo Ayon,MIL,28,55,17,38,13.4,101.5,2.5,18.5,27.9,0.4,20.2,0.3,29.3,4.7,3.7,3.5,12.3,0.049,2013
231,E'Twaun Moore,ORL,24,75,19,56,22.4,106.3,1.6,7.2,10.7,0.7,23.2,0.3,14.6,8.0,6.0,5.5,19.4,0.049,2013
232,Marreese Speights,CLE,25,79,39,40,16.5,103.8,3.0,19.4,30.7,0.3,11.9,0.7,38.1,5.8,4.8,4.1,13.5,0.048,2013
233,Toney Douglas,SAC,27,71,36,35,18.1,104.9,1.5,8.1,12.7,1.0,30.6,0.0,3.1,7.1,4.5,5.6,16.0,0.048,2013
234,John Salmons,SAC,33,76,26,50,30.0,108.0,2.3,7.8,12.3,0.7,13.8,0.3,12.3,10.2,8.6,10.8,27.9,0.048,2013
235,Greg Smith,HOU,22,70,41,29,15.9,103.5,3.0,18.0,28.3,0.3,9.7,0.6,38.1,6.2,5.0,4.4,13.7,0.048,2013
236,Al Jefferson,UTA,28,78,41,37,33.1,108.5,7.2,23.7,36.3,1.0,18.9,1.1,27.9,10.9,8.6,9.4,30.4,0.048,2013
237,Jeffery Taylor,CHA,24,77,18,59,19.6,105.5,1.3,6.6,10.5,0.6,21.2,0.2,8.3,6.6,5.7,5.4,17.9,0.048,2013
238,Antawn Jamison,LAL,37,76,41,35,21.5,106.1,3.3,14.6,22.5,0.4,13.0,0.3,12.7,7.4,6.6,7.2,20.4,0.047,2013
239,Marcus Morris Sr.,PHX,23,77,35,42,19.8,105.7,2.6,13.0,19.7,0.6,16.5,0.3,14.5,8.1,5.1,6.3,17.1,0.047,2013
240,Eric Gordon,NOH,24,42,16,26,30.1,108.2,1.6,5.8,8.6,1.1,24.7,0.2,5.6,12.0,7.6,8.8,29.8,0.047,2013
241,Charles Jenkins,PHI,24,59,29,30,7.5,94.7,0.4,5.0,7.8,0.3,18.8,0.0,4.0,2.7,2.2,2.0,6.2,0.047,2013
242,Wesley Matthews,POR,26,69,28,41,34.8,108.8,2.3,6.8,10.5,1.3,27.4,0.3,7.9,12.0,9.7,10.8,34.8,0.047,2013
243,Ish Smith,MIL,24,52,14,38,9.9,98.3,0.9,9.1,13.7,0.4,29.6,0.2,13.8,3.3,2.3,2.3,7.9,0.046,2013
244,MarShon Brooks,BKN,24,73,41,32,12.5,101.6,1.0,8.3,13.2,0.5,21.7,0.2,17.4,4.9,3.6,3.7,11.0,0.046,2013
245,Brendan Haywood,CHA,33,61,15,46,19.1,105.4,2.7,14.4,22.5,0.3,8.7,0.8,39.5,6.8,5.3,5.7,15.3,0.046,2013
246,Willie Green,LAC,31,72,48,24,16.5,104.1,1.1,7.4,10.9,0.4,12.1,0.2,10.4,5.1,4.0,4.0,13.2,0.046,2013
247,Isaiah Thomas,SAC,24,79,27,52,26.9,107.8,1.7,6.5,10.2,0.8,18.6,0.0,1.8,9.8,7.5,9.4,26.5,0.046,2013
248,Andre Drummond,DET,19,60,23,37,20.7,106.1,4.8,23.5,37.8,1.0,33.1,1.6,60.1,7.9,6.7,5.4,17.5,0.045,2013
249,Chris Copeland,NYK,29,56,38,18,15.4,103.8,1.5,10.4,15.8,0.3,11.7,0.2,20.7,4.1,3.8,4.2,12.9,0.045,2013
250,JJ Hickson,POR,24,80,33,47,29.0,108.2,7.0,25.1,38.9,0.6,14.8,0.6,24.1,10.9,8.5,9.4,29.9,0.045,2013
251,Kemba Walker,CHA,23,82,21,61,34.9,109.0,2.7,8.2,13.0,2.0,35.6,0.4,8.8,12.0,10.0,10.0,31.9,0.045,2013
252,Mike Miller,MIA,33,59,47,12,15.2,103.7,2.4,15.3,24.2,0.4,15.7,0.1,4.1,5.1,4.6,3.9,12.2,0.045,2013
253,John Henson,MIL,22,63,27,36,13.1,102.3,2.9,21.0,34.0,0.3,15.0,0.7,36.8,4.6,4.3,4.0,13.3,0.045,2013
254,Alan Anderson,TOR,30,65,31,34,23.0,106.9,1.8,8.4,13.6,0.7,20.8,0.1,5.4,6.6,6.5,4.3,19.6,0.045,2013
255,Chuck Hayes,SAC,30,74,27,47,16.3,104.3,2.5,15.6,25.0,0.4,14.4,0.2,17.6,5.8,4.6,4.7,14.1,0.045,2013
256,Dahntay Jones,ATL,32,78,35,43,13.0,102.6,1.0,7.2,11.2,0.3,15.3,0.1,7.4,4.6,3.7,3.5,10.8,0.045,2013
257,Arron Afflalo,ORL,27,64,18,46,36.0,109.2,3.3,9.5,14.1,0.6,13.3,0.2,5.9,12.4,9.4,10.0,32.7,0.045,2013
258,Rodney Stuckey,DET,27,76,24,52,28.6,108.1,2.2,8.3,12.8,0.7,16.9,0.2,7.9,10.6,8.3,7.8,25.7,0.044,2013
259,Landry Fields,TOR,25,51,21,30,20.3,106.2,2.9,14.9,23.8,0.6,21.5,0.2,9.6,6.3,5.7,5.4,19.6,0.044,2013
260,Marquis Teague,CHI,20,48,24,24,8.2,96.0,0.9,11.0,16.7,0.2,13.4,0.1,14.9,2.7,2.2,2.6,7.0,0.044,2013
261,Jose Calderon,DET,31,73,23,50,29.6,108.3,2.1,7.9,12.2,0.8,18.1,0.1,4.1,9.6,8.0,8.6,27.2,0.044,2013
262,Austin Daye,MEM,25,55,34,21,12.3,102.3,1.9,16.1,23.9,0.3,13.5,0.4,26.5,4.2,2.8,4.3,10.2,0.044,2013
263,Luke Walton,CLE,33,50,16,34,17.1,105.0,2.1,13.5,21.7,0.8,28.4,0.3,18.1,5.9,5.0,3.4,13.6,0.044,2013
264,Josh McRoberts,CHA,26,67,19,48,22.2,106.9,3.5,16.2,24.6,0.5,16.8,0.4,18.2,8.1,5.9,5.9,20.1,0.044,2013
265,Austin Rivers,NOH,20,61,21,40,23.2,107.1,1.5,7.0,10.9,0.4,16.0,0.1,5.5,7.8,6.9,6.2,20.4,0.043,2013
266,Patrick Patterson,SAC,24,71,31,40,25.0,107.7,3.2,12.7,19.4,0.4,10.6,0.6,27.8,8.8,6.5,7.7,23.0,0.043,2013
267,Michael Kidd-Gilchrist,CHA,19,78,20,58,26.0,107.8,4.2,17.0,25.9,0.7,17.5,0.9,27.7,8.4,7.0,7.2,22.6,0.043,2013
268,Damien Wilkins,PHI,33,61,22,39,18.0,105.7,1.2,6.9,11.0,0.6,20.9,0.3,18.2,5.4,4.5,4.8,15.5,0.042,2013
269,Francisco Garcia,HOU,31,58,24,34,17.7,105.5,1.4,8.0,12.8,0.8,24.3,0.7,36.2,7.1,5.4,6.2,16.2,0.042,2013
270,Maurice Harkless,ORL,20,76,18,58,26.0,108.0,2.8,11.0,16.5,1.2,30.7,0.8,32.0,9.0,7.2,6.8,22.9,0.042,2013
271,Shannon Brown,PHX,27,59,17,42,23.8,107.5,1.8,7.8,12.8,1.0,25.5,0.3,10.1,8.4,7.1,5.8,22.5,0.042,2013
272,Earl Watson,UTA,34,48,24,24,17.3,105.5,1.3,8.6,13.5,0.8,24.2,0.2,7.7,7.1,4.6,5.9,14.5,0.041,2013
273,Greivis Vasquez,NOH,26,78,26,52,34.4,109.3,3.8,11.9,17.7,0.8,18.5,0.1,1.9,12.7,9.4,9.8,32.3,0.041,2013
274,Rashard Lewis,MIA,33,55,47,8,14.4,104.1,1.9,13.4,20.6,0.4,16.4,0.3,18.9,5.8,4.4,3.8,12.0,0.041,2013
275,John Jenkins,ATL,22,61,30,31,14.8,104.6,1.3,8.6,13.3,0.2,9.0,0.2,13.3,5.9,4.2,3.6,13.0,0.04,2013
276,Wesley Johnson,PHX,25,50,14,36,19.1,106.7,2.0,10.7,16.6,0.4,13.3,0.4,16.5,8.2,5.1,7.5,19.8,0.04,2013
277,Darius Miller,NOH,23,52,14,38,13.3,103.7,1.3,11.1,16.1,0.3,16.5,0.2,16.0,4.8,3.3,3.3,10.3,0.04,2013
278,Ronnie Brewer,OKC,28,60,43,17,14.2,104.1,1.6,12.1,18.9,0.7,25.1,0.1,8.7,4.2,4.2,4.3,12.4,0.039,2013
279,Lance Thomas,NOH,25,59,19,40,11.0,101.9,1.2,11.9,17.8,0.2,15.7,0.1,13.7,3.1,2.7,2.6,9.4,0.039,2013
280,Kris Humphries,BKN,28,65,36,29,18.3,106.5,3.7,21.1,32.5,0.2,9.5,0.5,27.5,6.6,5.2,5.5,17.8,0.039,2013
281,Luke Babbitt,POR,24,62,24,38,11.8,103.0,2.0,17.1,24.9,0.2,14.4,0.1,9.3,3.7,3.6,3.0,10.8,0.038,2013
282,Terrence Ross,TOR,22,73,29,44,17.0,106.2,1.5,9.3,14.7,0.6,22.9,0.2,11.4,5.6,4.1,4.0,14.8,0.037,2013
283,Jan Vesely,WAS,23,51,15,36,11.8,103.2,1.5,13.3,21.2,0.3,19.5,0.3,27.9,4.0,3.4,2.9,9.4,0.037,2013
284,Chris Duhon,LAL,30,46,23,23,17.8,106.6,1.2,6.6,10.4,0.4,18.7,0.0,1.2,6.1,5.5,5.9,16.3,0.036,2013
285,Meyers Leonard,POR,21,69,28,41,17.5,106.6,2.5,15.4,23.8,0.2,7.4,0.6,37.6,6.4,4.5,5.3,17.5,0.036,2013
286,Joel Freeland,POR,26,51,15,36,9.4,101.0,1.5,16.8,26.3,0.3,24.5,0.2,20.8,3.0,2.4,2.8,8.4,0.036,2013
287,Patty Mills,SAS,24,58,39,19,11.3,103.3,0.7,6.2,9.7,0.4,21.5,0.1,8.5,4.4,3.5,3.7,9.5,0.036,2013
288,Daniel Gibson,CLE,27,46,11,35,20.0,107.4,1.2,6.7,10.5,0.7,18.5,0.1,6.8,8.0,5.0,5.3,16.9,0.035,2013
289,Kent Bazemore,GSW,23,61,34,27,4.4,90.1,0.3,5.5,9.0,0.3,37.0,0.1,12.1,1.8,1.2,1.2,3.3,0.035,2013
290,Jeff Adrien,CHA,27,52,13,39,13.7,105.0,2.5,18.7,29.2,0.3,17.3,0.5,33.3,4.5,3.8,4.0,10.8,0.035,2013
291,Donatas Motiejunas,HOU,22,44,27,17,12.2,104.1,1.3,10.5,16.0,0.2,8.2,0.2,18.9,5.0,3.5,3.3,11.0,0.035,2013
292,Tyreke Evans,SAC,23,65,20,45,31.0,109.6,3.6,12.1,18.9,1.4,27.3,0.4,17.5,11.0,8.6,10.6,29.2,0.035,2013
293,Aaron Gray,TOR,28,42,14,28,12.2,104.3,2.0,18.1,26.9,0.2,9.3,0.1,16.7,3.8,3.0,2.6,11.2,0.034,2013
294,Andris Biedrins,GSW,27,53,28,25,9.3,101.7,2.2,21.9,33.1,0.3,21.4,0.8,65.6,3.8,3.3,2.6,6.9,0.034,2013
295,Jason Thompson,SAC,26,82,28,54,27.9,109.2,4.6,17.5,27.4,0.6,12.7,0.7,30.7,10.2,7.5,9.9,26.3,0.034,2013
296,Doron Lamb,ORL,21,47,16,31,12.3,104.7,0.8,6.7,10.3,0.3,14.0,0.0,0.0,4.9,3.4,3.2,10.8,0.034,2013
297,Alonzo Gee,CLE,26,82,24,58,31.0,109.7,3.0,10.5,16.5,1.3,24.6,0.4,13.2,10.7,8.8,9.1,28.9,0.033,2013
298,Victor Claver,POR,24,49,19,30,16.6,106.9,1.8,11.9,17.5,0.5,29.2,0.2,18.8,6.3,4.6,4.7,16.4,0.033,2013
299,Arnett Moultrie,PHI,22,47,20,27,11.5,104.4,1.5,13.4,20.9,0.4,19.8,0.2,20.4,3.6,2.9,3.0,10.1,0.032,2013
300,Bismack Biyombo,CHA,20,80,20,60,27.3,109.4,4.9,18.6,29.0,0.4,9.5,1.8,48.6,9.6,7.6,7.4,25.4,0.032,2013
301,Markieff Morris,PHX,23,82,25,57,22.4,108.7,3.2,15.4,24.6,0.9,24.5,0.8,30.3,8.5,6.4,7.4,21.6,0.031,2013
302,Samuel Dalembert,MIL,33,47,22,25,16.3,107.1,3.6,23.8,36.6,0.4,13.5,1.1,52.5,6.0,4.6,6.0,16.1,0.031,2013
303,Bernard James,DAL,28,46,24,22,9.9,103.7,1.7,17.3,27.2,0.3,15.6,0.8,55.1,3.6,2.7,3.3,9.3,0.031,2013
304,Dion Waiters,CLE,21,61,20,41,28.8,109.8,2.1,8.1,12.6,1.0,20.3,0.3,11.0,9.1,8.3,8.3,26.1,0.03,2013
305,Kyle O'Quinn,ORL,23,57,11,46,11.2,104.8,2.5,21.4,33.0,0.2,12.5,0.5,37.1,3.7,3.2,3.2,8.8,0.03,2013
306,Gerald Henderson,CHA,25,68,15,53,31.4,110.1,2.9,9.7,15.2,1.0,21.7,0.5,13.4,11.5,8.9,8.7,29.1,0.03,2013
307,Eric Maynor,POR,26,64,40,24,15.0,107.0,0.6,4.0,6.2,0.3,18.0,0.0,1.2,5.1,4.4,4.7,15.2,0.03,2013
308,Mirza Teletovic,BKN,27,53,28,25,9.4,103.2,1.2,13.2,21.7,0.2,13.3,0.2,16.3,2.8,3.1,3.1,8.7,0.03,2013
309,Ryan Anderson,NOH,25,81,27,54,30.9,110.0,4.0,14.4,21.7,0.5,13.7,0.4,11.7,11.2,8.7,8.1,27.8,0.03,2013
310,Jonas Jerebko,DET,26,49,13,36,18.2,108.0,2.4,14.6,23.2,0.8,25.9,0.2,11.3,6.5,5.1,4.2,15.8,0.03,2013
311,John Lucas III,TOR,30,63,26,37,13.1,106.0,0.9,7.6,12.2,0.4,19.7,0.0,1.4,3.5,3.6,3.0,11.1,0.029,2013
312,Will Barton,POR,22,73,27,46,12.2,105.7,1.5,13.2,19.8,0.5,27.0,0.1,14.1,4.7,3.1,3.6,12.4,0.029,2013
313,Brian Roberts,NOH,27,78,26,52,17.0,107.7,1.0,6.8,10.5,0.5,21.4,0.0,2.5,5.5,4.4,3.9,14.2,0.029,2013
314,Joel Anthony,MIA,30,62,50,12,9.1,103.2,1.1,12.3,18.9,0.2,15.3,0.7,62.7,2.7,2.8,2.2,7.1,0.028,2013
315,DeMarcus Cousins,SAC,22,75,26,49,30.5,110.2,7.0,24.5,38.8,1.4,28.2,0.7,28.5,11.5,8.8,11.5,29.0,0.028,2013
316,Cole Aldrich,SAC,24,45,20,25,8.6,103.7,2.0,22.0,35.4,0.1,6.8,0.5,65.7,3.1,2.5,3.7,8.2,0.027,2013
317,Michael Beasley,PHX,24,75,24,51,20.7,109.0,3.1,15.3,23.5,0.4,12.9,0.5,18.2,8.9,5.9,6.1,19.2,0.027,2013
318,Roger Mason Jr.,NOH,32,69,20,49,17.7,108.3,1.8,10.7,16.1,0.4,17.6,0.2,8.7,6.3,4.9,4.7,15.3,0.027,2013
319,Xavier Henry,NOH,22,50,16,34,12.5,106.7,1.4,12.9,19.2,0.3,21.6,0.1,9.4,5.2,3.0,3.6,11.1,0.026,2013
320,Thomas Robinson,HOU,22,70,30,40,15.1,107.6,2.8,18.8,29.5,0.6,22.0,0.4,26.5,6.3,5.1,4.9,14.2,0.025,2013
321,Charlie Villanueva,DET,28,69,26,43,15.8,108.2,2.8,18.1,27.5,0.4,19.9,0.6,37.1,5.7,4.8,4.7,13.8,0.025,2013
322,Daequan Cook,CHI,26,49,25,24,9.0,104.8,1.1,12.9,19.6,0.2,10.4,0.1,14.3,3.1,2.5,2.6,8.0,0.025,2013
323,Ramon Sessions,CHA,27,61,13,48,27.1,110.4,2.3,8.7,14.5,0.8,18.9,0.1,3.2,9.9,8.6,8.3,24.4,0.023,2013
324,Will Bynum,DET,30,65,26,39,18.8,109.2,1.1,6.0,9.4,0.7,23.2,0.1,3.9,7.1,5.6,5.7,16.6,0.023,2013
325,Kendall Marshall,PHX,21,48,12,36,14.6,108.3,0.8,5.6,8.7,0.5,18.8,0.1,5.6,5.5,4.1,4.7,14.3,0.023,2013
326,DeQuan Jones,ORL,23,63,14,49,12.7,109.3,1.4,11.0,16.5,0.3,18.6,0.3,25.0,4.2,3.5,3.6,11.8,0.016,2013
327,Marcus Thornton,SAC,26,72,26,46,24.0,111.2,1.8,8.0,13.2,0.8,20.5,0.1,2.6,8.6,7.5,8.5,23.1,0.014,2013
328,James White,NYK,30,57,41,16,7.6,108.4,0.8,10.5,15.9,0.2,22.8,0.1,12.1,2.1,2.1,2.0,7.2,0.012,2013
329,Jimmer Fredette,SAC,24,69,25,44,14.0,110.8,0.8,5.6,9.2,0.4,17.5,0.0,3.7,5.3,4.5,4.6,13.1,0.01,2013
330,Aaron Brooks,HOU,28,53,20,33,18.8,111.3,1.3,7.0,11.1,0.6,18.6,0.2,9.3,6.9,5.9,6.5,15.9,0.01,2013
331,James Johnson,SAC,26,54,17,37,16.3,113.0,1.8,11.6,19.2,0.8,25.3,0.9,58.1,6.9,5.3,4.9,13.8,0.001,2013
332,Byron Mullens,CHA,24,53,13,40,26.9,113.1,5.0,19.6,31.2,0.6,16.1,0.6,18.4,9.3,8.0,7.7,27.4,0.0,2013
333,Ben Gordon,CHA,30,75,19,56,20.8,113.5,1.5,7.6,12.8,0.5,15.6,0.2,9.0,8.2,6.6,6.1,19.6,-0.003,2013
