,Player,TEAM,AGE,GP,W,L,MIN,DEF RTG,DREB,DREB%,%DREB,STL,STL%,BLK,%BLK,OPP PTSOFF TOV,OPP PTS2ND CHANCE,OPP PTSFB,OPP PTSPAINT,DEFWS,Year
0,Jayson Tatum,BOS,24,76,49,27,35.9,103.4,6.9,18.0,25.9,1.0,17.9,0.6,14.6,10.5,9.1,8.5,30.8,0.179,2022
1,Stephen Curry,GSW,34,64,45,19,34.5,103.4,4.7,12.6,18.4,1.3,19.2,0.4,9.9,12.4,9.2,9.1,32.3,0.174,2022
2,Jaylen Brown,BOS,25,66,43,23,33.6,103.8,5.3,14.5,21.1,1.1,20.6,0.3,6.6,10.0,8.5,7.8,28.4,0.165,2022
3,Draymond Green,GSW,32,46,34,12,28.9,102.8,6.3,20.4,28.5,1.3,25.0,1.1,35.7,10.4,6.7,6.6,25.1,0.152,2022
4,Rudy Gobert,UTA,30,66,42,24,32.1,104.5,11.0,31.2,44.9,0.7,14.8,2.1,66.8,10.7,7.8,7.9,28.0,0.151,2022
5,Bam Adebayo,MIA,24,56,36,20,32.6,104.9,7.6,23.4,32.4,1.4,27.0,0.8,41.5,10.4,7.5,7.9,28.0,0.147,2022
6,Robert Williams III,BOS,24,61,40,21,29.6,103.4,5.7,17.8,26.1,0.9,19.9,2.2,57.0,9.2,7.7,7.7,25.2,0.146,2022
7,Marcus Smart,BOS,28,71,47,24,32.3,105.2,3.2,9.3,13.3,1.7,33.1,0.3,6.6,9.8,8.0,7.9,27.5,0.145,2022
8,Al Horford,BOS,36,69,46,23,29.1,103.4,6.1,20.1,28.5,0.7,17.0,1.3,39.3,8.1,6.8,6.4,23.8,0.144,2022
9,Chris Paul,PHX,37,65,53,12,32.9,105.5,4.0,11.3,16.4,1.9,31.4,0.3,11.1,8.5,9.2,7.5,32.0,0.142,2022
10,Andrew Wiggins,GSW,27,73,47,26,31.9,105.4,3.3,9.5,13.7,1.0,18.1,0.7,22.5,10.8,8.4,8.3,29.5,0.14,2022
11,Darius Garland,CLE,22,68,37,31,35.7,106.9,2.7,7.4,10.7,1.3,23.8,0.1,3.2,12.6,9.5,8.6,34.7,0.14,2022
12,Kyle Lowry,MIA,36,63,41,22,33.9,106.6,4.0,11.6,16.4,1.1,20.4,0.3,12.8,12.0,8.0,8.7,28.5,0.138,2022
13,Mikal Bridges,PHX,25,82,64,18,34.8,106.9,3.3,8.9,13.1,1.2,18.8,0.4,15.1,10.0,10.3,8.3,33.3,0.137,2022
14,Evan Mobley,CLE,21,69,40,29,33.8,106.8,6.2,17.4,26.2,0.8,16.7,1.7,48.1,11.9,8.9,8.2,32.1,0.134,2022
15,George Hill,MIL,36,54,36,18,23.2,100.8,2.2,8.4,12.1,0.8,19.2,0.1,5.8,6.6,6.0,5.1,20.0,0.134,2022
16,Mike Conley,UTA,34,72,44,28,28.6,104.9,2.4,7.9,11.2,1.3,32.3,0.3,11.3,9.3,6.9,7.0,25.4,0.131,2022
17,Jordan Poole,GSW,23,76,49,27,30.0,105.5,3.0,9.4,13.2,0.8,15.4,0.3,11.0,10.4,7.5,7.2,27.3,0.131,2022
18,Fred VanVleet,TOR,28,65,39,26,37.9,108.5,3.8,10.0,15.1,1.7,24.6,0.5,15.5,11.3,10.7,9.0,35.1,0.131,2022
19,OG Anunoby,TOR,24,48,31,17,36.0,108.1,4.0,11.6,16.9,1.5,20.2,0.5,14.9,10.4,9.5,8.8,34.4,0.129,2022
20,Jarrett Allen,CLE,24,56,35,21,32.3,106.7,7.3,21.3,31.4,0.8,16.7,1.3,44.9,12.3,8.4,8.4,31.1,0.128,2022
21,Kenrich Williams,OKC,27,49,17,32,21.9,100.3,3.0,12.3,18.3,0.9,26.3,0.2,9.7,7.1,5.4,3.3,19.1,0.128,2022
22,Scottie Barnes,TOR,20,74,43,31,35.4,108.4,4.9,14.1,21.1,1.1,16.7,0.7,22.5,10.5,10.3,8.5,33.8,0.124,2022
23,Devin Booker,PHX,25,68,56,12,34.5,108.1,4.4,11.7,17.1,1.1,18.6,0.4,12.7,10.4,10.8,8.2,32.8,0.124,2022
24,Joel Embiid,PHI,28,68,45,23,33.8,107.8,9.6,27.3,39.4,1.1,22.4,1.5,40.4,9.5,8.8,10.0,32.6,0.124,2022
25,Derrick White,BOS,27,75,40,35,29.3,106.4,3.0,9.4,14.1,0.9,18.9,0.8,23.0,8.3,8.9,6.7,29.6,0.123,2022
26,Cameron Johnson,PHX,26,66,50,16,26.2,104.6,3.5,12.3,17.8,0.9,18.8,0.2,9.6,8.6,7.2,5.7,25.1,0.123,2022
27,Giannis Antetokounmpo,MIL,27,67,45,22,32.9,107.9,9.6,26.7,36.6,1.1,20.2,1.4,46.7,10.3,8.1,6.6,28.3,0.122,2022
28,Joe Ingles,POR,34,45,28,17,24.9,103.7,2.6,9.9,14.0,0.5,14.8,0.1,4.7,8.6,6.3,6.2,24.3,0.121,2022
29,Jae Crowder,PHX,31,67,54,13,28.1,105.9,4.8,16.0,23.5,1.4,26.5,0.4,21.0,7.2,8.1,6.4,26.5,0.119,2022
30,Pascal Siakam,TOR,28,68,40,28,37.9,109.6,6.6,18.2,26.4,1.3,18.4,0.6,17.6,10.5,9.7,9.3,35.7,0.118,2022
31,Tyler Herro,MIA,22,66,44,22,32.6,108.1,4.5,13.3,19.9,0.7,13.4,0.1,4.9,11.7,9.8,8.0,29.3,0.118,2022
32,Jimmy Butler,MIA,32,57,38,19,33.9,108.4,4.1,12.5,17.6,1.6,29.7,0.5,23.7,11.3,8.5,8.1,29.5,0.118,2022
33,Kevin Durant,BKN,33,55,36,19,37.2,109.7,6.9,16.6,24.9,0.9,15.5,0.9,22.0,14.0,10.7,11.1,35.1,0.117,2022
34,Cameron Payne,PHX,27,58,46,12,22.0,102.7,2.6,10.9,16.2,0.7,18.4,0.3,12.5,7.4,6.6,4.9,20.3,0.116,2022
35,Jaren Jackson Jr.,MEM,22,78,53,25,27.3,106.0,4.3,14.5,21.2,0.9,17.0,2.3,54.5,7.5,7.3,7.6,25.5,0.116,2022
36,Nikola Jokic,DEN,27,74,46,28,33.5,108.9,11.0,31.3,42.9,1.5,30.9,0.9,34.8,12.2,7.9,8.4,35.2,0.113,2022
37,Reggie Bullock,DAL,31,68,44,24,28.0,106.7,3.1,10.6,15.6,0.6,15.2,0.2,9.1,7.5,7.8,6.5,27.7,0.111,2022
38,Terance Mann,LAC,25,81,41,40,28.6,107.1,4.0,12.7,19.1,0.7,16.3,0.3,9.0,9.5,8.7,7.4,29.7,0.111,2022
39,Otto Porter Jr.,GSW,29,63,41,22,22.2,103.3,4.4,18.9,27.3,1.1,24.5,0.5,21.3,7.4,5.3,5.6,19.7,0.111,2022
40,Tim Hardaway Jr.,DAL,30,42,24,18,29.6,107.7,3.4,11.4,16.3,0.9,21.6,0.1,6.5,8.6,8.5,7.5,28.5,0.111,2022
41,Tyrese Maxey,PHI,21,75,45,30,35.3,109.7,2.9,8.0,11.5,0.7,13.4,0.4,11.6,10.2,9.6,11.3,35.9,0.109,2022
42,Deandre Ayton,PHX,23,58,46,12,29.5,107.7,7.7,24.1,35.4,0.7,13.0,0.7,34.8,8.5,9.0,7.2,27.3,0.109,2022
43,Luke Kennard,LAC,26,70,35,35,27.4,106.6,3.0,10.0,15.1,0.6,14.2,0.1,2.8,9.2,8.1,7.4,28.4,0.109,2022
44,Desmond Bane,MEM,24,76,53,23,29.8,107.8,3.8,11.8,17.3,1.2,20.7,0.4,9.3,8.6,8.0,8.5,28.3,0.109,2022
45,Maxi Kleber,DAL,30,59,36,23,24.6,105.3,4.7,18.2,26.7,0.5,17.6,1.0,43.3,6.5,7.0,6.0,22.2,0.109,2022
46,Brandon Ingram,NOP,24,55,29,26,34.0,109.4,5.2,15.2,21.4,0.6,11.5,0.5,15.6,11.0,8.6,7.6,32.5,0.108,2022
47,P.J. Tucker,MIA,37,71,45,26,27.9,107.1,4.0,14.6,20.5,0.8,19.0,0.2,12.2,9.5,7.1,7.4,23.4,0.108,2022
48,Landry Shamet,PHX,25,69,53,16,20.8,102.9,1.6,7.2,10.5,0.4,11.2,0.1,6.4,6.7,5.7,4.9,19.6,0.107,2022
49,Jordan Clarkson,UTA,30,79,47,32,27.1,107.0,2.6,9.1,13.0,0.8,20.2,0.2,7.2,9.1,6.9,6.7,25.0,0.106,2022
50,Seth Curry,BKN,31,64,38,26,33.3,109.2,2.8,8.2,12.1,0.8,16.9,0.2,5.9,10.5,9.0,9.9,32.0,0.105,2022
51,Tobias Harris,PHI,29,73,45,28,34.8,110.0,5.7,16.4,23.4,0.6,12.1,0.6,15.8,9.6,9.3,10.9,34.6,0.105,2022
52,Gary Trent Jr.,TOR,23,70,44,26,35.0,110.2,2.4,7.0,10.3,1.7,26.6,0.3,8.4,9.5,10.1,8.6,34.3,0.104,2022
53,Immanuel Quickley,NYK,23,78,35,43,23.1,104.8,2.8,11.4,16.5,0.7,19.5,0.0,1.8,6.4,5.7,3.7,18.4,0.104,2022
54,Luka Doncic,DAL,23,65,44,21,35.4,110.3,8.3,23.0,33.7,1.2,23.4,0.6,18.4,10.5,10.5,9.2,35.9,0.104,2022
55,Eric Bledsoe,POR,32,54,27,27,25.2,106.4,2.9,10.5,16.0,1.3,31.5,0.4,16.7,9.0,7.9,6.7,25.8,0.103,2022
56,Khris Middleton,MIL,30,66,44,22,32.4,109.6,4.8,13.6,18.9,1.2,21.6,0.3,10.5,10.5,9.0,6.8,28.5,0.103,2022
57,Jrue Holiday,MIL,32,67,47,20,32.9,109.7,3.5,10.0,13.6,1.6,28.7,0.4,16.4,10.5,8.5,7.0,28.3,0.103,2022
58,Grayson Allen,MIL,26,66,43,23,27.3,107.5,2.9,9.7,13.6,0.7,15.6,0.3,11.0,8.7,7.1,6.2,24.0,0.103,2022
59,Alec Burks,NYK,30,81,37,44,28.6,108.1,4.3,14.8,21.2,1.0,23.8,0.3,11.4,8.6,7.0,6.6,26.0,0.103,2022
60,Jalen Suggs,ORL,21,48,16,32,27.2,107.8,3.0,10.2,14.7,1.2,30.1,0.4,15.1,9.2,7.9,7.1,23.5,0.102,2022
61,Domantas Sabonis,SAC,26,62,21,41,34.4,110.1,8.9,26.4,36.2,1.0,19.3,0.4,13.2,11.7,8.6,9.2,34.9,0.102,2022
62,Jalen Brunson,DAL,25,79,50,29,31.9,109.4,3.4,10.5,15.3,0.8,19.7,0.0,1.4,9.1,8.8,7.7,31.3,0.101,2022
63,Wendell Carter Jr.,ORL,23,62,16,46,29.9,108.8,8.2,26.0,36.5,0.6,13.4,0.7,25.9,10.1,8.0,6.8,26.2,0.101,2022
64,Dennis Schroder,HOU,28,64,32,32,28.7,107.9,2.8,9.7,14.4,0.8,18.9,0.1,3.8,9.0,7.6,6.7,26.7,0.101,2022
65,Josh Giddey,OKC,19,54,17,37,31.5,109.4,6.0,17.5,25.6,0.9,18.8,0.4,12.0,10.8,9.5,6.7,31.0,0.101,2022
66,James Harden,PHI,32,65,40,25,37.2,111.4,6.8,17.6,25.7,1.3,21.8,0.6,13.4,13.1,9.7,11.8,37.3,0.099,2022
67,Reggie Jackson,LAC,32,75,38,37,31.2,109.4,3.1,9.2,13.5,0.7,16.8,0.2,6.4,10.5,9.2,8.5,32.3,0.099,2022
68,Luguentz Dort,OKC,23,51,17,34,32.7,110.1,3.4,9.7,14.1,0.9,17.5,0.4,10.7,10.8,9.5,7.3,32.3,0.099,2022
69,Matisse Thybulle,PHI,25,66,43,23,25.5,107.2,1.7,6.4,9.5,1.7,36.4,1.1,34.5,7.3,6.9,7.3,26.2,0.099,2022
70,Gabe Vincent,MIA,26,68,47,21,23.4,106.0,1.5,6.4,9.6,0.9,25.3,0.2,10.4,7.7,6.4,6.0,19.6,0.099,2022
71,D'Angelo Russell,MIN,26,65,39,26,31.9,109.8,2.9,8.9,13.6,1.0,16.7,0.3,9.2,10.8,9.4,10.0,32.2,0.099,2022
72,Bobby Portis,MIL,27,72,46,26,28.2,108.5,6.6,21.8,30.1,0.7,16.5,0.7,32.1,8.7,7.4,5.7,23.9,0.098,2022
73,Anthony Edwards,MIN,20,72,39,33,34.2,110.6,3.9,11.3,17.0,1.5,23.2,0.6,15.9,11.4,9.9,10.4,33.4,0.097,2022
74,Caleb Martin,MIA,26,60,37,23,22.9,106.2,2.7,11.4,17.3,1.0,24.9,0.5,26.8,7.8,6.9,6.0,19.7,0.097,2022
75,Spencer Dinwiddie,DAL,29,67,38,29,29.6,109.4,3.5,11.1,16.4,0.7,18.6,0.2,6.7,8.6,8.0,5.8,29.2,0.097,2022
76,Ty Jerome,OKC,24,48,15,33,16.7,100.4,1.2,7.2,10.6,0.6,22.7,0.1,6.5,5.5,3.9,3.4,15.2,0.096,2022
77,Dejounte Murray,SAS,25,68,30,38,34.8,111.0,7.1,19.6,29.0,2.0,35.1,0.3,9.2,10.1,10.2,8.7,36.6,0.096,2022
78,Isaac Okoro,CLE,21,67,34,33,29.6,109.3,1.9,6.5,9.2,0.8,19.6,0.3,12.0,10.4,7.2,7.3,29.5,0.096,2022
79,De'Anthony Melton,MEM,24,73,49,24,22.7,106.4,3.6,15.0,21.9,1.4,28.3,0.5,18.1,7.5,6.3,5.5,22.5,0.095,2022
80,Dorian Finney-Smith,DAL,29,80,51,29,33.0,110.4,3.2,9.5,13.8,1.1,24.4,0.5,19.3,9.3,8.7,8.1,32.2,0.095,2022
81,Gary Payton II,GSW,29,71,47,24,17.6,102.3,2.5,13.2,19.5,1.4,34.4,0.3,16.4,5.9,4.8,4.0,16.1,0.095,2022
82,Precious Achiuwa,TOR,22,73,46,27,23.6,106.7,4.5,18.8,27.7,0.5,12.4,0.6,24.8,6.6,7.0,5.4,21.8,0.094,2022
83,Duncan Robinson,MIA,28,79,52,27,25.9,107.9,2.3,8.9,12.6,0.5,12.8,0.2,11.4,8.4,6.3,6.6,21.6,0.094,2022
84,Lauri Markkanen,CLE,25,61,32,29,30.8,109.9,4.7,14.7,21.5,0.7,16.4,0.5,17.8,10.8,8.2,7.7,30.2,0.094,2022
85,Dean Wade,CLE,25,51,27,24,19.2,103.8,2.3,12.0,16.9,0.6,19.1,0.1,9.3,6.6,4.3,4.7,17.7,0.093,2022
86,Will Barton,DEN,31,71,41,30,32.1,110.4,4.2,12.8,17.9,0.8,17.0,0.4,17.0,11.3,7.5,8.8,34.7,0.093,2022
87,Tyus Jones,MEM,26,73,51,22,21.2,105.5,2.2,9.7,14.3,0.9,20.2,0.0,0.9,6.0,6.3,5.3,20.6,0.092,2022
88,Kristaps Porzingis,WAS,26,51,26,25,29.0,109.5,6.1,20.4,28.5,0.7,20.3,1.6,56.4,8.4,6.4,7.2,26.8,0.091,2022
89,Julius Randle,NYK,27,72,32,40,35.3,111.6,8.2,22.5,32.3,0.7,15.9,0.5,14.6,11.8,9.1,10.1,33.0,0.091,2022
90,Chris Boucher,TOR,29,80,48,32,21.1,105.7,3.9,18.3,27.4,0.6,15.7,0.9,41.7,6.3,6.0,4.6,18.1,0.091,2022
91,Royce O'Neale,UTA,29,77,46,31,31.2,110.5,3.9,12.0,17.2,1.1,23.6,0.4,12.5,10.6,8.6,7.7,30.1,0.09,2022
92,Russell Westbrook,LAL,33,78,31,47,34.3,111.5,6.0,16.5,24.7,1.0,17.9,0.3,7.1,12.1,9.7,10.8,36.8,0.09,2022
93,Ja Morant,MEM,22,57,36,21,33.1,111.2,4.4,12.4,17.8,1.2,19.0,0.4,8.9,10.3,8.5,9.0,33.1,0.089,2022
94,DeMar DeRozan,CHI,32,76,43,33,36.1,112.0,4.4,12.2,17.6,0.9,16.9,0.3,10.7,10.8,9.8,8.9,37.3,0.089,2022
95,RJ Barrett,NYK,22,70,33,37,34.5,111.6,4.9,13.6,19.5,0.6,13.2,0.2,6.9,11.4,8.7,8.9,32.0,0.089,2022
96,Jerami Grant,DET,28,47,11,36,31.9,110.7,3.5,10.8,15.9,0.9,21.6,1.0,31.2,11.2,8.1,6.8,32.2,0.089,2022
97,Grant Williams,BOS,23,77,49,28,24.4,108.0,2.7,10.7,16.0,0.5,14.0,0.7,23.7,8.5,6.1,6.1,22.7,0.089,2022
98,Herbert Jones,NOP,23,78,36,42,29.9,110.2,2.5,8.6,12.1,1.7,30.6,0.8,29.7,9.4,7.6,6.3,27.4,0.089,2022
99,Gordon Hayward,CHA,32,49,26,23,31.9,111.0,3.8,11.4,17.0,1.0,16.0,0.4,14.5,10.1,9.7,9.4,31.9,0.088,2022
100,Jonas Valanciunas,NOP,30,74,34,40,30.3,110.2,8.3,28.0,38.5,0.6,11.5,0.8,34.7,9.7,7.2,7.1,27.5,0.088,2022
101,Myles Turner,IND,26,42,15,27,29.4,109.9,5.5,18.8,27.2,0.7,15.6,2.8,69.8,9.0,7.6,7.0,28.1,0.088,2022
102,Josh Richardson,SAS,28,65,38,27,24.6,107.8,2.2,8.7,13.0,0.9,22.1,0.4,15.8,8.3,6.6,5.2,22.9,0.088,2022
103,Chris Duarte,IND,25,55,21,34,28.0,109.7,3.4,11.7,16.9,1.0,24.1,0.2,5.7,9.8,7.8,7.3,29.1,0.087,2022
104,Rudy Gay,UTA,35,55,34,21,18.9,104.9,3.4,16.6,23.5,0.5,15.4,0.3,18.8,6.4,4.5,4.3,16.8,0.087,2022
105,Keldon Johnson,SAS,22,75,33,42,31.9,111.1,5.0,14.8,21.9,0.8,15.7,0.2,5.6,9.2,9.3,7.8,33.5,0.087,2022
106,Kevin Love,CLE,33,74,38,36,22.5,107.4,6.1,25.8,36.9,0.4,11.1,0.2,14.4,8.4,5.6,6.3,21.9,0.087,2022
107,Brandon Clarke,MEM,25,64,44,20,19.5,105.7,3.2,14.8,22.0,0.6,15.7,1.1,31.8,6.1,6.4,4.7,19.1,0.087,2022
108,Monte Morris,DEN,27,75,44,31,29.9,110.4,2.7,8.7,12.0,0.7,18.4,0.2,8.4,10.4,6.8,7.5,32.0,0.087,2022
109,Taj Gibson,NYK,37,52,24,28,18.2,104.2,2.7,13.9,20.7,0.4,16.4,0.8,45.5,5.1,5.3,3.9,15.0,0.086,2022
110,Donovan Mitchell,UTA,25,67,41,26,33.8,111.7,3.4,9.6,13.9,1.5,28.1,0.2,5.0,11.5,9.5,8.0,32.8,0.086,2022
111,Franz Wagner,ORL,20,79,21,58,30.7,110.8,3.4,10.6,15.0,0.9,20.6,0.4,14.5,10.3,8.3,7.7,27.1,0.086,2022
112,Cole Anthony,ORL,22,65,18,47,31.7,111.1,4.9,14.5,20.6,0.7,17.6,0.3,7.8,11.2,8.7,7.9,28.4,0.085,2022
113,Karl-Anthony Towns,MIN,26,74,44,30,33.5,111.6,7.2,21.0,31.2,1.0,16.4,1.1,31.2,11.0,9.5,10.5,33.2,0.085,2022
114,Gary Harris,ORL,27,61,16,45,28.4,110.1,1.4,4.8,7.0,1.0,21.5,0.1,5.6,9.8,7.7,7.3,26.9,0.085,2022
115,Aaron Gordon,DEN,26,75,46,29,31.7,111.1,4.2,12.9,17.8,0.6,13.6,0.6,25.4,11.4,7.2,8.1,33.9,0.085,2022
116,Alekesej Pokusevski,OKC,20,61,19,42,20.2,106.1,4.0,18.9,26.8,0.6,19.2,0.6,30.9,6.8,5.3,4.0,18.0,0.084,2022
117,Jusuf Nurkic,POR,27,56,25,31,28.2,110.1,8.1,28.3,38.9,1.1,24.8,0.6,21.9,9.1,6.1,8.0,25.9,0.084,2022
118,Max Strus,MIA,26,68,46,22,23.3,108.1,2.6,11.2,15.9,0.4,13.3,0.2,15.8,8.3,5.8,6.0,19.4,0.084,2022
119,Jaden McDaniels,MIN,21,70,40,30,25.8,109.3,3.1,11.5,17.4,0.7,16.3,0.8,24.0,8.7,7.7,7.0,23.4,0.084,2022
120,Chuma Okeke,ORL,23,70,21,49,25.0,109.1,4.3,16.5,23.9,1.4,33.3,0.6,25.6,8.5,6.3,5.9,24.0,0.083,2022
121,Miles Bridges,CHA,24,80,41,39,35.5,112.4,5.9,15.8,23.5,0.9,15.1,0.8,23.3,11.8,11.1,9.3,35.6,0.082,2022
122,Obi Toppin,NYK,24,72,32,40,17.1,104.0,2.8,15.5,22.7,0.3,11.6,0.5,27.3,5.3,4.3,2.9,14.1,0.082,2022
123,Kevon Looney,GSW,26,82,53,29,21.1,107.2,4.7,21.0,29.8,0.6,16.7,0.6,30.2,7.5,5.6,5.8,19.9,0.082,2022
124,Terry Rozier,CHA,28,73,38,35,33.7,112.0,3.5,10.1,14.9,1.3,21.5,0.3,10.7,11.1,10.1,9.6,33.6,0.082,2022
125,Devin Vassell,SAS,21,71,29,42,27.3,110.2,3.7,12.8,19.5,1.1,23.5,0.6,20.7,9.1,7.7,6.5,28.0,0.082,2022
126,Steven Adams,MEM,28,76,51,25,26.3,109.5,5.4,19.8,27.8,0.9,18.1,0.8,26.4,7.9,6.5,7.3,25.7,0.082,2022
127,Patty Mills,BKN,33,81,44,37,29.0,110.7,1.7,5.5,8.4,0.6,15.2,0.2,6.4,10.3,8.4,8.7,29.2,0.082,2022
128,Isaiah Hartenstein,LAC,24,68,37,31,17.9,105.0,3.2,15.8,24.2,0.7,24.4,1.1,50.3,6.7,6.1,4.9,18.4,0.082,2022
129,Bojan Bogdanovic,UTA,33,69,45,24,30.9,111.4,3.4,10.6,15.4,0.5,10.5,0.0,0.4,10.6,8.7,7.7,30.4,0.081,2022
130,Robert Covington,LAC,31,71,34,37,27.3,110.2,4.7,16.7,24.1,1.5,30.3,1.3,39.6,8.7,7.3,6.9,25.9,0.081,2022
131,Damion Lee,GSW,29,63,41,22,19.9,106.5,2.8,13.6,18.9,0.6,19.2,0.1,6.7,6.9,5.2,5.2,18.3,0.081,2022
132,Romeo Langford,SAS,22,48,24,24,16.1,103.1,1.6,9.2,13.5,0.5,18.3,0.3,16.5,5.1,4.5,3.7,14.3,0.08,2022
133,Josh Green,DAL,21,67,44,23,15.5,103.8,1.6,10.5,15.1,0.7,27.8,0.2,16.1,5.4,4.1,3.6,15.7,0.079,2022
134,Montrezl Harrell,CHA,28,71,36,35,23.1,108.5,4.0,16.3,23.8,0.4,13.4,0.6,29.1,7.4,6.0,4.5,22.9,0.079,2022
135,Kyle Anderson,MEM,28,69,46,23,21.5,108.3,4.3,19.6,28.3,1.1,24.9,0.7,24.9,6.9,5.8,5.8,22.6,0.078,2022
136,Patrick Beverley,MIN,33,58,33,25,25.4,109.8,3.1,11.9,18.2,1.2,23.9,0.9,31.1,8.3,7.6,7.9,24.6,0.078,2022
137,Austin Reaves,LAL,24,61,28,33,23.2,109.0,2.4,9.9,14.7,0.5,13.0,0.3,12.0,7.1,6.2,7.1,24.1,0.078,2022
138,Furkan Korkmaz,PHI,24,67,44,23,21.1,108.0,2.3,10.4,15.8,0.5,14.0,0.1,5.7,6.7,6.7,6.2,20.4,0.077,2022
139,Mason Plumlee,CHA,32,73,40,33,24.6,109.6,5.3,20.5,29.6,0.8,18.4,0.7,34.2,8.2,7.5,7.4,24.7,0.077,2022
140,Danuel House Jr.,UTA,29,42,18,24,17.3,105.5,2.2,11.8,17.3,0.5,17.8,0.4,21.5,6.3,4.6,4.5,16.5,0.077,2022
141,Nicolas Batum,LAC,33,59,31,28,24.8,109.8,3.8,14.6,21.7,1.0,24.6,0.7,27.6,8.4,7.6,6.4,26.1,0.077,2022
142,Nemanja Bjelica,GSW,34,71,48,23,16.1,104.0,3.3,18.7,27.4,0.6,19.6,0.4,25.2,5.5,4.4,3.9,14.5,0.077,2022
143,Wesley Matthews,MIL,35,49,33,16,20.5,107.7,1.3,5.6,7.9,0.5,15.5,0.2,9.6,5.9,5.6,4.4,18.4,0.077,2022
144,Georges Niang,PHI,29,76,48,28,22.8,109.0,2.3,9.7,14.4,0.4,12.3,0.2,7.3,7.8,5.9,7.2,20.8,0.077,2022
145,Danny Green,PHI,35,62,37,25,21.8,108.5,2.0,9.1,13.1,1.0,27.0,0.6,26.6,7.6,5.4,7.3,20.3,0.077,2022
146,Devonte' Graham,NOP,27,76,34,42,28.4,111.1,1.8,6.4,9.2,0.9,20.3,0.2,6.5,9.1,7.3,6.8,26.2,0.077,2022
147,Quentin Grimes,NYK,22,46,21,25,17.1,105.0,1.5,8.5,12.4,0.7,25.4,0.2,14.1,5.2,4.2,3.3,13.8,0.076,2022
148,Talen Horton-Tucker,LAL,21,60,23,37,25.2,110.1,2.6,10.0,14.5,1.0,25.8,0.5,18.1,8.6,6.3,6.9,25.8,0.076,2022
149,Malik Beasley,MIN,25,79,46,33,25.0,110.1,2.5,10.0,14.9,0.5,12.0,0.2,5.4,8.4,7.2,7.4,23.7,0.075,2022
150,LaMelo Ball,CHA,20,75,39,36,32.3,112.5,5.2,15.7,23.2,1.6,26.4,0.4,13.0,11.1,9.9,9.5,33.2,0.075,2022
151,Shai Gilgeous-Alexander,OKC,23,56,16,40,34.7,113.0,4.3,11.4,16.7,1.3,21.8,0.8,25.8,11.1,9.7,7.9,34.4,0.075,2022
152,Ziaire Williams,MEM,20,62,41,21,21.7,108.8,1.7,7.1,10.1,0.6,14.4,0.2,6.4,6.7,6.0,6.3,23.6,0.075,2022
153,Daniel Theis,BOS,30,47,20,27,20.8,108.4,3.6,15.9,23.2,0.4,14.2,0.7,29.5,9.1,5.7,5.8,19.6,0.075,2022
154,LeBron James,LAL,37,56,25,31,37.2,113.5,7.1,18.5,27.7,1.3,21.2,1.1,27.1,13.1,10.2,11.9,38.6,0.074,2022
155,JaVale McGee,PHX,34,74,57,17,15.8,104.6,4.5,26.6,38.0,0.3,11.3,1.1,57.0,5.6,3.9,4.0,15.0,0.074,2022
156,Cedi Osman,CLE,27,66,37,29,22.1,109.2,1.8,8.0,12.2,0.8,24.9,0.2,8.8,8.2,6.3,6.0,22.8,0.073,2022
157,Davion Mitchell,SAC,23,75,28,47,27.7,111.3,1.8,6.2,9.3,0.7,16.5,0.3,12.3,10.3,9.0,7.1,28.6,0.073,2022
158,Deni Avdija,WAS,21,82,35,47,24.2,110.1,4.5,18.2,26.3,0.7,20.8,0.5,22.4,7.7,6.1,4.3,22.5,0.073,2022
159,Jarred Vanderbilt,MIN,23,74,41,33,25.4,110.5,5.5,21.2,31.9,1.3,29.0,0.6,21.2,8.4,7.5,8.1,25.0,0.073,2022
160,Nikola Vucevic,CHI,31,73,41,32,33.1,112.8,9.1,27.4,38.4,1.0,20.1,1.0,35.9,10.4,8.3,8.2,33.5,0.072,2022
161,Jakob Poeltl,SAS,26,68,30,38,29.0,111.8,5.5,18.4,27.4,0.7,14.7,1.7,55.4,8.0,8.7,6.6,30.4,0.072,2022
162,Jose Alvarado,NOP,24,54,25,29,15.4,104.8,1.4,9.4,13.7,1.3,39.4,0.1,9.0,4.9,3.7,3.2,13.8,0.072,2022
163,Justise Winslow,POR,26,48,24,24,16.1,105.9,3.2,17.7,26.6,0.7,25.2,0.5,30.5,5.6,4.8,4.8,15.6,0.071,2022
164,P.J. Washington,CHA,23,65,33,32,27.2,111.5,3.9,14.2,21.1,0.9,18.6,0.9,32.1,9.0,7.8,7.5,26.7,0.071,2022
165,John Konchar,MEM,26,72,48,24,17.9,107.0,3.4,18.2,26.3,0.6,16.1,0.3,12.9,5.1,5.0,4.8,17.1,0.07,2022
166,Zach LaVine,CHI,27,67,37,30,34.7,113.4,4.3,12.1,17.4,0.6,11.9,0.3,12.2,11.2,9.4,8.6,34.7,0.07,2022
167,Bogdan Bogdanovic,ATL,29,63,33,30,29.3,112.1,3.5,11.6,17.2,1.1,23.3,0.2,8.8,8.4,8.3,6.3,28.7,0.07,2022
168,Nassir Little,POR,22,42,19,23,25.9,111.1,4.2,15.8,22.6,0.6,15.0,0.9,30.0,8.9,6.2,7.2,25.9,0.069,2022
169,Brandon Boston,LAC,20,51,26,25,14.9,104.9,1.8,11.1,17.0,0.5,20.8,0.3,14.3,5.5,5.2,4.1,15.9,0.069,2022
170,Cade Cunningham,DET,20,64,20,44,32.6,113.1,4.6,14.3,21.1,1.2,24.8,0.7,22.2,11.4,8.4,6.7,33.2,0.069,2022
171,Josh Hart,POR,27,54,20,34,33.2,113.2,6.0,18.3,26.0,1.1,21.0,0.2,10.2,12.0,7.9,8.8,31.1,0.069,2022
172,Mitchell Robinson,NYK,24,72,32,40,25.7,111.2,4.5,17.1,24.3,0.8,22.8,1.8,61.9,8.5,6.3,6.3,23.9,0.068,2022
173,Evan Fournier,NYK,29,80,36,44,29.5,112.5,2.2,7.3,10.5,1.0,24.8,0.3,8.4,9.8,7.9,8.3,28.4,0.068,2022
174,Keita Bates-Diop,SAS,26,59,23,36,16.2,106.2,2.9,16.3,23.4,0.5,19.0,0.2,15.4,5.8,5.2,3.8,16.5,0.068,2022
175,Thaddeus Young,TOR,34,52,27,25,16.3,106.3,2.5,15.2,22.3,1.0,34.6,0.3,22.8,5.2,4.2,4.3,15.2,0.068,2022
176,John Collins,ATL,24,54,26,28,30.8,112.7,6.1,19.0,27.3,0.6,14.8,1.0,33.1,9.9,7.7,7.5,28.9,0.068,2022
177,Dewayne Dedmon,MIA,32,67,43,24,15.9,106.0,4.2,25.1,37.9,0.4,16.1,0.6,53.2,6.0,4.5,3.7,13.7,0.068,2022
178,Kevin Huerter,ATL,23,74,40,34,29.6,112.5,3.0,9.8,14.1,0.7,17.6,0.4,13.8,9.4,7.8,8.0,30.4,0.068,2022
179,Shake Milton,PHI,25,55,34,21,21.4,109.6,2.0,9.4,13.6,0.5,15.4,0.3,12.7,7.2,5.9,7.3,19.6,0.068,2022
180,Onyeka Okongwu,ATL,21,48,26,22,20.7,109.1,3.5,16.3,24.6,0.6,19.1,1.3,64.5,6.2,5.9,4.3,20.0,0.068,2022
181,Mo Bamba,ORL,24,71,19,52,25.7,111.3,6.0,21.4,30.3,0.5,16.1,1.7,58.7,9.2,7.4,7.1,21.2,0.068,2022
182,Sterling Brown,DAL,27,49,31,18,12.8,103.1,2.5,18.8,27.0,0.3,15.1,0.1,15.2,4.6,3.0,3.6,12.7,0.067,2022
183,Carmelo Anthony,LAL,38,69,27,42,26.0,111.7,3.3,11.6,17.7,0.7,18.2,0.8,25.9,9.0,7.5,7.2,28.1,0.067,2022
184,Jaxson Hayes,NOP,22,70,29,41,20.0,109.2,2.9,14.6,21.5,0.5,12.5,0.8,43.0,6.4,5.7,4.2,19.0,0.066,2022
185,Donte DiVincenzo,SAC,25,42,21,21,23.9,111.2,3.1,12.5,18.6,1.1,31.4,0.2,9.0,8.0,7.2,5.7,23.0,0.066,2022
186,Nickeil Alexander-Walker,UTA,23,65,29,36,22.6,110.7,2.3,10.3,14.9,0.7,19.5,0.4,16.8,8.1,6.0,5.0,21.1,0.064,2022
187,Nic Claxton,BKN,23,47,24,23,20.7,109.8,3.7,15.7,24.6,0.5,16.3,1.1,38.6,7.3,6.0,7.0,20.0,0.064,2022
188,Frank Ntilikina,DAL,23,58,34,24,11.8,102.3,1.2,9.4,13.8,0.5,23.3,0.1,12.1,3.5,3.3,3.2,11.1,0.064,2022
189,CJ McCollum,NOP,30,62,28,34,34.6,114.0,3.5,10.1,14.4,1.1,19.7,0.4,12.0,11.3,8.9,8.7,33.7,0.064,2022
190,Jeff Green,DEN,35,75,44,31,24.7,111.5,2.5,10.0,14.0,0.4,10.4,0.4,18.1,9.0,6.1,6.5,25.8,0.064,2022
191,Delon Wright,ATL,30,77,42,35,18.9,108.8,2.2,11.6,17.1,1.2,38.1,0.2,14.1,5.9,5.1,4.2,18.3,0.064,2022
192,Jonathan Kuminga,GSW,19,70,44,26,16.9,107.5,2.6,13.9,20.4,0.4,15.6,0.3,22.7,6.0,4.9,4.2,15.8,0.064,2022
193,Mike Muscala,OKC,30,43,15,28,13.8,104.9,2.5,16.6,25.3,0.4,18.9,0.6,38.8,4.5,3.5,3.0,12.7,0.064,2022
194,Pat Connaughton,MIL,29,65,41,24,26.0,112.1,3.5,13.0,18.4,0.9,22.5,0.2,10.9,8.3,6.7,5.8,23.4,0.063,2022
195,Anfernee Simons,POR,23,57,25,32,29.5,112.9,2.2,7.5,10.8,0.5,10.9,0.1,4.2,9.4,7.6,8.3,28.8,0.063,2022
196,Hamidou Diallo,DET,23,58,14,44,21.9,110.7,3.6,16.2,24.5,1.2,31.6,0.3,14.8,7.1,5.9,4.8,21.2,0.063,2022
197,Amir Coffey,LAC,25,69,33,36,22.7,111.0,2.5,10.2,14.9,0.6,16.7,0.2,10.1,7.5,7.6,6.9,24.1,0.063,2022
198,Frank Jackson,DET,24,53,9,44,22.0,110.9,1.3,5.8,8.9,0.5,14.2,0.2,6.7,7.4,5.6,5.3,22.6,0.062,2022
199,Dwight Powell,DAL,30,82,52,30,21.9,110.6,2.8,13.4,19.4,0.5,14.6,0.5,29.8,7.1,5.9,5.3,22.2,0.062,2022
200,Cory Joseph,DET,30,65,19,46,24.6,111.7,2.2,9.2,13.7,0.6,17.9,0.3,10.8,7.9,6.2,4.9,25.5,0.062,2022
201,Malik Monk,LAL,24,76,32,44,28.1,112.9,2.9,9.9,14.6,0.8,18.8,0.4,13.3,9.4,7.8,8.7,30.9,0.061,2022
202,Jeremiah Robinson-Earl,OKC,21,49,15,34,22.2,110.9,4.1,17.2,25.0,0.6,17.7,0.3,16.5,7.7,6.6,5.0,21.8,0.061,2022
203,Kelly Oubre Jr.,CHA,26,76,39,37,26.3,112.4,2.9,10.6,16.2,1.0,21.9,0.4,14.3,8.8,8.0,7.6,25.9,0.061,2022
204,Saddiq Bey,DET,23,82,23,59,33.0,114.0,4.1,12.5,18.5,0.9,17.6,0.2,6.7,11.2,8.7,7.6,34.6,0.061,2022
205,Isaiah Stewart,DET,21,71,21,50,25.6,112.1,5.5,21.7,31.2,0.3,8.5,1.1,42.6,8.6,6.5,5.9,25.1,0.061,2022
206,Avery Bradley,LAL,31,62,27,35,22.7,111.2,1.7,7.3,10.6,0.9,21.6,0.1,6.6,8.4,6.0,6.9,24.5,0.061,2022
207,Bruce Brown,BKN,25,72,37,35,24.6,112.0,3.4,13.0,20.2,1.1,29.2,0.7,26.4,9.1,7.3,7.1,24.6,0.061,2022
208,LaMarcus Aldridge,BKN,36,47,26,21,22.3,111.1,3.9,16.0,23.8,0.3,10.9,1.0,39.8,8.3,6.4,5.7,22.3,0.06,2022
209,Andre Drummond,BKN,28,73,42,31,19.7,109.8,6.2,30.5,46.0,1.1,31.6,0.9,40.5,6.9,5.8,6.0,19.0,0.06,2022
210,Hassan Whiteside,UTA,33,65,40,25,17.9,109.0,5.0,27.5,38.9,0.3,11.7,1.6,71.5,6.8,4.8,4.7,17.6,0.06,2022
211,Lonnie Walker IV,SAS,23,70,27,43,23.0,111.5,2.3,9.5,14.6,0.6,18.0,0.3,11.3,7.3,7.5,5.4,25.5,0.06,2022
212,Jalen Smith,IND,22,51,29,22,18.1,109.3,4.0,21.6,31.8,0.3,12.1,0.8,39.8,6.3,4.9,5.2,18.7,0.06,2022
213,Austin Rivers,DEN,29,67,41,26,22.1,111.1,1.4,6.3,9.2,0.8,23.2,0.1,5.1,8.3,5.6,5.6,22.1,0.06,2022
214,Darius Bazley,OKC,22,69,19,50,27.9,113.1,5.3,17.6,25.7,0.8,19.4,1.0,35.4,10.1,8.5,6.0,28.9,0.06,2022
215,Kyle Kuzma,WAS,26,66,29,37,33.4,114.3,7.4,21.3,31.7,0.6,15.6,0.9,23.9,10.6,9.3,6.2,35.2,0.059,2022
216,Josh Okogie,MIN,23,49,23,26,10.5,101.6,0.8,7.7,11.7,0.5,26.5,0.2,18.2,3.7,2.8,2.7,9.0,0.059,2022
217,Naz Reid,MIN,22,77,42,35,15.8,107.9,2.6,16.1,25.1,0.5,17.2,0.9,43.3,5.5,4.6,4.6,14.1,0.059,2022
218,Kentavious Caldwell-Pope,WAS,29,77,34,43,30.2,113.8,2.9,9.3,13.5,1.1,27.7,0.3,10.8,9.9,8.3,5.4,32.0,0.058,2022
219,Javonte Green,CHI,28,65,38,27,23.4,112.0,2.8,12.0,17.2,1.0,29.0,0.5,23.2,7.4,6.5,5.9,24.1,0.058,2022
220,Eric Gordon,HOU,33,57,19,38,29.3,113.6,1.7,5.6,8.3,0.5,12.6,0.3,11.5,12.2,8.9,8.4,31.4,0.058,2022
221,Ivica Zubac,LAC,25,76,40,36,24.4,112.2,5.6,22.3,32.1,0.5,13.8,1.0,47.0,8.3,6.9,6.9,25.3,0.057,2022
222,Danilo Gallinari,ATL,33,66,35,31,25.3,112.6,4.1,16.1,23.9,0.4,11.3,0.2,9.0,7.6,6.9,6.3,26.0,0.057,2022
223,Clint Capela,ATL,28,74,40,34,27.6,113.3,8.1,28.4,40.1,0.7,18.1,1.3,50.8,8.7,7.2,8.0,27.9,0.057,2022
224,Aaron Holiday,PHX,25,63,34,29,16.2,108.2,1.6,9.2,13.3,0.7,28.2,0.1,8.3,5.0,4.2,3.8,15.1,0.057,2022
225,De'Andre Hunter,ATL,24,53,28,25,29.8,113.9,2.8,9.3,13.7,0.7,15.7,0.4,15.0,9.5,8.2,7.9,29.8,0.056,2022
226,Cody Martin,CHA,26,71,41,30,26.3,113.0,2.9,10.8,16.4,1.2,26.4,0.5,17.3,9.2,8.1,7.7,25.7,0.056,2022
227,Trae Young,ATL,23,76,40,36,34.9,114.9,3.1,8.7,12.6,0.9,18.3,0.1,3.0,11.0,9.4,9.1,35.6,0.056,2022
228,Aaron Wiggins,OKC,23,50,13,37,24.2,112.6,2.5,9.8,14.2,0.6,15.7,0.2,9.9,7.5,7.2,5.8,23.5,0.056,2022
229,Tre Mann,OKC,21,60,17,43,22.8,112.0,2.4,10.1,15.0,0.8,22.1,0.2,8.2,8.4,7.3,4.8,25.0,0.055,2022
230,James Johnson,BKN,35,62,30,32,19.2,110.5,2.6,12.7,19.8,0.5,18.0,0.5,28.1,6.8,5.9,4.9,17.6,0.055,2022
231,Killian Hayes,DET,20,66,21,45,25.0,112.9,2.6,10.8,16.1,1.2,28.5,0.5,21.0,8.9,6.8,5.9,24.8,0.055,2022
232,Tre Jones,SAS,22,69,32,37,16.6,109.3,1.8,10.3,15.4,0.6,23.9,0.1,7.3,5.9,5.5,3.9,17.3,0.055,2022
233,Derrick Jones Jr.,CHI,25,51,28,23,17.6,110.1,2.1,12.1,17.2,0.5,17.6,0.6,38.8,5.3,5.1,4.2,18.5,0.054,2022
234,Serge Ibaka,MIL,32,54,30,24,16.3,108.9,3.5,19.7,27.3,0.2,10.3,0.6,47.1,5.7,4.1,4.1,15.7,0.054,2022
235,Payton Pritchard,BOS,24,71,46,25,14.1,107.2,1.4,9.3,14.0,0.4,18.7,0.1,5.6,4.9,4.1,3.8,13.0,0.054,2022
236,Coby White,CHI,22,61,32,29,27.5,113.6,2.7,9.9,14.2,0.5,12.8,0.2,8.2,8.4,7.4,6.6,29.4,0.054,2022
237,Xavier Tillman Sr.,MEM,23,53,35,18,13.2,106.4,1.8,13.8,20.5,0.9,27.1,0.3,18.1,4.0,3.1,3.8,12.3,0.054,2022
238,Bryn Forbes,DEN,28,75,36,39,17.1,109.8,1.1,6.3,9.1,0.3,11.7,0.1,4.4,6.0,4.5,3.8,16.5,0.054,2022
239,Chimezie Metu,SAC,25,60,23,37,21.3,111.8,5.0,22.7,33.6,0.9,24.3,0.5,24.8,8.6,6.9,5.9,22.0,0.054,2022
240,Aaron Nesmith,BOS,22,52,32,20,11.0,104.3,1.4,11.7,16.9,0.4,25.6,0.1,10.0,4.2,3.1,2.8,9.8,0.054,2022
241,Juan Toscano-Anderson,GSW,29,73,51,22,13.6,106.9,2.0,14.3,20.8,0.7,27.0,0.2,19.3,5.3,4.1,3.3,11.6,0.054,2022
242,Jalen McDaniels,CHA,24,55,34,21,16.3,109.1,2.4,13.8,21.2,0.5,15.5,0.4,20.8,5.0,5.6,4.8,15.1,0.053,2022
243,Marcus Morris Sr.,LAC,32,54,26,28,29.0,114.0,3.9,12.9,19.1,0.5,13.9,0.3,12.8,10.0,8.8,7.7,30.6,0.053,2022
244,Trey Murphy III,NOP,22,62,31,31,13.9,107.8,1.6,12.2,17.2,0.4,15.9,0.1,10.6,4.9,3.5,3.7,12.8,0.052,2022
245,DeAndre' Bembry,MIL,27,56,31,25,18.3,110.5,2.2,10.6,16.5,0.9,32.2,0.4,19.2,6.2,5.4,5.3,18.8,0.052,2022
246,Caris LeVert,CLE,27,58,23,35,30.7,114.5,2.9,9.7,14.1,0.9,20.6,0.4,13.1,9.5,8.8,7.6,31.7,0.052,2022
247,Joshua Primo,SAS,19,50,22,28,19.3,111.2,1.6,7.9,11.9,0.4,13.9,0.5,23.2,6.8,6.6,5.5,19.5,0.052,2022
248,Jeremy Lamb,SAC,30,56,23,33,16.7,109.7,2.3,13.4,19.7,0.6,23.1,0.4,20.6,5.3,4.9,4.1,17.9,0.052,2022
249,Justin Holiday,SAC,33,74,25,49,27.8,113.9,2.2,8.0,11.4,0.8,20.0,0.4,15.5,9.4,7.4,7.9,28.5,0.052,2022
250,Richaun Holmes,SAC,28,45,16,29,23.9,113.0,5.0,19.8,30.0,0.4,10.9,0.9,37.3,9.0,7.3,6.8,25.6,0.052,2022
251,Davis Bertans,DAL,29,56,32,24,14.4,108.5,1.9,12.7,18.6,0.3,16.7,0.2,17.6,4.3,4.4,1.9,14.5,0.051,2022
252,Trey Burke,DAL,29,42,24,18,10.5,104.2,0.7,6.4,9.3,0.3,17.6,0.0,0.0,3.9,2.6,2.6,9.8,0.051,2022
253,Facundo Campazzo,DEN,31,65,38,27,18.2,110.7,1.4,8.0,11.4,1.0,32.5,0.4,23.5,6.7,4.2,4.0,17.3,0.051,2022
254,Maurice Harkless,SAC,29,47,15,32,18.4,110.8,2.1,11.4,16.7,0.6,20.9,0.5,29.6,7.0,4.9,5.3,19.3,0.051,2022
255,Rodney McGruder,DET,30,51,13,38,14.8,108.7,1.6,10.4,15.5,0.4,16.9,0.1,8.6,5.1,3.5,3.9,14.8,0.051,2022
256,Larry Nance Jr.,NOP,29,46,19,27,22.6,112.6,3.8,17.3,25.6,0.9,24.2,0.4,20.4,8.0,5.8,6.2,23.2,0.051,2022
257,Torrey Craig,PHX,31,78,36,42,20.5,111.8,2.9,13.7,20.0,0.6,20.9,0.5,18.1,7.1,5.5,5.7,20.7,0.051,2022
258,Dylan Windler,CLE,25,50,28,22,9.2,101.6,1.4,14.6,21.0,0.3,20.0,0.1,10.0,3.4,2.7,2.1,8.9,0.051,2022
259,Lamar Stevens,CLE,24,63,35,28,16.1,109.7,1.9,11.2,16.9,0.5,21.4,0.3,21.4,5.9,4.1,4.0,15.3,0.05,2022
260,Elfrid Payton,PHX,28,50,39,11,11.0,105.0,1.3,11.5,16.5,0.5,26.6,0.1,13.3,4.0,2.9,2.8,9.4,0.05,2022
261,Ayo Dosunmu,CHI,22,77,42,35,27.4,114.1,2.4,9.0,12.9,0.8,18.6,0.4,16.1,9.6,7.1,7.2,29.3,0.05,2022
262,Corey Kispert,WAS,23,77,31,46,23.4,112.9,2.0,8.4,12.4,0.5,14.8,0.3,12.1,6.8,5.8,5.0,23.5,0.05,2022
263,Naji Marshall,NOP,24,55,23,32,13.4,108.0,1.9,14.2,20.6,0.6,24.3,0.1,15.1,4.9,3.5,3.9,13.1,0.05,2022
264,Rodney Hood,LAC,29,52,30,22,13.6,107.9,1.2,8.1,12.5,0.3,12.6,0.1,10.2,4.3,4.1,3.3,12.8,0.05,2022
265,Jordan McLaughlin,MIN,26,62,36,26,14.5,109.0,1.2,7.5,11.4,0.9,31.0,0.2,8.9,4.8,4.4,3.5,14.2,0.05,2022
266,Dalano Banton,TOR,22,64,37,27,10.9,105.1,1.3,12.4,18.2,0.4,20.6,0.2,15.9,3.4,2.9,2.4,8.8,0.05,2022
267,Wayne Ellington,LAL,34,43,15,28,18.8,111.3,1.6,7.8,12.0,0.5,18.1,0.1,5.9,6.5,5.3,5.8,19.7,0.049,2022
268,Kevin Porter Jr.,HOU,22,61,16,45,31.3,114.9,3.7,11.1,16.6,1.1,25.0,0.4,12.6,14.0,9.5,11.3,34.7,0.049,2022
269,Taurean Prince,MIN,28,69,40,29,17.1,110.9,2.1,12.0,18.7,0.7,20.4,0.3,15.9,6.0,5.3,5.2,16.5,0.049,2022
270,Bones Hyland,DEN,21,69,41,28,19.0,111.7,2.5,13.3,19.4,0.6,20.5,0.3,20.4,6.4,4.7,5.2,19.5,0.048,2022
271,JaMychal Green,DEN,32,67,36,31,16.2,110.3,3.0,18.7,26.8,0.6,24.3,0.4,29.9,6.0,3.8,4.3,16.2,0.048,2022
272,Buddy Hield,IND,29,81,26,55,30.8,115.1,3.5,11.4,17.2,0.9,19.3,0.3,9.7,12.0,9.8,8.3,33.8,0.048,2022
273,Ish Wainright,PHX,27,45,36,9,8.0,100.6,0.6,7.2,10.0,0.4,30.8,0.1,14.0,3.0,1.6,1.4,6.5,0.047,2022
274,Jae'Sean Tate,HOU,26,78,19,59,26.4,114.2,3.7,13.5,20.3,0.9,24.4,0.5,22.8,11.3,7.8,8.1,28.2,0.047,2022
275,Omer Yurtseven,MIA,24,56,39,17,12.6,108.0,3.7,29.3,42.6,0.3,16.2,0.4,33.9,4.7,3.6,3.2,10.6,0.046,2022
276,Cam Reddish,NYK,22,49,20,29,20.7,113.0,1.6,7.5,10.8,1.0,33.1,0.3,16.7,7.8,5.5,5.6,21.1,0.046,2022
277,Isaiah Joe,PHI,22,55,35,20,11.1,106.5,0.9,7.9,12.3,0.3,13.3,0.1,4.2,3.9,3.2,2.9,9.8,0.046,2022
278,Tony Bradley,CHI,24,55,28,27,10.0,105.0,2.2,19.6,29.5,0.2,12.3,0.6,48.5,3.3,2.9,2.5,9.7,0.046,2022
279,Tyrese Haliburton,IND,22,77,26,51,35.0,115.9,3.2,9.3,14.1,1.7,31.0,0.6,16.8,13.4,10.9,10.3,40.0,0.045,2022
280,Lou Williams,ATL,35,56,33,23,14.3,109.5,1.3,8.4,12.6,0.5,21.9,0.1,3.9,3.8,3.9,3.3,14.0,0.045,2022
281,Davon Reed,DEN,27,48,29,19,13.9,109.5,2.0,14.0,19.3,0.5,21.6,0.2,18.0,4.9,3.3,3.5,13.7,0.045,2022
282,Jordan Nwora,MIL,23,62,34,28,19.1,112.5,3.0,14.7,22.0,0.4,13.8,0.3,16.5,6.7,5.7,5.9,19.1,0.045,2022
283,Doug McDermott,SAS,30,51,21,30,24.0,114.1,1.9,7.6,11.3,0.3,7.3,0.1,5.4,7.8,7.8,6.7,26.6,0.044,2022
284,Terrence Ross,ORL,31,63,14,49,23.0,113.8,2.2,9.4,14.2,0.4,13.9,0.2,9.5,8.7,6.3,5.6,24.0,0.044,2022
285,Trent Forrest,UTA,24,60,36,24,12.8,108.5,1.3,9.3,13.1,0.5,26.3,0.1,8.5,4.4,3.1,3.1,11.7,0.044,2022
286,R.J. Hampton,ORL,21,64,15,49,21.9,113.5,2.7,12.0,17.1,0.7,21.6,0.2,12.1,8.1,5.8,6.2,21.0,0.044,2022
287,Isaiah Roby,OKC,24,45,10,35,21.1,113.4,3.2,14.5,21.2,0.8,22.8,0.8,33.7,7.4,6.0,5.1,23.2,0.044,2022
288,Raul Neto,WAS,30,70,29,41,19.6,112.9,1.7,8.9,12.9,0.8,28.1,0.0,2.5,6.4,4.7,3.6,20.5,0.043,2022
289,Theo Maledon,OKC,21,51,14,37,17.8,112.3,2.2,11.8,17.0,0.6,26.5,0.2,12.8,6.5,5.1,4.1,17.8,0.042,2022
290,Svi Mykhailiuk,TOR,25,56,29,27,12.8,109.5,1.3,10.1,15.4,0.5,18.7,0.1,5.5,4.1,4.4,3.0,11.6,0.042,2022
291,Khem Birch,TOR,29,55,34,21,18.0,112.4,2.1,12.8,18.6,0.5,16.6,0.5,34.2,5.7,4.6,4.7,16.2,0.042,2022
292,Christian Wood,HOU,26,68,19,49,30.8,115.7,8.5,26.5,39.3,0.8,18.6,1.0,34.2,14.0,9.0,10.6,33.4,0.042,2022
293,Troy Brown Jr.,CHI,22,66,37,29,16.0,111.7,2.5,15.4,21.5,0.5,24.8,0.1,6.0,5.6,4.0,4.5,17.0,0.041,2022
294,Jevon Carter,MIL,26,66,39,27,13.7,110.3,1.5,9.7,14.2,0.4,21.2,0.2,14.7,4.1,3.7,3.4,13.2,0.04,2022
295,Jaylen Nowell,MIN,22,62,37,25,15.7,111.7,1.6,10.0,14.7,0.4,16.8,0.2,9.3,5.2,4.7,4.0,14.3,0.04,2022
296,Trey Lyles,SAC,26,75,19,56,20.5,113.6,3.9,18.9,28.5,0.4,13.0,0.4,23.2,6.8,5.5,4.9,21.2,0.04,2022
297,De'Aaron Fox,SAC,24,59,22,37,35.3,116.5,3.5,9.6,14.0,1.2,24.1,0.4,13.8,12.6,10.6,10.1,38.6,0.04,2022
298,Blake Griffin,BKN,33,56,29,27,17.1,112.5,3.0,16.9,25.0,0.5,18.5,0.3,15.4,6.3,4.7,5.5,16.6,0.04,2022
299,Moses Moody,GSW,20,52,35,17,11.7,108.9,1.2,9.8,13.7,0.1,7.7,0.2,20.8,4.7,3.2,4.2,10.8,0.04,2022
300,Cam Thomas,BKN,20,67,32,35,17.6,112.7,2.2,11.8,17.9,0.5,20.9,0.1,6.5,6.1,5.0,4.9,17.8,0.039,2022
301,Armoni Brooks,TOR,24,54,20,34,15.6,112.1,1.5,9.7,14.9,0.5,19.0,0.2,12.9,5.6,4.4,4.5,15.7,0.039,2022
302,Tomas Satoransky,WAS,30,55,21,34,16.5,112.4,1.8,11.0,15.5,0.5,22.7,0.1,5.6,5.9,4.2,4.0,16.2,0.039,2022
303,Josh Jackson,SAC,25,51,12,39,16.3,112.2,2.4,14.9,23.1,0.5,18.1,0.4,23.2,6.8,4.2,3.7,17.1,0.039,2022
304,DeMarcus Cousins,DEN,31,48,33,15,14.9,111.7,4.1,28.1,38.9,0.7,30.7,0.4,41.2,5.5,3.3,4.4,14.0,0.039,2022
305,Marvin Bagley III,DET,23,48,17,31,23.9,114.9,4.9,20.0,29.7,0.5,14.1,0.4,17.6,7.9,6.6,6.4,23.8,0.037,2022
306,Jock Landale,SAS,26,54,24,30,10.9,109.0,1.4,11.8,17.4,0.2,11.5,0.3,26.4,4.1,4.1,3.0,10.9,0.037,2022
307,Damian Jones,SAC,27,56,19,37,18.2,113.5,3.1,16.4,25.1,0.5,17.6,0.8,48.5,6.7,5.9,4.6,18.4,0.036,2022
308,Anthony Gill,WAS,29,44,15,29,10.5,108.9,1.2,11.2,17.0,0.1,6.5,0.3,26.8,3.1,2.7,2.5,9.5,0.036,2022
309,Harrison Barnes,SAC,30,77,27,50,33.6,116.7,4.5,13.5,19.6,0.7,14.8,0.2,6.2,12.5,10.2,10.2,37.1,0.035,2022
310,DeAndre Jordan,PHI,33,48,26,22,13.0,111.5,3.8,26.2,37.1,0.3,14.5,0.7,45.5,5.4,3.9,5.4,12.9,0.035,2022
311,Tony Snell,NOP,30,53,19,34,15.5,112.6,1.6,10.7,15.6,0.3,12.2,0.2,13.4,4.6,4.2,4.1,15.2,0.035,2022
312,Moritz Wagner,ORL,25,63,16,47,15.2,112.6,3.0,19.0,27.8,0.3,16.9,0.2,18.1,5.4,4.3,3.9,14.8,0.035,2022
313,Stanley Johnson,LAL,26,48,16,32,22.8,115.2,2.5,10.9,16.4,0.9,24.0,0.3,14.4,7.8,6.6,7.2,25.7,0.034,2022
314,Ish Smith,WAS,33,65,27,38,17.3,113.8,1.8,10.0,15.6,0.7,26.7,0.4,18.3,5.9,5.2,4.9,16.3,0.034,2022
315,Eric Paschall,UTA,25,58,36,22,12.7,111.3,1.3,10.0,14.4,0.2,9.0,0.1,7.7,4.7,3.8,3.5,12.9,0.034,2022
316,Jalen Green,HOU,20,67,12,55,31.9,116.9,2.9,8.8,13.4,0.7,14.2,0.3,9.0,13.8,9.6,10.9,36.5,0.032,2022
317,Ben McLemore,POR,29,64,20,44,20.1,115.0,1.4,7.2,11.0,0.6,16.2,0.2,9.7,7.8,6.0,6.9,19.6,0.032,2022
318,Willy Hernangomez,NOP,28,50,22,28,16.8,114.2,3.9,24.0,34.4,0.4,12.9,0.4,32.2,6.1,4.4,4.6,17.5,0.031,2022
319,Malachi Flynn,TOR,24,44,25,19,12.2,111.8,1.2,9.7,15.5,0.5,20.2,0.1,7.4,3.4,4.3,2.9,11.9,0.031,2022
320,Garrett Temple,NOP,36,59,23,36,18.6,114.7,1.9,10.6,15.6,0.7,24.7,0.4,25.0,6.9,5.5,4.6,17.7,0.031,2022
321,Kenyon Martin Jr.,HOU,21,79,20,59,21.0,115.4,2.7,13.1,20.1,0.4,12.6,0.5,22.6,9.6,6.9,6.7,24.3,0.03,2022
322,Rui Hachimura,WAS,24,42,16,26,22.5,115.8,3.2,14.3,21.0,0.5,18.5,0.2,10.0,7.7,5.2,5.2,21.9,0.03,2022
323,Kessler Edwards,BKN,21,48,22,26,20.6,115.5,2.7,12.4,18.4,0.6,20.3,0.5,22.2,7.8,5.3,6.1,20.9,0.029,2022
324,Garrison Mathews,HOU,25,65,19,46,26.3,116.5,2.4,9.3,14.2,0.9,22.7,0.4,15.4,11.4,8.4,8.5,29.3,0.029,2022
325,Daniel Gafford,WAS,23,72,30,42,20.1,115.5,3.5,16.9,25.0,0.4,15.5,1.4,56.3,6.8,5.4,4.2,19.8,0.028,2022
326,Timothe Luwawu-Cabarrot,ATL,27,52,30,22,13.2,113.2,1.3,9.4,12.9,0.3,17.1,0.1,11.5,5.1,2.8,3.9,12.5,0.028,2022
327,Gorgui Dieng,ATL,32,44,23,21,8.4,109.5,2.0,23.8,34.0,0.3,21.2,0.3,43.3,3.3,2.0,2.2,8.1,0.027,2022
328,Duane Washington Jr.,IND,22,48,12,36,20.2,116.1,1.6,8.2,12.3,0.5,18.8,0.1,2.8,7.9,5.4,6.0,21.5,0.026,2022
329,Dwight Howard,LAL,36,60,21,39,16.2,115.0,4.0,24.6,35.6,0.6,22.5,0.6,43.4,5.7,4.0,5.3,16.8,0.025,2022
330,Oshae Brissett,IND,24,67,19,48,23.3,116.8,3.7,16.5,24.5,0.7,18.3,0.4,16.1,8.7,7.0,6.6,25.9,0.025,2022
331,Drew Eubanks,POR,25,71,19,52,17.5,115.9,3.5,19.7,30.5,0.4,14.4,0.6,32.0,6.7,5.9,5.2,18.1,0.023,2022
332,Alperen Sengun,HOU,19,72,18,54,20.7,116.6,3.5,17.4,27.1,0.8,24.6,0.9,45.6,9.4,6.5,7.6,23.4,0.023,2022
333,Josh Christopher,HOU,20,74,18,56,18.0,116.1,1.8,10.3,16.1,0.9,28.4,0.2,9.8,8.4,5.7,5.8,21.6,0.022,2022
334,Tristan Thompson,CHI,31,57,20,37,15.7,115.7,2.9,19.6,28.2,0.4,16.8,0.4,31.3,5.3,4.3,4.1,17.5,0.021,2022
335,CJ Elleby,POR,22,58,17,41,20.2,116.9,2.8,14.1,21.5,0.6,16.4,0.3,20.2,7.8,5.9,6.3,20.1,0.02,2022
336,Jared Butler,UTA,21,42,31,11,8.6,112.6,1.0,10.2,15.4,0.4,32.1,0.2,23.5,3.5,3.0,1.9,8.9,0.02,2022
337,Thanasis Antetokounmpo,MIL,29,48,26,22,9.9,114.4,1.3,12.9,20.9,0.3,23.5,0.3,30.0,3.6,3.3,3.6,10.6,0.017,2022
338,David Nwaba,HOU,29,46,6,40,13.2,115.9,2.4,17.9,27.9,0.6,25.0,0.4,30.3,5.8,3.7,4.6,14.1,0.017,2022
339,Goga Bitadze,IND,22,50,17,33,14.6,116.4,2.0,13.9,21.5,0.4,18.4,0.8,49.4,5.6,4.2,4.6,16.9,0.017,2022
340,Norman Powell,LAC,29,45,15,30,32.4,118.7,2.8,8.9,12.6,0.9,18.7,0.5,14.6,11.8,8.4,9.3,34.4,0.016,2022
341,Lance Stephenson,IND,31,46,11,35,17.7,117.4,2.5,14.9,22.1,0.5,21.8,0.1,5.6,6.6,4.7,5.5,18.7,0.015,2022
342,Ignas Brazdeikis,ORL,23,42,9,33,12.8,116.4,1.2,9.0,12.9,0.2,16.1,0.1,6.4,4.6,4.1,3.4,12.8,0.015,2022
343,Greg Brown III,POR,20,48,14,34,13.3,116.8,2.0,15.0,23.1,0.5,26.0,0.5,40.7,5.8,4.0,4.8,12.5,0.014,2022
344,D.J. Augustin,LAL,34,55,15,40,16.1,117.5,1.0,6.5,9.9,0.3,15.6,0.0,1.3,6.7,4.9,5.5,17.6,0.013,2022
345,Nick Richards,CHA,24,50,25,25,7.3,115.4,1.0,13.7,20.4,0.2,15.0,0.4,50.0,3.0,2.3,2.3,6.1,0.011,2022
346,Trendon Watford,POR,21,48,16,32,18.1,118.4,3.0,16.3,24.8,0.5,18.1,0.6,33.3,7.4,4.9,6.0,17.7,0.01,2022
