,Player,TEAM,AGE,GP,W,L,MIN,DEF RTG,DREB,DREB%,%DREB,STL,STL%,BLK,%BLK,OPP PTSOFF TOV,OPP PTS2ND CHANCE,OPP PTSFB,OPP PTSPAINT,DEFWS,Year
0,Tim Duncan,SAS,29,66,50,16,33.4,93.1,8.0,24.4,37.1,0.7,13.4,2.6,51.8,9.3,8.0,6.8,24.0,0.204,2005
1,Manu Ginobili,SAS,27,74,53,21,29.7,93.0,3.4,11.8,18.4,1.6,32.8,0.4,8.7,8.3,7.5,5.8,22.4,0.187,2005
2,Richard Hamilton,DET,27,76,53,23,38.6,97.8,2.9,7.6,12.0,1.0,17.5,0.2,3.6,11.1,9.7,9.8,27.6,0.182,2005
3,Tayshaun Prince,DET,25,82,54,28,37.1,97.8,3.7,10.0,15.5,0.7,13.0,0.9,17.6,10.1,9.3,8.8,26.7,0.174,2005
4,Tony Parker,SAS,23,80,58,22,34.2,96.6,3.1,9.5,14.4,1.2,23.3,0.1,1.0,9.7,8.5,7.6,25.9,0.173,2005
5,Ben Wallace,DET,30,74,51,23,36.1,98.0,8.2,22.7,35.0,1.4,28.0,2.4,50.1,10.0,8.8,9.1,26.6,0.168,2005
6,Jason Collins,NJN,26,80,40,40,31.8,96.4,4.2,14.0,21.0,0.9,16.3,0.9,37.6,9.1,7.1,7.4,19.6,0.164,2005
7,Rasheed Wallace,DET,30,79,53,26,34.1,97.5,5.9,17.7,27.4,0.8,16.8,1.5,33.6,9.7,8.2,8.2,24.0,0.163,2005
8,Chauncey Billups,DET,28,80,53,27,35.9,98.3,2.8,7.8,12.2,1.0,20.3,0.1,2.5,10.5,9.0,9.0,25.5,0.162,2005
9,Bruce Bowen,SAS,34,82,59,23,32.0,96.7,2.9,9.2,14.0,0.7,14.4,0.5,10.4,9.5,7.9,7.4,25.4,0.161,2005
10,Rasho Nesterovic,SAS,29,70,51,19,25.5,93.4,3.9,15.5,23.6,0.4,12.3,1.7,44.5,7.4,6.2,5.6,18.2,0.155,2005
11,Kirk Hinrich,CHI,24,77,42,35,36.3,99.5,3.5,9.7,15.1,1.6,30.0,0.3,8.2,12.7,9.6,7.4,24.8,0.152,2005
12,Tracy McGrady,HOU,26,78,49,29,40.9,101.0,5.3,13.1,20.0,1.7,30.3,0.7,17.2,12.7,9.8,8.7,26.3,0.152,2005
13,Jason Kidd,NJN,32,66,38,28,37.1,100.0,6.0,16.9,26.2,1.9,28.9,0.1,5.3,10.3,9.2,8.5,25.0,0.151,2005
14,Shane Battier,MEM,26,80,44,36,31.5,98.6,3.2,10.5,16.8,1.1,21.1,1.0,25.8,10.0,9.1,8.4,22.5,0.141,2005
15,Tyson Chandler,CHI,22,80,46,34,27.3,96.8,6.4,22.4,35.9,0.9,21.4,1.8,57.6,10.1,7.2,6.1,17.7,0.14,2005
16,Jeff Foster,IND,28,61,32,29,26.3,96.4,5.7,22.2,33.0,0.8,19.2,0.2,9.3,6.7,6.1,5.8,19.7,0.136,2005
17,Dirk Nowitzki,DAL,27,78,56,22,38.8,101.7,8.5,21.1,33.6,1.2,18.9,1.5,32.6,11.7,11.5,10.4,31.9,0.135,2005
18,Chris Duhon,CHI,22,82,47,35,26.5,96.6,2.3,8.8,13.6,1.0,24.8,0.0,1.6,8.7,6.4,5.2,18.3,0.135,2005
19,Eddie Jones,MIA,33,80,58,22,35.5,100.8,4.6,12.6,19.2,1.1,23.7,0.5,11.3,10.7,9.1,8.7,25.0,0.134,2005
20,Luol Deng,CHI,20,61,36,25,27.2,97.3,3.8,13.3,20.5,0.8,19.3,0.4,18.4,9.5,7.3,5.3,18.7,0.134,2005
21,Vince Carter,NJN,28,77,40,37,36.9,101.5,3.8,11.0,17.3,1.4,22.8,0.6,21.6,10.1,9.8,8.8,26.0,0.133,2005
22,Ben Gordon,CHI,22,82,47,35,24.5,96.1,2.0,7.4,11.9,0.6,18.9,0.1,4.5,8.9,6.4,5.3,16.8,0.131,2005
23,Allen Iverson,PHI,30,75,41,34,42.3,103.2,3.3,7.9,12.3,2.4,29.3,0.1,3.4,15.0,12.2,8.8,32.0,0.129,2005
24,Stephen Jackson,IND,27,51,30,21,35.2,101.4,4.0,12.0,18.4,1.3,23.5,0.3,8.8,10.0,9.7,7.9,25.6,0.127,2005
25,Antonio Davis,CHI,36,72,41,31,25.6,97.3,3.8,14.8,22.9,0.4,10.3,0.6,26.8,8.5,6.6,5.5,18.0,0.124,2005
26,Josh Howard,DAL,25,76,56,20,32.2,100.8,4.1,12.5,19.7,1.5,26.0,0.6,17.0,9.8,9.4,9.6,26.9,0.122,2005
27,Shaquille O'Neal,MIA,33,73,53,20,34.2,101.7,6.9,19.7,29.9,0.5,11.2,2.3,58.0,10.8,8.9,8.6,23.3,0.119,2005
28,Reggie Miller,IND,39,66,34,32,32.0,101.1,2.1,6.7,10.4,0.8,17.1,0.1,2.7,8.9,8.6,6.7,24.2,0.118,2005
29,Bob Sura,HOU,32,61,42,19,31.6,101.1,4.2,13.7,20.3,1.1,23.6,0.1,3.8,10.4,7.0,7.3,21.1,0.118,2005
30,Kyle Korver,PHI,24,82,43,39,32.5,101.4,4.1,12.7,19.8,1.3,20.6,0.4,14.5,11.7,8.6,6.6,22.9,0.117,2005
31,Eddy Curry,CHI,22,63,37,26,28.8,99.8,3.5,11.8,18.3,0.3,8.9,0.9,33.7,11.0,7.8,5.7,19.3,0.117,2005
32,Dwyane Wade,MIA,23,77,56,21,38.7,103.2,3.7,9.5,14.8,1.6,30.6,1.1,22.5,11.5,10.6,9.5,27.5,0.117,2005
33,LeBron James,CLE,20,80,41,39,42.3,104.1,6.0,14.7,23.7,2.2,32.1,0.7,13.2,13.2,11.5,11.2,34.0,0.116,2005
34,Carmelo Anthony,DEN,21,75,47,28,34.8,102.3,3.8,10.9,17.2,0.9,13.7,0.4,9.1,11.9,10.2,9.5,27.5,0.116,2005
35,Jermaine O'Neal,IND,26,44,23,21,35.0,102.3,6.9,20.5,32.5,0.6,10.6,2.0,55.0,9.6,9.8,8.7,25.0,0.115,2005
36,Andre Miller,DEN,29,82,49,33,34.7,102.3,2.9,8.4,13.2,1.5,23.9,0.1,2.3,12.2,10.0,8.9,27.4,0.114,2005
37,Mike Miller,MEM,25,76,40,36,30.0,100.8,3.5,11.8,19.2,0.7,14.2,0.3,8.3,10.0,8.9,8.0,22.2,0.114,2005
38,Udonis Haslem,MIA,25,80,59,21,33.5,101.9,6.1,18.2,27.7,0.8,18.0,0.5,13.4,10.2,8.6,7.8,23.7,0.114,2005
39,Bobby Simmons,LAC,25,75,35,40,37.5,103.2,4.2,11.6,18.1,1.4,24.9,0.2,5.4,12.6,9.6,7.7,29.9,0.113,2005
40,Erick Dampier,DAL,29,59,43,16,27.2,99.3,5.4,19.4,29.5,0.3,5.6,1.4,44.7,8.8,7.8,8.1,21.7,0.113,2005
41,Andre Iguodala,PHI,21,82,43,39,32.7,101.8,4.6,14.1,22.0,1.7,25.5,0.6,19.8,11.7,9.6,7.0,25.0,0.113,2005
42,Brian Cardinal,MEM,28,58,32,26,24.7,98.4,2.8,11.9,19.6,1.5,30.1,0.3,13.9,7.7,7.1,6.3,16.5,0.112,2005
43,Michael Finley,DAL,32,64,48,16,37.0,103.1,3.4,8.8,14.1,0.8,12.4,0.3,6.0,11.2,12.0,9.5,30.9,0.112,2005
44,Elton Brand,LAC,26,81,37,44,37.1,103.2,5.9,16.2,25.3,0.8,13.9,2.1,49.9,13.2,9.1,7.6,30.0,0.112,2005
45,Earl Watson,MEM,26,80,44,36,22.7,97.1,1.6,7.4,12.1,1.0,25.4,0.2,8.6,7.2,6.5,5.2,14.9,0.112,2005
46,Jim Jackson,PHX,34,64,40,24,31.2,101.2,3.7,11.0,17.3,0.5,13.6,0.1,2.4,10.8,8.9,7.4,23.2,0.111,2005
47,Doug Christie,ORL,35,52,31,21,29.2,100.7,2.7,8.5,13.8,1.5,28.7,0.3,12.0,9.6,9.0,7.8,26.0,0.111,2005
48,Pau Gasol,MEM,24,56,28,28,31.8,101.8,5.0,16.1,26.1,0.7,12.7,1.7,36.0,11.5,9.6,8.6,24.4,0.11,2005
49,David Wesley,HOU,34,80,40,40,34.7,102.8,2.4,7.1,11.0,1.2,23.2,0.1,3.8,11.2,8.8,8.1,24.4,0.11,2005
50,Yao Ming,HOU,24,80,50,30,30.7,101.5,5.8,19.3,28.9,0.4,9.3,2.0,67.2,10.3,7.5,6.9,20.8,0.11,2005
51,Brent Barry,SAS,33,81,59,22,21.4,96.9,2.0,9.5,14.4,0.5,14.9,0.2,8.8,6.6,5.1,5.1,16.4,0.109,2005
52,Nenad Krstic,NJN,21,75,40,35,26.2,99.8,3.2,13.1,20.7,0.4,9.7,0.8,46.0,7.5,7.0,6.1,17.4,0.108,2005
53,Lorenzen Wright,MEM,29,80,45,35,28.6,100.8,5.5,20.5,32.6,0.7,14.9,0.9,26.7,8.9,7.7,7.7,21.4,0.107,2005
54,Brendan Haywood,WAS,25,68,38,30,27.5,100.5,3.9,13.5,21.6,0.8,15.1,1.7,63.0,8.5,8.3,6.6,21.9,0.107,2005
55,Othella Harrington,CHI,31,70,40,30,18.3,94.4,2.7,14.6,22.5,0.3,13.2,0.3,17.8,6.1,4.2,3.9,12.7,0.106,2005
56,Dikembe Mutombo,HOU,39,80,50,30,15.3,90.7,3.5,21.6,33.3,0.2,9.3,1.3,77.1,4.2,3.1,2.8,8.1,0.105,2005
57,Larry Hughes,WAS,26,61,35,26,38.6,104.3,5.0,13.1,21.3,2.9,37.8,0.3,8.7,12.8,11.8,9.8,33.0,0.104,2005
58,Jason Terry,DAL,27,80,56,24,30.0,101.8,1.9,6.1,9.5,1.4,26.8,0.2,5.6,8.8,8.9,8.6,24.7,0.104,2005
59,Kenyon Martin,DEN,27,70,39,31,32.6,102.6,5.2,16.3,25.2,1.4,24.0,1.1,27.3,10.8,8.8,8.2,25.4,0.103,2005
60,Zach Randolph,POR,23,46,19,27,34.9,103.3,6.5,18.7,30.9,0.7,14.0,0.4,8.5,12.3,10.6,10.8,29.7,0.103,2005
61,Brad Miller,SAC,29,56,36,20,37.4,104.1,6.8,17.7,28.8,1.2,19.2,1.2,42.0,11.4,11.7,9.1,32.9,0.103,2005
62,Brian Scalabrine,NJN,27,54,28,26,21.6,97.7,3.0,14.9,23.6,0.6,18.0,0.3,22.8,6.9,5.7,5.4,14.1,0.103,2005
63,Marcus Camby,DEN,31,66,43,23,30.6,102.0,8.0,25.7,40.8,0.9,17.8,3.0,66.8,10.1,9.2,7.7,23.8,0.102,2005
64,Samuel Dalembert,PHI,25,72,39,33,24.9,99.9,4.9,19.5,30.2,0.6,12.6,1.7,63.0,9.2,6.8,5.7,18.5,0.101,2005
65,Robert Horry,SAS,34,75,53,22,18.8,95.8,2.4,13.4,21.7,0.9,26.1,0.8,31.9,5.9,4.7,4.0,14.7,0.101,2005
66,Nene,DEN,22,55,31,24,23.9,99.5,4.0,16.8,25.3,0.9,20.5,0.9,33.1,8.5,6.4,6.5,19.4,0.101,2005
67,Damon Jones,MIA,28,82,59,23,31.4,102.9,2.6,8.2,12.7,0.5,13.0,0.1,1.8,9.8,8.5,8.0,23.4,0.1,2005
68,Kevin Garnett,MIN,29,82,44,38,38.1,104.6,10.5,27.2,42.3,1.5,33.2,1.4,33.6,12.2,10.8,9.1,30.2,0.099,2005
69,James Posey,MEM,28,50,28,22,27.7,101.5,3.5,13.2,22.3,1.0,19.2,0.5,13.7,9.1,8.2,6.8,19.2,0.098,2005
70,Marko Jaric,LAC,26,50,25,25,33.2,103.5,2.8,8.9,14.3,1.7,30.7,0.3,10.1,12.1,8.3,6.7,25.6,0.098,2005
71,Zydrunas Ilgauskas,CLE,30,78,40,38,33.5,103.4,4.8,14.9,23.5,0.7,12.8,2.1,53.6,10.3,8.7,8.7,26.4,0.098,2005
72,Jon Barry,HOU,35,69,41,28,21.8,98.7,1.9,8.9,13.8,0.9,24.9,0.1,6.3,6.5,5.5,4.1,14.0,0.097,2005
73,Grant Hill,ORL,32,67,32,35,35.0,104.0,3.6,10.1,15.6,1.4,25.7,0.4,10.4,12.4,9.8,11.5,29.6,0.097,2005
74,Shawn Marion,PHX,27,81,62,19,38.8,105.0,8.4,19.7,32.4,2.0,33.9,1.5,32.6,12.5,14.1,9.8,35.7,0.095,2005
75,Corey Maggette,LAC,25,66,27,39,37.1,104.8,4.9,13.5,21.5,1.1,19.7,0.1,3.0,13.5,9.7,8.1,31.1,0.094,2005
76,Joe Johnson,PHX,24,82,62,20,39.5,105.2,3.7,8.3,14.0,1.0,16.7,0.3,6.3,12.4,14.8,9.9,35.3,0.094,2005
77,Mike Dunleavy,GSW,24,79,33,46,32.5,103.8,4.3,13.1,21.1,1.0,18.9,0.3,9.2,10.3,10.1,8.3,29.7,0.093,2005
78,Steve Francis,ORL,28,78,35,43,38.1,105.1,4.2,10.7,16.7,1.4,23.0,0.4,8.4,13.7,11.0,11.7,32.7,0.093,2005
79,Theo Ratliff,POR,32,63,22,41,27.4,101.8,3.5,12.7,20.3,0.4,9.8,2.5,69.6,9.1,8.0,7.4,21.4,0.093,2005
80,Jerry Stackhouse,DAL,30,56,38,18,28.9,102.8,2.6,8.6,14.2,0.9,18.1,0.2,5.6,9.6,9.0,8.4,23.6,0.092,2005
81,Gilbert Arenas,WAS,23,80,44,36,41.0,105.7,3.7,9.0,14.9,1.7,23.1,0.3,8.0,13.2,13.1,10.6,34.2,0.092,2005
82,Fred Jones,IND,26,77,40,37,29.5,103.1,2.7,9.9,15.7,0.8,16.3,0.4,15.4,9.1,7.1,6.6,21.2,0.091,2005
83,Mike James,HOU,30,74,38,36,25.1,101.4,2.3,9.3,14.6,0.9,22.0,0.1,3.8,7.9,7.0,5.9,18.6,0.091,2005
84,Speedy Claxton,NOH,27,62,22,40,30.2,103.8,2.4,8.4,13.1,1.8,33.0,0.1,4.1,10.1,8.4,7.5,26.9,0.091,2005
85,Juwan Howard,HOU,32,61,38,23,26.6,101.9,3.6,14.0,21.3,0.5,14.0,0.1,3.5,8.4,6.0,6.3,17.9,0.091,2005
86,Earl Boykins,DEN,29,82,49,33,26.4,101.9,1.3,5.0,8.1,1.0,18.5,0.1,4.5,8.1,7.8,7.0,22.4,0.091,2005
87,Antawn Jamison,WAS,29,68,38,30,38.4,105.4,5.3,13.8,22.6,0.8,11.7,0.2,6.6,12.0,11.7,10.2,33.2,0.09,2005
88,Derek Fisher,GSW,30,74,31,43,30.0,103.4,2.4,7.9,12.9,1.0,21.8,0.1,1.8,9.0,9.4,7.5,25.5,0.09,2005
89,Dale Davis,IND,36,61,24,37,21.4,99.9,3.7,17.2,27.4,0.5,16.2,1.1,59.6,6.6,6.1,5.4,17.1,0.089,2005
90,Antonio McDyess,DET,30,77,51,26,23.4,100.7,4.0,18.1,29.0,0.6,17.0,0.7,25.0,8.1,5.9,6.1,17.4,0.089,2005
91,Anthony Johnson,IND,30,63,34,29,27.9,102.6,2.3,8.6,13.7,0.9,25.0,0.2,10.9,7.6,7.9,5.3,20.7,0.089,2005
92,Gerald Wallace,CHA,22,70,16,54,30.7,103.7,3.8,13.4,21.3,1.7,29.1,1.3,36.1,10.8,8.1,8.7,25.7,0.089,2005
93,Rasual Butler,MIA,26,65,48,17,18.4,97.5,2.1,10.8,16.9,0.3,12.2,0.4,17.6,5.4,4.7,4.0,11.7,0.088,2005
94,Casey Jacobsen,NOH,24,84,43,41,21.5,100.2,1.6,7.2,11.5,0.4,14.3,0.1,4.5,7.5,6.1,4.6,16.5,0.088,2005
95,Nick Van Exel,POR,33,53,20,33,30.5,103.6,2.7,8.7,14.4,0.8,18.4,0.0,0.0,10.5,10.0,8.3,24.9,0.088,2005
96,Christian Laettner,MIA,35,49,38,11,15.1,94.5,1.9,11.9,19.4,0.7,28.6,0.3,16.9,4.5,4.2,3.7,10.8,0.088,2005
97,Paul Pierce,BOS,27,82,45,37,36.1,105.1,5.6,15.4,24.7,1.6,28.2,0.5,12.4,12.7,10.7,9.3,29.2,0.088,2005
98,Darius Miles,POR,23,63,25,38,26.9,102.8,3.6,12.7,21.7,1.2,28.4,1.2,31.0,9.7,9.6,7.1,23.0,0.086,2005
99,Andres Nocioni,CHI,25,81,47,34,23.4,101.3,3.9,16.6,26.6,0.5,15.1,0.4,17.9,9.0,6.2,5.3,17.0,0.086,2005
100,Kelvin Cato,ORL,30,62,27,35,24.5,101.7,5.1,19.7,30.6,0.9,21.5,1.3,40.4,8.4,7.4,7.1,21.1,0.086,2005
101,Quentin Richardson,PHX,25,79,59,20,36.0,105.2,4.9,12.2,20.2,1.2,22.5,0.3,8.6,11.5,13.1,9.2,32.6,0.086,2005
102,Marc Jackson,PHI,30,81,42,39,24.3,101.6,2.7,11.3,17.9,0.4,8.9,0.2,13.8,8.3,7.2,4.5,18.0,0.086,2005
103,Scott Padgett,HOU,29,66,40,26,14.2,93.9,2.1,14.3,21.5,0.5,22.0,0.2,10.2,4.1,3.3,2.4,8.5,0.085,2005
104,Shandon Anderson,MIA,31,66,45,21,17.8,97.9,2.3,12.3,19.2,0.6,23.4,0.2,9.7,5.6,4.5,3.8,12.2,0.085,2005
105,George Lynch,NOH,34,44,8,36,21.2,100.1,2.7,14.2,22.8,0.7,20.6,0.3,18.2,7.9,6.1,4.7,14.7,0.085,2005
106,Mike Bibby,SAC,27,80,48,32,38.6,106.0,3.2,8.0,13.2,1.6,23.5,0.4,12.2,11.7,12.1,10.7,35.9,0.084,2005
107,Chris Andersen,NOH,26,67,17,50,21.3,100.3,4.1,19.6,31.6,0.2,7.5,1.5,64.9,7.6,6.0,4.4,15.3,0.084,2005
108,Stromile Swift,MEM,25,60,32,28,21.3,100.7,3.0,14.4,24.5,0.7,16.9,1.5,50.0,7.3,6.7,5.4,14.9,0.083,2005
109,Latrell Sprewell,MIN,34,80,44,36,30.6,104.3,2.4,7.5,11.6,0.7,19.4,0.3,7.8,9.8,8.6,7.3,25.3,0.083,2005
110,Drew Gooden,CLE,23,82,42,40,30.8,104.3,6.7,22.9,35.9,0.9,19.2,0.9,27.6,9.8,8.1,8.2,25.4,0.083,2005
111,Jason Williams,MEM,29,71,39,32,27.5,103.3,1.5,5.5,8.8,1.1,22.3,0.1,2.1,9.2,8.1,7.9,21.3,0.083,2005
112,Sam Cassell,MIN,35,59,32,27,25.8,102.8,2.2,8.3,12.8,0.6,19.8,0.2,8.3,7.3,7.8,5.7,19.4,0.082,2005
113,Chris Webber,PHI,32,67,39,28,35.4,105.3,7.2,19.9,32.7,1.4,21.6,0.8,23.9,11.1,10.9,8.5,30.9,0.082,2005
114,Eric Williams,TOR,32,55,23,32,24.1,101.7,2.3,9.9,15.0,0.7,22.4,0.1,3.5,8.4,5.9,5.6,17.4,0.082,2005
115,Amar'e Stoudemire,PHX,22,80,60,20,36.1,105.5,6.2,15.7,26.5,1.0,17.3,1.6,40.6,11.0,13.5,8.5,33.1,0.082,2005
116,Jeff McInnis,CLE,30,76,39,37,34.9,105.4,1.6,5.0,8.1,0.7,13.1,0.0,0.3,11.3,9.5,10.3,29.4,0.082,2005
117,Bonzi Wells,MEM,28,69,37,32,21.6,100.9,2.6,13.1,21.3,1.2,28.2,0.4,15.6,7.3,6.1,5.2,15.3,0.081,2005
118,Tony Allen,BOS,23,77,42,35,16.3,97.4,1.8,11.0,17.5,1.0,30.2,0.3,18.3,5.7,4.5,4.1,13.2,0.081,2005
119,Jared Jeffries,WAS,23,77,42,35,26.1,103.1,2.9,11.3,18.2,0.9,17.2,0.5,19.2,8.1,7.8,6.6,21.5,0.08,2005
120,Rashard Lewis,SEA,25,71,48,23,38.1,106.1,3.9,10.8,17.4,1.1,19.7,0.9,25.9,11.6,10.9,9.3,31.6,0.08,2005
121,Marquis Daniels,DAL,24,60,42,18,23.6,102.1,2.2,9.2,15.1,1.4,30.2,0.2,9.3,7.4,7.4,7.0,20.8,0.08,2005
122,Ricky Davis,BOS,25,82,45,37,32.8,105.1,2.2,6.7,11.3,1.1,19.9,0.3,9.1,13.0,10.9,8.5,26.9,0.08,2005
123,James Jones,IND,24,75,39,36,17.6,98.7,1.8,10.4,16.6,0.4,14.6,0.4,22.0,5.3,4.2,4.2,12.4,0.08,2005
124,Lindsey Hunter,DET,34,76,49,27,14.9,96.6,1.1,7.7,12.2,0.9,38.4,0.2,10.9,5.0,3.3,4.0,9.7,0.079,2005
125,Eric Snow,CLE,32,81,42,39,22.7,101.6,1.5,6.7,10.9,0.8,21.5,0.2,7.7,6.8,6.2,4.7,15.2,0.079,2005
126,Scot Pollard,IND,30,49,30,19,17.7,98.7,2.4,15.2,23.8,0.6,21.4,0.5,34.3,4.7,4.4,2.9,11.1,0.078,2005
127,Chris Bosh,TOR,21,81,33,48,37.2,106.1,6.5,18.1,27.9,0.9,16.3,1.4,43.6,11.8,10.1,9.1,32.4,0.078,2005
128,Devin Brown,SAS,26,67,50,17,18.4,99.7,2.1,11.7,18.6,0.6,18.9,0.2,7.9,6.5,5.3,4.2,13.9,0.078,2005
129,Greg Buckner,DEN,28,70,42,28,21.7,101.6,2.0,9.6,14.9,1.1,23.4,0.1,3.3,7.6,6.6,5.6,18.3,0.077,2005
130,Steve Nash,PHX,31,75,60,15,34.2,105.7,2.6,6.9,11.5,1.0,18.6,0.1,2.2,10.4,12.4,8.3,31.7,0.077,2005
131,Malik Rose,NYK,30,76,50,26,19.5,100.3,2.8,14.9,23.2,0.6,20.9,0.2,13.3,7.3,5.1,4.4,14.7,0.076,2005
132,DerMarr Johnson,DEN,25,71,42,29,17.2,99.1,1.5,8.4,13.6,0.6,21.4,0.3,10.3,5.8,4.8,5.3,13.9,0.076,2005
133,Bryon Russell,DEN,34,70,39,31,14.7,96.6,1.7,12.3,19.5,0.6,19.9,0.2,9.0,4.6,3.7,3.6,11.3,0.076,2005
134,Keith Van Horn,DAL,29,62,35,27,24.2,102.9,3.3,14.1,22.4,0.6,15.1,0.3,17.5,8.0,7.5,7.1,20.1,0.075,2005
135,Wally Szczerbiak,MIN,28,81,44,37,31.7,105.4,2.7,8.4,13.3,0.5,13.2,0.2,5.6,10.3,9.3,7.4,25.3,0.075,2005
136,Jason Richardson,GSW,24,72,33,39,37.8,106.7,4.2,11.0,17.8,1.5,24.2,0.4,11.4,12.3,11.4,11.0,34.1,0.074,2005
137,Emeka Okafor,CHA,22,73,16,57,35.6,106.3,7.1,21.5,33.9,0.8,13.7,1.7,42.2,12.3,9.4,10.8,30.5,0.073,2005
138,Mark Blount,BOS,29,82,45,37,26.1,103.9,3.1,11.8,19.0,0.4,9.5,0.8,29.6,9.8,7.4,7.2,21.0,0.073,2005
139,Marcus Banks,BOS,23,81,45,36,14.1,96.7,1.2,8.2,13.9,0.8,28.9,0.2,10.3,5.3,4.6,3.1,10.6,0.073,2005
140,Hedo Turkoglu,ORL,26,67,32,35,26.4,104.1,2.6,9.5,15.2,0.6,15.1,0.3,9.5,9.5,7.8,7.6,22.2,0.073,2005
141,Calbert Cheaney,GSW,33,55,17,38,17.2,99.4,1.7,9.8,16.6,0.3,12.6,0.3,14.9,5.1,5.0,4.1,13.2,0.072,2005
142,Rafer Alston,TOR,28,80,32,48,34.0,106.1,3.0,9.0,14.1,1.5,26.6,0.1,3.3,10.3,9.6,8.3,29.9,0.072,2005
143,Keyon Dooling,MIA,25,74,52,22,16.0,98.3,1.1,6.5,10.3,0.5,24.8,0.1,8.0,4.6,4.4,3.1,10.1,0.072,2005
144,Beno Udrih,SAS,22,80,57,23,14.4,97.2,0.8,5.8,9.5,0.5,23.8,0.1,6.6,4.8,3.8,3.5,11.5,0.072,2005
145,Dwight Howard,ORL,19,82,36,46,32.7,105.9,6.5,19.9,30.9,0.9,17.4,1.7,42.5,12.4,9.4,11.1,29.1,0.071,2005
146,Adonal Foyle,GSW,30,78,31,47,21.8,102.4,3.4,15.2,24.6,0.3,9.6,2.0,76.1,7.0,7.0,5.8,18.9,0.071,2005
147,Willie Green,PHI,23,57,23,34,18.7,100.7,1.9,10.6,16.3,0.6,17.3,0.1,8.1,7.2,5.0,4.5,12.8,0.071,2005
148,Trenton Hassell,MIN,26,82,44,38,25.3,103.9,1.7,6.7,10.5,0.4,13.2,0.4,12.9,8.1,7.0,6.6,20.4,0.071,2005
149,Tony Battie,ORL,29,81,36,45,23.6,103.2,4.2,17.5,28.0,0.4,10.1,1.0,40.7,8.9,6.4,7.0,18.8,0.071,2005
150,John Salmons,PHI,25,58,30,28,17.0,99.5,1.9,10.9,17.0,0.7,22.1,0.2,19.1,5.7,4.3,3.6,10.9,0.071,2005
151,Brevin Knight,CHA,29,66,17,49,29.5,105.3,2.3,8.2,13.3,2.0,34.8,0.1,2.3,9.5,8.0,9.1,25.5,0.07,2005
152,Peja Stojakovic,SAC,28,66,42,24,38.5,107.1,3.4,8.6,14.3,1.2,18.5,0.2,5.9,11.8,12.1,10.4,36.0,0.07,2005
153,Jacque Vaughn,NJN,30,71,34,37,19.7,101.6,1.3,6.8,11.0,0.6,20.0,0.0,0.9,6.1,5.4,4.5,12.8,0.07,2005
154,Derek Anderson,POR,30,47,16,31,26.3,104.3,2.2,8.4,13.8,0.8,20.1,0.1,2.8,9.3,8.2,7.1,22.3,0.07,2005
155,Maurice Taylor,NYK,28,65,31,34,20.7,101.7,2.9,14.7,22.8,0.4,15.3,0.3,21.7,7.3,5.4,4.2,13.5,0.07,2005
156,Aaron McKie,PHI,32,68,35,33,16.6,99.7,2.2,13.5,20.7,0.7,24.1,0.3,21.8,6.0,4.3,3.0,11.7,0.07,2005
157,Rick Brunson,LAC,33,80,37,43,24.2,103.8,2.1,8.6,13.4,1.0,30.6,0.1,3.4,9.0,6.0,4.7,20.0,0.069,2005
158,Ira Newble,CLE,30,74,38,36,24.7,104.0,1.9,8.0,12.5,0.7,17.2,0.2,8.1,8.7,6.3,6.5,20.2,0.069,2005
159,Ruben Patterson,POR,29,70,26,44,28.1,105.1,2.1,7.2,12.7,1.5,33.0,0.3,8.3,10.5,10.0,8.4,25.8,0.069,2005
160,Jason Hart,CHA,27,74,18,56,25.5,104.3,2.5,10.5,16.9,1.3,28.9,0.2,6.3,8.6,6.9,7.0,20.8,0.068,2005
161,Anderson Varejao,CLE,22,54,27,27,16.1,99.3,2.7,18.0,29.7,0.8,25.8,0.7,33.0,4.8,4.4,3.6,11.5,0.068,2005
162,Rodney Buford,NJN,27,64,31,33,20.5,102.5,2.4,13.0,21.0,0.6,18.4,0.1,4.0,6.2,6.0,4.7,14.0,0.068,2005
163,Corliss Williamson,SAC,31,72,37,35,21.3,102.8,2.2,10.2,15.8,0.5,15.8,0.2,16.3,7.6,6.2,4.7,14.3,0.068,2005
164,Ray Allen,SEA,29,78,50,28,39.3,107.4,3.4,9.3,14.9,1.1,19.6,0.1,2.0,12.7,11.2,9.8,33.0,0.068,2005
165,Troy Murphy,GSW,25,70,30,40,34.0,106.5,7.2,21.5,34.6,0.8,13.8,0.5,14.3,11.2,10.3,9.8,31.7,0.067,2005
166,Stephon Marbury,NYK,28,82,33,49,40.2,107.5,2.4,6.4,9.9,1.5,23.8,0.1,2.8,12.9,11.1,10.1,33.4,0.067,2005
167,Adrian Griffin,CHI,30,69,38,31,9.5,91.1,1.4,13.8,22.2,0.6,31.6,0.1,6.9,3.5,2.4,2.3,6.5,0.067,2005
168,Kenny Thomas,SAC,27,73,36,37,29.7,105.7,4.8,16.8,27.3,0.9,16.0,0.2,10.1,10.4,8.5,7.5,25.4,0.067,2005
169,David Harrison,IND,22,43,23,20,17.7,100.9,2.0,11.9,20.0,0.4,14.2,1.3,61.1,6.0,4.6,3.2,12.4,0.066,2005
170,Primoz Brezec,CHA,25,72,16,56,31.7,106.2,4.2,14.4,22.9,0.5,8.2,0.8,21.9,11.7,8.5,10.4,27.7,0.066,2005
171,Michael Olowokandi,MIN,30,62,32,30,19.6,102.2,3.5,18.0,26.7,0.2,11.3,0.9,40.0,6.2,5.1,5.2,14.5,0.066,2005
172,Jason Kapono,CHA,24,81,17,64,18.4,101.6,1.6,9.0,14.7,0.5,16.5,0.1,3.8,5.8,5.3,5.3,14.9,0.066,2005
173,P.J. Brown,NOH,35,82,18,64,34.5,106.8,5.7,18.0,28.6,0.9,18.9,0.6,25.1,12.5,9.5,8.0,25.8,0.065,2005
174,Nazr Mohammed,SAS,27,77,35,42,25.2,104.8,4.4,18.0,28.2,0.8,21.0,1.1,46.5,7.8,6.9,7.1,21.7,0.065,2005
175,Michael Doleac,MIA,28,80,58,22,14.6,98.8,2.3,16.1,25.5,0.3,14.5,0.3,18.2,4.2,3.7,3.3,10.4,0.065,2005
176,Predrag Drobnjak,ATL,29,71,13,58,20.3,102.9,2.3,12.5,18.7,0.6,18.2,0.3,18.8,7.9,5.0,5.3,17.6,0.064,2005
177,Quinton Ross,LAC,24,78,36,42,21.0,103.2,1.9,9.4,15.3,0.7,20.9,0.3,13.2,7.6,5.9,4.6,17.2,0.064,2005
178,Zeljko Rebraca,LAC,33,58,27,31,16.0,99.9,2.3,14.3,23.9,0.2,9.6,0.7,41.2,5.0,4.8,3.1,12.0,0.064,2005
179,Melvin Ely,CHA,27,79,18,61,21.0,103.1,2.3,11.7,18.6,0.4,11.6,0.9,37.3,6.6,5.6,5.3,17.4,0.064,2005
180,Travis Best,NJN,32,76,39,37,19.2,102.4,1.2,6.6,10.4,0.9,26.2,0.1,8.6,5.9,5.3,4.2,12.7,0.063,2005
181,Lee Nailon,NOH,30,68,14,54,29.6,106.1,2.5,9.2,14.5,0.5,13.3,0.2,10.5,9.9,8.0,7.3,22.9,0.063,2005
182,Zoran Planinic,NJN,22,43,20,23,11.9,96.0,1.2,10.2,16.3,0.6,29.4,0.0,0.0,4.1,3.5,2.9,7.7,0.063,2005
183,Vladimir Radmanovic,SEA,24,63,43,20,29.5,106.2,3.8,13.3,21.9,0.9,21.4,0.5,26.1,9.6,8.1,6.6,23.9,0.063,2005
184,Keith McLeod,UTA,25,53,18,35,26.1,105.2,1.8,7.4,11.5,1.2,31.7,0.2,8.5,9.8,6.5,7.8,19.4,0.062,2005
185,Raef LaFrentz,BOS,29,80,44,36,27.5,105.7,5.0,18.1,29.0,0.5,12.2,1.2,42.7,9.3,8.0,7.7,23.8,0.062,2005
186,Eddie Griffin,MIN,23,70,37,33,21.3,103.6,4.6,20.3,32.9,0.3,13.6,1.7,52.7,6.6,6.8,5.2,18.3,0.062,2005
187,Austin Croshere,IND,30,73,40,33,25.0,105.1,3.7,16.2,25.2,0.7,16.3,0.2,10.8,8.2,6.0,6.3,18.4,0.062,2005
188,Royal Ivey,ATL,23,62,9,53,13.1,98.3,1.0,8.6,13.7,0.6,25.8,0.1,8.9,5.1,3.5,3.8,10.8,0.062,2005
189,Carlos Boozer,UTA,23,51,17,34,34.9,107.4,6.2,19.8,30.1,0.8,17.9,0.5,15.2,12.7,7.7,9.7,27.1,0.061,2005
190,Eddie Gill,IND,26,73,38,35,13.9,99.3,1.3,10.1,16.2,0.8,33.5,0.1,5.4,4.7,3.4,3.3,9.6,0.06,2005
191,Chris Wilcox,LAC,22,54,23,31,18.6,102.6,3.1,16.6,27.7,0.5,17.8,0.4,27.6,6.6,4.8,3.7,14.8,0.06,2005
192,Kurt Thomas,NYK,32,80,31,49,35.7,107.5,8.3,24.5,37.6,0.9,16.2,1.0,41.6,11.4,10.0,8.7,29.0,0.06,2005
193,Morris Peterson,TOR,27,82,33,49,30.7,106.7,3.3,10.9,17.1,1.1,23.3,0.2,9.4,9.9,8.8,7.8,27.8,0.06,2005
194,Damon Stoudamire,POR,31,81,26,55,34.2,107.3,3.1,9.1,15.1,1.1,21.8,0.0,0.5,12.2,11.3,10.5,30.0,0.06,2005
195,Gordan Giricek,UTA,28,81,26,55,20.4,103.6,1.9,10.5,16.8,0.6,19.8,0.1,6.7,7.1,5.1,6.0,15.3,0.059,2005
196,Lucious Harris,CLE,34,73,38,35,15.4,100.7,1.1,7.4,12.3,0.4,13.3,0.1,4.3,4.6,4.5,3.8,11.3,0.059,2005
197,Mehmet Okur,UTA,26,82,26,56,28.1,106.2,5.1,20.2,32.4,0.4,10.4,0.8,30.1,10.5,7.7,7.6,20.4,0.059,2005
198,Toni Kukoc,MIL,36,53,23,30,20.8,103.9,2.4,11.8,18.5,0.7,23.8,0.2,17.6,7.0,6.1,6.9,18.6,0.059,2005
199,Trevor Ariza,NYK,20,80,33,47,17.3,102.1,1.9,11.4,18.5,0.9,30.6,0.2,15.8,5.5,4.7,4.3,14.3,0.059,2005
200,Jamal Crawford,NYK,25,70,28,42,38.4,108.0,2.4,6.7,10.4,1.3,21.6,0.3,11.2,13.3,10.8,10.0,32.7,0.058,2005
201,Gary Payton,BOS,36,77,41,36,33.1,107.2,2.4,7.5,12.0,1.1,21.4,0.2,4.6,11.8,10.0,8.9,28.2,0.058,2005
202,Eduardo Najera,DEN,28,68,37,31,17.4,102.3,2.1,12.0,20.3,0.6,18.1,0.4,17.4,5.7,5.7,4.6,14.7,0.058,2005
203,Dan Dickau,NOH,26,71,18,53,29.3,106.6,2.1,7.5,12.0,1.1,27.9,0.1,2.5,10.8,8.1,7.6,22.8,0.058,2005
204,Chris Kaman,LAC,23,63,28,35,26.0,105.7,4.6,18.5,28.4,0.4,10.6,1.1,37.2,9.8,6.7,5.7,22.1,0.058,2005
205,Al Harrington,ATL,25,66,10,56,38.6,108.0,4.8,13.9,21.3,1.3,20.9,0.2,7.7,14.9,10.5,10.5,33.7,0.058,2005
206,Ryan Bowen,HOU,29,66,46,20,8.8,92.7,0.8,8.6,13.2,0.3,24.5,0.1,8.3,2.5,2.1,1.4,5.5,0.058,2005
207,Shareef Abdur-Rahim,POR,28,54,17,37,34.7,107.6,5.0,14.3,23.7,0.9,17.6,0.5,10.0,13.2,11.6,11.7,31.3,0.058,2005
208,Antonio Daniels,SEA,30,75,50,25,27.0,106.2,2.0,7.7,12.6,0.7,18.5,0.0,1.9,8.8,8.0,6.2,22.5,0.057,2005
209,Shawn Bradley,DAL,33,77,55,22,11.4,97.2,1.9,16.1,26.0,0.3,14.3,0.8,53.8,3.5,3.1,3.0,8.1,0.057,2005
210,Joel Przybilla,POR,25,76,24,52,24.4,105.5,5.4,21.8,35.7,0.3,9.1,2.1,59.7,9.8,7.8,7.3,21.4,0.057,2005
211,Mickael Pietrus,GSW,23,67,29,38,19.9,103.9,1.9,9.2,15.5,0.7,20.7,0.3,12.3,7.1,6.3,5.4,17.7,0.057,2005
212,Jameer Nelson,ORL,23,79,34,45,20.4,104.1,1.8,8.5,13.8,1.0,30.7,0.0,1.6,7.5,6.4,5.8,16.4,0.057,2005
213,Lamar Odom,LAL,25,64,31,33,36.2,107.8,8.1,21.5,33.6,0.7,16.2,1.0,28.3,12.8,10.9,9.5,30.3,0.057,2005
214,Eric Piatkowski,CHI,34,68,37,31,12.3,98.6,0.9,7.2,11.6,0.4,23.2,0.0,1.6,4.5,3.6,2.9,8.5,0.057,2005
215,Boris Diaw,ATL,23,66,10,56,18.1,103.1,1.8,10.5,16.4,0.6,19.7,0.3,18.4,6.9,5.1,4.6,14.6,0.056,2005
216,Bostjan Nachbar,NOH,24,71,21,50,18.9,103.5,2.2,12.6,20.9,0.4,18.4,0.2,14.7,6.5,4.9,4.2,13.7,0.056,2005
217,Jarvis Hayes,WAS,23,54,30,24,28.9,106.7,3.4,12.3,20.5,0.9,18.3,0.2,7.1,9.1,9.0,7.5,24.7,0.056,2005
218,Nick Collison,SEA,24,82,52,30,17.0,102.7,2.7,16.1,26.2,0.4,17.3,0.6,39.1,5.3,4.9,4.0,13.5,0.055,2005
219,Joe Smith,MIL,29,74,28,46,30.7,107.1,4.9,16.4,25.8,0.6,14.8,0.5,21.5,10.1,8.3,9.6,25.5,0.055,2005
220,Robert Traylor,CLE,28,74,39,35,18.0,103.2,2.6,15.2,25.6,0.7,23.9,0.7,33.1,5.7,5.4,4.6,13.0,0.055,2005
221,Jerome Williams,NYK,32,79,31,48,15.3,101.4,2.1,15.1,23.8,0.7,24.8,0.1,13.0,5.8,4.2,4.1,12.3,0.055,2005
222,Baron Davis,GSW,26,46,21,25,34.4,107.6,3.1,9.0,15.5,1.8,32.4,0.3,9.2,10.3,12.2,8.8,27.6,0.055,2005
223,Keith Bogans,CHA,25,74,15,59,24.3,105.8,2.0,9.0,14.6,0.9,20.7,0.1,4.0,9.1,6.7,7.4,20.8,0.055,2005
224,Darrell Armstrong,DAL,37,66,37,29,15.0,101.3,1.2,8.3,13.1,0.7,27.3,0.1,7.8,4.8,4.4,4.1,11.9,0.054,2005
225,Devin Harris,DAL,22,76,56,20,15.5,102.0,1.0,6.3,10.5,1.0,30.4,0.3,14.2,5.8,4.8,4.8,13.3,0.054,2005
226,Cuttino Mobley,SAC,29,66,36,30,36.3,108.2,2.8,7.6,12.6,1.1,18.3,0.5,13.3,11.6,11.2,10.7,34.3,0.054,2005
227,Josh Smith,ATL,19,74,11,63,27.7,106.8,4.2,15.9,25.0,0.8,18.0,1.9,62.6,10.6,8.3,7.5,23.2,0.053,2005
228,Francisco Elson,DEN,29,67,41,26,14.0,100.9,2.1,16.1,26.4,0.5,16.7,0.6,43.6,4.3,4.0,4.1,11.6,0.053,2005
229,Darius Songaila,SAC,27,81,50,31,20.5,104.6,2.7,13.3,21.6,0.6,18.9,0.2,14.2,6.4,6.1,5.0,16.9,0.052,2005
230,Matt Barnes,SAC,25,43,27,16,16.4,102.7,2.0,12.3,20.2,0.7,23.8,0.2,13.0,5.7,5.3,3.9,11.7,0.052,2005
231,Michael Redd,MIL,25,75,28,47,38.0,108.6,3.2,8.7,14.0,0.8,17.4,0.1,3.6,12.5,11.1,11.9,33.5,0.052,2005
232,Kwame Brown,WAS,23,42,22,20,21.6,105.1,3.2,15.0,24.6,0.6,16.4,0.4,21.7,7.5,6.9,5.4,17.4,0.051,2005
233,Mikki Moore,LAC,29,74,36,38,15.8,102.7,2.0,13.0,21.5,0.3,10.9,0.4,31.1,5.7,4.5,2.8,11.9,0.051,2005
234,Leandro Barbosa,PHX,22,63,48,15,17.2,103.6,1.6,8.0,13.0,0.5,22.6,0.1,5.1,6.5,6.2,4.1,15.0,0.051,2005
235,Jiri Welsch,CLE,25,71,32,39,18.6,104.6,2.0,11.1,18.4,0.6,19.5,0.1,3.8,6.6,5.7,4.3,15.4,0.051,2005
236,Dahntay Jones,MEM,24,52,29,23,12.4,100.2,1.1,9.2,16.0,0.3,11.4,0.2,11.8,3.8,4.3,3.1,8.1,0.051,2005
237,Jabari Smith,NJN,28,45,26,19,14.4,102.0,1.8,14.2,22.9,0.6,20.8,0.3,26.9,4.8,3.8,3.7,10.4,0.05,2005
238,Zaza Pachulia,MIL,21,74,27,47,18.9,104.2,3.3,18.9,30.6,0.6,20.7,0.5,47.2,6.5,5.4,5.4,16.7,0.05,2005
239,Anthony Carter,MIN,30,66,36,30,10.8,98.4,0.9,7.9,12.2,0.5,33.3,0.3,20.7,3.6,3.0,2.5,8.4,0.05,2005
240,Rodney Rogers,PHI,34,58,25,33,23.6,105.8,3.2,14.3,23.0,0.7,19.2,0.3,20.8,8.0,6.6,5.4,17.3,0.05,2005
241,Kareem Rush,CHA,24,48,16,32,20.1,105.1,1.4,7.5,11.5,0.4,14.8,0.1,7.6,6.5,5.1,5.4,18.0,0.049,2005
242,Steven Hunter,PHX,23,76,57,19,13.8,101.8,1.7,10.7,17.4,0.1,3.0,1.3,68.5,5.5,4.7,4.0,12.1,0.049,2005
243,Mo Williams,MIL,22,80,30,50,28.3,107.4,2.4,8.9,13.9,0.9,25.2,0.1,6.3,9.6,7.8,9.3,24.2,0.049,2005
244,Alan Henderson,DAL,32,78,55,23,15.3,102.9,2.4,14.9,24.3,0.4,13.7,0.5,25.7,5.0,4.6,4.4,13.0,0.048,2005
245,Jarron Collins,UTA,26,50,20,30,19.2,105.0,2.1,12.3,19.5,0.2,9.0,0.1,7.1,6.2,4.6,5.4,14.8,0.048,2005
246,Fred Hoiberg,MIN,32,76,40,36,16.7,103.7,2.0,11.4,18.4,0.7,30.1,0.2,9.7,4.9,5.0,3.7,12.5,0.048,2005
247,Josh Davis,PHI,24,42,19,23,7.6,93.4,1.2,15.2,22.6,0.2,14.0,0.1,22.2,2.5,2.1,1.3,5.2,0.048,2005
248,Ronald Dupree,DET,24,47,32,15,9.9,98.1,1.3,13.4,21.8,0.1,11.9,0.2,20.0,3.5,2.6,2.7,7.3,0.047,2005
249,Greg Ostertag,SAC,32,56,34,22,9.9,97.7,2.0,18.7,29.8,0.1,8.0,0.7,71.4,3.1,3.2,3.2,7.0,0.047,2005
250,Al Jefferson,BOS,20,71,39,32,14.7,102.8,2.7,17.8,30.3,0.3,13.4,0.8,43.0,5.7,5.2,3.8,11.5,0.047,2005
251,Troy Hudson,MIN,29,79,42,37,22.1,106.1,1.1,4.9,7.8,0.3,15.3,0.1,3.1,7.4,6.1,5.8,18.9,0.047,2005
252,John Thomas,MIN,29,44,24,20,11.8,100.4,1.3,11.0,16.6,0.3,23.8,0.3,25.0,3.2,3.1,2.8,10.5,0.046,2005
253,Jackson Vroman,NOH,24,46,12,34,15.4,103.6,2.4,17.4,26.7,0.5,25.0,0.4,33.3,6.3,4.3,4.0,11.9,0.046,2005
254,Lamond Murray,TOR,32,62,25,37,14.8,102.9,1.9,12.9,20.7,0.5,21.6,0.3,19.5,4.9,4.7,3.2,11.9,0.046,2005
255,Luke Ridnour,SEA,24,82,52,30,31.4,108.2,1.8,6.3,10.0,1.1,25.6,0.3,9.7,10.0,9.0,8.1,27.3,0.046,2005
256,Donyell Marshall,TOR,32,65,27,38,25.5,107.1,5.1,19.9,32.1,0.9,23.1,0.7,35.4,7.6,8.1,6.1,21.9,0.046,2005
257,Jalen Rose,TOR,32,81,33,48,33.5,108.5,2.9,8.9,14.1,0.8,14.8,0.1,4.8,10.5,10.0,8.2,30.0,0.045,2005
258,Desmond Mason,MIL,27,80,29,51,36.1,108.9,2.8,8.1,13.0,0.7,16.1,0.3,12.5,12.1,10.7,11.0,31.3,0.045,2005
259,Loren Woods,TOR,27,45,20,25,15.6,103.8,3.1,21.0,32.6,0.2,7.4,0.9,62.9,4.9,3.8,3.8,13.3,0.045,2005
260,Rodney White,GSW,25,58,25,33,11.7,100.8,1.1,9.9,16.2,0.6,24.2,0.2,17.5,3.6,3.8,3.2,10.6,0.044,2005
261,Antoine Walker,BOS,28,77,26,51,38.5,109.1,6.7,18.8,29.3,1.2,18.9,0.8,22.1,14.5,11.7,10.5,34.2,0.044,2005
262,Reggie Evans,SEA,25,79,51,28,23.8,106.8,6.1,28.0,43.9,0.7,21.6,0.2,8.5,7.5,6.4,6.7,20.5,0.044,2005
263,Milt Palacio,TOR,27,80,33,47,19.1,105.5,1.4,7.2,11.6,0.6,20.7,0.2,9.2,6.3,5.4,4.3,15.9,0.044,2005
264,DeShawn Stevenson,ORL,24,55,24,31,19.6,105.9,1.2,6.0,9.5,0.3,8.8,0.2,7.4,8.1,5.8,6.9,18.4,0.044,2005
265,Clifford Robinson,NJN,38,71,32,39,23.9,107.3,2.2,9.9,15.7,0.9,22.4,0.7,41.1,7.1,6.5,5.9,20.3,0.043,2005
266,Dan Gadzuric,MIL,27,81,29,52,22.0,106.6,5.1,23.8,36.4,0.6,21.0,1.3,63.9,7.1,6.1,7.4,18.6,0.043,2005
267,Carlos Arroyo,DET,25,70,35,35,20.6,106.4,1.1,5.9,9.4,0.6,23.2,0.1,2.6,7.0,5.9,5.6,17.1,0.043,2005
268,Kris Humphries,UTA,20,67,17,50,13.0,102.5,1.9,15.8,25.4,0.4,19.8,0.3,25.4,5.0,3.3,3.7,9.4,0.042,2005
269,Matt Bonner,TOR,25,82,33,49,18.8,105.8,2.2,11.8,19.0,0.5,15.5,0.2,16.5,6.4,5.5,4.6,15.7,0.042,2005
270,Maurice Evans,SAC,26,65,38,27,18.8,105.8,1.7,9.3,14.9,0.6,17.9,0.1,8.5,6.6,5.7,5.3,16.4,0.042,2005
271,Richie Frahm,POR,27,43,9,34,11.4,101.7,1.0,8.9,14.3,0.3,19.5,0.1,5.6,4.1,3.0,3.3,8.7,0.041,2005
272,Jumaine Jones,LAL,26,76,31,45,24.1,107.4,3.8,15.6,25.2,0.6,18.9,0.3,16.3,8.7,7.4,6.0,19.0,0.041,2005
273,Danny Fortson,SEA,29,62,42,20,16.9,105.3,3.1,19.0,31.7,0.2,11.7,0.1,11.5,5.7,4.5,4.1,13.0,0.04,2005
274,Kendrick Perkins,BOS,20,60,31,29,9.0,98.7,2.1,21.3,37.6,0.2,9.7,0.6,50.7,3.8,3.6,1.8,6.8,0.04,2005
275,Kobe Bryant,LAL,26,66,28,38,40.8,109.7,4.5,10.9,17.6,1.3,24.9,0.8,21.6,14.0,11.9,11.4,33.8,0.04,2005
276,Sebastian Telfair,POR,20,68,19,49,19.6,106.6,1.4,6.9,11.6,0.5,18.8,0.1,1.9,8.0,6.6,6.4,17.9,0.04,2005
277,Michael Sweetney,NYK,22,77,32,45,19.5,106.4,3.2,17.7,28.0,0.4,11.3,0.4,30.8,6.9,5.5,4.9,16.3,0.04,2005
278,Brian Cook,LAL,24,72,31,41,15.0,104.5,2.1,14.0,22.1,0.3,17.2,0.4,33.3,4.7,4.2,3.3,11.2,0.04,2005
279,Raja Bell,UTA,28,63,20,43,28.5,108.5,2.4,9.5,14.8,0.7,18.8,0.1,4.7,11.1,7.4,7.3,20.6,0.039,2005
280,Walter McCarty,PHX,31,72,42,30,12.5,103.1,1.5,12.1,20.5,0.3,16.0,0.2,17.0,4.4,4.2,2.7,9.3,0.038,2005
281,Michael Ruffin,WAS,28,79,44,35,15.9,105.2,2.2,14.8,24.9,0.5,18.7,0.5,38.0,5.8,4.8,3.8,13.4,0.038,2005
282,Tony Massenburg,SAS,37,61,43,18,11.3,102.2,1.8,17.1,26.5,0.3,15.9,0.3,25.0,3.2,3.1,3.1,9.3,0.038,2005
283,Erick Strickland,MIL,31,62,20,42,16.3,105.4,1.5,9.6,15.2,0.5,21.4,0.0,1.4,5.7,4.5,4.8,13.6,0.038,2005
284,Kenny Anderson,LAC,34,43,9,34,17.3,106.3,1.5,10.0,15.1,0.8,25.0,0.0,0.0,6.3,4.4,4.3,16.1,0.037,2005
285,Matt Harpring,UTA,29,78,24,54,33.1,109.3,3.6,12.5,19.9,0.9,20.1,0.2,7.2,12.6,8.5,9.8,24.8,0.037,2005
286,Jerome James,SEA,29,80,50,30,16.6,105.6,2.0,13.1,20.4,0.3,12.2,1.4,75.0,5.0,4.5,4.3,12.9,0.037,2005
287,Tony Delk,ATL,31,56,6,50,24.1,108.0,1.8,8.4,13.1,0.8,23.0,0.1,2.8,9.0,6.3,6.1,19.3,0.037,2005
288,Obinna Ekezie,ATL,29,42,5,37,17.4,106.0,2.6,16.1,24.9,0.5,18.8,0.3,19.4,6.4,4.6,4.6,14.2,0.037,2005
289,Calvin Booth,MIL,29,51,25,26,8.9,100.9,1.5,16.5,25.7,0.3,19.5,0.5,52.8,3.1,2.5,2.8,7.6,0.036,2005
290,Brian Skinner,SAC,29,49,24,25,19.3,107.1,3.5,19.1,30.5,0.6,18.8,1.0,65.3,6.8,4.9,6.1,17.8,0.036,2005
291,Tierre Brown,LAL,26,76,33,43,13.9,104.6,0.9,6.9,11.0,0.4,22.9,0.0,1.4,4.7,3.9,3.4,10.6,0.035,2005
292,Steven Smith,MIA,36,50,15,35,14.9,105.4,1.0,7.4,12.2,0.3,13.5,0.1,9.2,4.4,3.8,3.7,11.4,0.035,2005
293,Howard Eisley,UTA,32,74,26,48,19.3,107.1,1.0,5.9,9.5,0.6,22.5,0.1,6.4,7.4,4.7,4.9,13.5,0.035,2005
294,Tim Thomas,NYK,28,71,30,41,27.3,108.9,2.7,10.5,16.3,0.6,14.1,0.2,15.6,9.2,8.1,7.1,23.4,0.034,2005
295,Kevin Martin,SAC,22,45,28,17,10.2,102.1,0.6,6.3,10.1,0.4,22.5,0.1,8.1,3.8,2.9,2.8,8.1,0.034,2005
296,Josh Childress,ATL,22,80,12,68,29.6,109.2,3.6,13.1,20.3,0.9,20.4,0.4,16.8,11.5,8.4,8.3,25.8,0.034,2005
297,Curtis Borchardt,UTA,24,67,22,45,12.8,104.4,2.1,18.8,28.9,0.1,8.3,0.5,39.5,5.3,3.0,3.7,9.4,0.034,2005
298,Laron Profit,WAS,27,42,19,23,10.0,102.6,1.2,13.1,21.1,0.4,19.0,0.1,12.2,4.1,3.1,2.1,8.6,0.033,2005
299,Rafael Araujo,TOR,24,59,24,35,12.5,104.6,2.1,18.2,27.6,0.4,16.8,0.1,15.4,3.9,3.3,3.6,11.7,0.033,2005
300,Juan Dixon,WAS,26,63,35,28,16.7,106.7,1.4,8.5,14.3,0.7,25.7,0.1,4.7,5.5,5.2,4.0,15.0,0.032,2005
301,Pat Garrity,ORL,28,71,30,41,13.4,105.3,1.5,10.7,17.5,0.3,14.8,0.1,11.1,5.3,4.2,3.6,11.2,0.032,2005
302,Chris Mihm,LAL,25,75,33,42,25.0,108.8,4.1,15.9,25.0,0.2,6.3,1.4,52.4,9.2,8.1,7.3,21.8,0.031,2005
303,Tom Gugliotta,ATL,35,47,13,34,20.5,108.0,2.9,15.3,23.2,0.9,25.9,0.4,24.6,8.0,6.0,5.6,17.1,0.031,2005
304,Travis Outlaw,POR,20,59,17,42,13.4,105.7,1.4,9.6,16.8,0.5,24.2,0.7,30.3,5.2,4.9,3.8,11.6,0.031,2005
305,Caron Butler,LAL,25,77,32,45,35.6,110.2,3.9,10.9,17.6,1.4,29.6,0.3,9.1,12.7,11.3,10.4,30.6,0.03,2005
306,Etan Thomas,WAS,27,47,25,22,20.8,108.2,3.4,17.6,28.5,0.4,9.7,1.1,60.7,6.8,6.1,5.7,17.7,0.03,2005
307,Luke Walton,LAL,25,61,21,40,12.5,105.4,1.4,11.5,18.5,0.4,22.4,0.2,19.6,4.6,3.7,3.4,9.2,0.03,2005
308,Brian Grant,LAL,33,69,27,42,16.6,107.4,2.3,13.3,21.9,0.3,15.6,0.3,29.5,6.2,4.8,4.8,12.9,0.029,2005
309,Steve Blake,WAS,25,44,23,21,14.7,106.6,1.2,8.4,13.7,0.3,11.9,0.0,0.0,5.3,4.8,3.5,12.2,0.029,2005
310,JR Smith,NOH,19,76,18,58,24.5,109.3,1.5,6.6,10.9,0.7,22.1,0.1,7.3,8.8,7.1,6.5,20.0,0.028,2005
311,Chucky Atkins,LAL,30,82,34,48,35.5,110.4,2.0,5.5,8.9,0.9,20.2,0.0,0.7,12.2,11.4,9.8,30.8,0.027,2005
312,Stacey Augmon,ORL,36,55,23,32,11.9,105.9,1.0,8.0,13.6,0.4,23.0,0.1,13.1,4.4,3.7,3.3,9.6,0.026,2005
313,Sasha Pavlovic,CLE,21,65,32,33,13.3,106.9,0.9,7.1,11.9,0.4,20.3,0.1,4.0,4.1,4.2,3.4,10.8,0.025,2005
314,Ervin Johnson,MIN,37,46,27,19,8.9,103.9,1.5,17.4,27.9,0.2,14.9,0.3,35.1,2.6,2.5,2.3,7.3,0.024,2005
315,Marcus Fizer,MIL,26,54,17,37,16.7,108.4,2.7,17.9,28.2,0.5,19.8,0.2,26.0,5.5,4.3,4.9,16.1,0.023,2005
316,Mario Kasun,ORL,25,45,19,26,7.8,103.9,1.7,21.6,35.0,0.2,16.7,0.3,39.4,3.2,2.9,2.3,6.8,0.023,2005
317,Kirk Snyder,UTA,22,68,23,45,13.2,107.4,1.0,9.0,14.0,0.4,22.4,0.3,27.5,5.1,3.5,3.5,9.7,0.023,2005
318,Eddie House,SAC,27,68,34,34,13.0,107.6,1.0,8.3,13.5,0.6,29.9,0.1,7.3,4.5,3.6,3.6,10.9,0.021,2005
319,Darvin Ham,DET,31,47,25,22,5.5,102.2,0.3,6.8,10.7,0.1,14.0,0.1,25.9,2.5,1.2,1.5,3.5,0.02,2005
320,Slava Medvedenko,LAL,26,43,9,34,9.8,107.8,1.1,11.1,18.3,0.2,14.1,0.0,7.7,2.7,3.3,2.4,8.1,0.016,2005
321,Aaron Williams,TOR,33,42,13,29,7.4,106.4,1.0,15.2,23.1,0.1,10.2,0.2,30.8,3.0,2.0,2.3,6.1,0.015,2005
322,Flip Murray,SEA,25,49,27,22,17.9,110.3,1.7,10.0,16.1,0.6,25.4,0.2,13.3,5.9,5.7,5.1,14.9,0.014,2005
323,Mike Wilks,SAS,26,48,40,8,5.6,105.0,0.4,8.1,12.7,0.3,30.4,0.0,4.0,2.0,1.7,1.9,5.0,0.014,2005
324,Tyronn Lue,ATL,28,70,16,54,28.7,111.5,1.9,7.3,11.4,0.5,13.5,0.0,0.0,10.4,8.1,7.3,23.5,0.012,2005
325,Jason Collier,ATL,27,70,11,59,13.5,110.4,1.4,12.4,19.3,0.2,11.1,0.2,18.3,5.3,4.1,3.7,11.9,0.01,2005
