Rk,Player,Pos,Age,Tm,G,GS,MP,FG,FGA,FG%,3P,3PA,3P%,2P,2PA,2P%,FT,FTA,FT%,ORB,DRB,TRB,AST,STL,BLK,TOV,PF,PTS,Year
3,Arron Afflalo,SG,23,DET,74,8,1234,3.8,8.8,.437,1.3,3.1,.402,2.6,5.6,.456,1.7,2.1,.817,0.9,3.0,3.9,1.3,0.8,0.4,1.3,4.2,10.6,2009
7,LaMarcus Aldridge,PF,23,POR,81,81,3004,7.2,14.9,.484,0.1,0.3,.250,7.1,14.6,.489,3.1,4.0,.781,2.8,4.4,7.3,1.9,0.9,0.9,1.5,2.5,17.6,2009
8,Joe Alexander,SF,22,MIL,59,0,716,5.1,12.3,.416,0.8,2.3,.348,4.3,10.0,.432,2.9,4.2,.699,2.2,3.6,5.8,2.1,0.8,1.5,2.6,5.4,14.0,2009
9,Malik Allen,PF,30,MIL,49,3,579,4.5,10.6,.429,0.0,0.1,.000,4.5,10.5,.432,0.6,1.3,.476,2.2,4.2,6.4,2.2,0.4,0.7,1.2,5.5,9.7,2009
10,Ray Allen*,SG,33,BOS,79,79,2876,6.2,13.0,.480,2.5,6.1,.409,3.8,6.9,.542,3.0,3.1,.952,0.8,2.7,3.5,2.7,0.9,0.2,1.7,2.0,17.9,2009
11,Tony Allen,SG,27,BOS,46,2,887,5.6,11.5,.482,0.2,1.1,.222,5.3,10.4,.510,3.2,4.4,.725,0.9,3.3,4.2,2.7,2.2,0.9,3.1,4.0,14.6,2009
13,Rafer Alston,PG,32,TOT,77,76,2447,4.6,12.1,.385,1.6,4.9,.338,3.0,7.2,.417,2.3,3.1,.750,0.5,2.9,3.3,6.0,1.6,0.1,2.1,2.0,13.2,2009
14,Lou Amundson,PF,26,PHO,76,0,1044,4.6,8.6,.536,0.0,0.0,.000,4.6,8.6,.538,1.8,4.1,.442,4.4,4.9,9.3,1.0,1.1,2.2,1.9,5.3,11.1,2009
15,Chris Andersen,C,30,DEN,71,1,1460,3.9,7.2,.548,0.0,0.2,.200,3.9,7.0,.560,3.2,4.5,.718,4.0,6.9,10.9,0.8,1.0,4.3,1.7,4.3,11.1,2009
16,Ryan Anderson,PF,20,NJN,66,30,1312,4.4,11.2,.393,1.9,5.2,.365,2.5,6.0,.417,2.7,3.2,.845,2.9,5.7,8.5,1.4,1.2,0.5,1.7,4.3,13.4,2009
17,Carmelo Anthony,SF,24,DEN,66,66,2277,8.5,19.1,.443,1.0,2.7,.371,7.5,16.4,.455,5.9,7.4,.793,1.7,5.4,7.1,3.5,1.2,0.4,3.1,3.1,23.8,2009
18,Joel Anthony,C,26,MIA,65,28,1048,2.0,4.1,.483,0.0,0.0,,2.0,4.1,.483,1.0,1.6,.652,3.1,3.7,6.8,0.9,0.7,3.2,1.4,4.8,4.9,2009
20,Trevor Ariza,SF,23,LAL,82,20,1999,4.9,10.7,.460,1.1,3.4,.319,3.8,7.3,.526,2.2,3.0,.710,2.0,4.3,6.3,2.6,2.5,0.4,1.6,3.0,13.1,2009
21,Hilton Armstrong,C,24,NOH,70,29,1092,4.5,8.1,.561,0.0,0.1,.000,4.5,8.0,.566,2.0,3.2,.633,2.7,3.8,6.4,1.0,0.9,1.5,2.6,6.0,11.1,2009
22,Darrell Arthur,PF,20,MEM,76,64,1464,4.7,10.7,.438,0.0,0.0,.000,4.7,10.7,.440,1.0,1.5,.667,2.7,5.9,8.5,1.1,1.3,1.3,1.2,5.1,10.4,2009
24,D.J. Augustin,PG,21,CHA,72,12,1908,5.0,11.7,.430,2.0,4.6,.439,3.0,7.1,.424,3.9,4.4,.893,0.3,2.2,2.5,4.7,0.8,0.0,2.2,2.6,16.0,2009
25,Kelenna Azubuike,SF,25,GSW,74,51,2375,5.9,12.8,.464,1.4,3.2,.448,4.5,9.6,.469,2.8,3.5,.808,1.7,3.9,5.6,1.8,0.9,0.8,1.4,2.8,16.1,2009
26,Renaldo Balkman,PF,24,DEN,53,10,780,5.1,9.1,.558,0.1,0.3,.286,5.0,8.8,.568,1.9,3.0,.646,4.0,5.4,9.4,1.6,2.2,1.1,1.6,4.5,12.2,2009
28,Leandro Barbosa,SG,26,PHO,70,11,1705,7.7,16.0,.482,1.9,5.1,.375,5.8,11.0,.532,3.6,4.1,.881,0.7,3.1,3.8,3.4,1.7,0.1,2.0,2.4,21.0,2009
29,J.J. Barea,SG,24,DAL,79,15,1600,5.5,12.5,.442,1.2,3.5,.357,4.3,9.1,.474,1.6,2.1,.753,0.8,3.2,4.0,6.1,0.8,0.1,2.4,2.7,13.9,2009
30,Andrea Bargnani,PF,23,TOR,78,59,2453,6.3,14.1,.450,1.7,4.3,.409,4.6,9.8,.468,3.2,3.9,.831,1.0,5.1,6.1,1.4,0.5,1.4,2.0,3.6,17.6,2009
31,Matt Barnes,PF,28,PHO,77,40,2082,4.9,11.7,.423,2.0,5.9,.343,2.9,5.8,.505,1.7,2.4,.743,1.4,5.9,7.3,3.7,0.9,0.4,2.2,3.6,13.6,2009
32,Brent Barry,SG,37,HOU,56,1,857,2.9,7.2,.407,2.1,5.5,.374,0.9,1.7,.512,0.8,0.8,.950,0.7,3.2,3.9,3.3,1.0,0.1,2.0,1.9,8.7,2009
33,Brandon Bass,C,23,DAL,81,0,1574,5.8,11.6,.496,0.0,0.1,.000,5.8,11.5,.502,4.2,4.8,.867,3.0,5.4,8.4,1.0,0.6,1.3,2.0,3.2,15.7,2009
35,Tony Battie,PF,32,ORL,77,3,1202,4.7,9.7,.489,0.1,0.3,.222,4.7,9.4,.497,1.6,2.5,.659,2.8,5.6,8.3,0.9,0.8,0.7,1.4,3.4,11.1,2009
36,Shane Battier,SG,30,HOU,60,59,2031,2.6,6.3,.410,1.6,4.2,.384,1.0,2.1,.462,1.0,1.2,.821,0.9,4.1,5.1,2.4,0.9,1.0,0.9,2.0,7.7,2009
37,Nicolas Batum,SF,20,POR,79,76,1454,4.0,8.9,.446,1.5,4.2,.369,2.5,4.8,.513,1.0,1.3,.808,2.1,3.4,5.4,1.8,1.2,1.0,1.2,3.4,10.5,2009
38,Jerryd Bayless,PG,20,POR,53,0,655,3.8,10.4,.365,0.4,1.5,.259,3.4,8.9,.383,4.6,5.7,.806,0.4,2.7,3.1,4.3,0.9,0.1,3.1,4.5,12.5,2009
39,Michael Beasley,PF,20,MIA,81,19,2009,8.1,17.1,.472,0.6,1.5,.407,7.5,15.7,.478,3.3,4.3,.772,2.0,5.9,7.9,1.5,0.7,0.7,2.2,3.3,20.1,2009
40,Marco Belinelli,SG,22,GSW,42,23,882,5.7,12.9,.442,2.1,5.3,.397,3.6,7.6,.473,1.6,2.1,.769,0.4,2.5,2.9,3.6,1.5,0.0,2.4,3.0,15.2,2009
41,Charlie Bell,SG,29,MIL,70,23,1783,4.4,10.6,.414,1.8,4.8,.363,2.6,5.7,.458,1.3,1.6,.825,0.6,2.1,2.7,3.0,1.0,0.1,1.5,2.8,11.9,2009
42,Raja Bell,SG,32,TOT,67,66,2315,4.6,10.6,.437,1.8,4.2,.421,2.9,6.4,.448,1.4,1.6,.853,0.6,3.1,3.8,2.2,0.8,0.1,1.3,2.6,12.4,2009
43,Mike Bibby,PG,30,ATL,79,79,2740,5.7,13.2,.435,2.2,5.6,.390,3.5,7.6,.468,1.8,2.2,.789,0.5,3.2,3.7,5.2,1.3,0.1,1.7,1.9,15.5,2009
44,Andris Biedriņš,C,22,GSW,62,58,1863,6.0,10.3,.578,0.0,0.0,.000,6.0,10.3,.579,2.3,4.2,.551,4.3,9.1,13.4,2.3,1.2,1.9,2.1,4.6,14.2,2009
45,Chauncey Billups,PG,32,TOT,79,79,2789,5.3,12.6,.418,2.1,5.1,.408,3.2,7.5,.425,5.4,5.9,.913,0.4,2.7,3.1,6.5,1.2,0.2,2.3,2.1,18.1,2009
46,Steve Blake,PG,28,POR,69,69,2188,4.6,10.6,.428,2.3,5.4,.427,2.3,5.2,.429,1.0,1.2,.840,0.5,2.4,2.8,5.7,1.1,0.1,1.8,2.1,12.5,2009
47,Andray Blatche,C,22,WAS,71,36,1703,6.3,13.3,.471,0.1,0.4,.238,6.2,12.9,.479,2.4,3.4,.704,2.7,5.3,8.0,2.5,1.1,1.6,2.5,4.5,15.1,2009
49,Keith Bogans,SG,28,TOT,65,15,1272,3.4,9.2,.367,2.1,6.2,.339,1.3,3.0,.425,1.5,1.6,.912,0.9,4.8,5.7,1.8,1.2,0.1,1.2,3.0,10.3,2009
51,Matt Bonner,PF,28,SAS,81,67,1928,5.0,10.0,.496,2.2,5.0,.440,2.8,5.0,.552,0.3,0.4,.739,1.8,5.4,7.2,1.5,0.9,0.5,0.7,3.5,12.5,2009
52,Josh Boone,C,24,NJN,62,7,995,4.1,7.7,.528,0.0,0.0,,4.1,7.7,.528,1.2,3.1,.376,3.8,5.6,9.3,1.1,0.8,1.7,1.1,3.8,9.3,2009
55,Chris Bosh*,C,24,TOR,77,77,2928,7.6,15.5,.487,0.1,0.6,.245,7.4,14.9,.497,6.2,7.6,.817,2.6,6.8,9.5,2.3,0.8,0.9,2.1,2.3,21.5,2009
56,Bruce Bowen,SF,37,SAS,80,10,1506,1.9,4.5,.422,1.0,2.3,.429,0.9,2.1,.416,0.3,0.6,.538,0.4,3.1,3.5,1.0,0.9,0.3,0.6,2.9,5.1,2009
60,Ronnie Brewer,SF,23,UTA,81,80,2605,5.8,11.4,.508,0.3,1.2,.259,5.5,10.3,.537,3.4,4.9,.702,1.4,2.8,4.1,2.5,1.9,0.4,1.5,1.8,15.4,2009
61,Aaron Brooks,PG,24,HOU,80,35,1998,5.7,14.1,.404,2.0,5.6,.366,3.7,8.5,.428,2.7,3.1,.866,0.6,2.2,2.8,4.3,0.8,0.1,2.3,2.7,16.1,2009
63,Bobby Brown,SG-PG,24,TOT,68,2,931,5.5,13.9,.392,1.7,5.0,.346,3.7,8.9,.417,1.3,1.7,.791,0.5,1.5,2.0,4.5,0.8,0.1,2.4,3.7,14.0,2009
65,Devin Brown,SG,30,NOH,63,5,869,4.6,13.0,.355,1.2,4.0,.289,3.4,8.9,.384,3.2,4.1,.780,1.3,3.6,4.9,2.2,1.3,0.2,2.2,3.4,13.6,2009
66,Kwame Brown,C,26,DET,58,30,999,3.2,6.1,.533,0.0,0.0,,3.2,6.1,.533,2.3,4.4,.516,3.3,7.2,10.5,1.2,0.9,0.9,1.8,5.0,8.8,2009
67,Shannon Brown,SG,23,TOT,48,0,477,5.9,12.5,.473,1.1,2.8,.378,4.8,9.7,.500,2.4,2.9,.821,0.8,2.5,3.3,2.9,1.7,0.5,2.9,3.2,15.2,2009
68,Kobe Bryant*,SG,30,LAL,82,82,2960,9.7,20.8,.467,1.4,4.1,.351,8.3,16.7,.496,5.9,6.9,.856,1.1,4.1,5.2,4.9,1.5,0.5,2.6,2.3,26.8,2009
69,Greg Buckner,SF,32,MEM,63,0,878,2.5,6.5,.384,0.5,2.1,.255,2.0,4.4,.444,0.8,1.0,.800,1.3,4.0,5.3,2.3,1.2,0.3,1.6,4.4,6.4,2009
70,Caron Butler,SG,28,WAS,67,67,2585,6.8,15.1,.453,0.9,2.9,.310,5.9,12.2,.487,4.8,5.6,.858,1.6,4.1,5.8,4.0,1.5,0.3,2.9,2.3,19.4,2009
71,Rasual Butler,SF,29,NOH,82,74,2614,4.8,11.1,.433,1.9,4.9,.390,2.9,6.1,.468,1.2,1.5,.782,0.7,3.1,3.7,1.0,0.7,0.8,0.8,2.2,12.7,2009
72,Andrew Bynum,C,21,LAL,50,50,1446,7.0,12.5,.560,0.0,0.0,,7.0,12.5,.560,3.8,5.4,.707,3.4,6.5,9.9,1.8,0.4,2.2,2.1,3.9,17.8,2009
73,Will Bynum,PG,26,DET,57,1,803,7.0,15.3,.456,0.1,0.9,.158,6.9,14.5,.474,4.3,5.3,.798,0.9,2.5,3.4,7.0,1.5,0.1,3.4,3.8,18.4,2009
74,José Calderón,PG,27,TOR,68,68,2333,4.9,9.9,.497,1.3,3.1,.406,3.7,6.8,.538,2.3,2.4,.981,0.2,2.7,3.0,9.4,1.1,0.1,2.2,1.8,13.5,2009
75,Marcus Camby,C,34,LAC,62,55,1925,4.8,9.3,.512,0.0,0.1,.250,4.7,9.2,.514,2.5,3.4,.725,3.0,9.9,12.9,2.4,1.0,2.5,1.7,2.4,12.0,2009
76,Brian Cardinal,PF,31,MIN,64,4,909,2.6,6.7,.385,1.2,3.6,.326,1.4,3.0,.455,1.2,1.4,.857,1.5,4.1,5.6,3.0,1.5,0.5,1.9,5.3,7.5,2009
77,Rodney Carney,SG,24,MIN,67,6,1199,5.3,12.7,.416,2.4,6.8,.350,2.9,5.9,.492,1.5,2.0,.758,1.1,2.7,3.8,0.8,1.4,0.9,1.3,2.8,14.4,2009
78,Matt Carroll,SG,28,TOT,55,10,616,3.8,10.0,.380,0.8,3.1,.245,3.0,6.9,.441,1.2,1.5,.840,0.4,3.6,4.0,1.6,1.2,0.4,1.9,3.9,9.6,2009
79,Anthony Carter,PG,33,DEN,78,5,1787,3.4,7.8,.433,0.4,1.8,.239,2.9,6.0,.490,1.1,1.6,.731,0.8,3.3,4.1,7.3,1.9,0.3,3.1,2.9,8.3,2009
80,Vince Carter,SG,32,NJN,80,80,2946,7.2,16.4,.437,1.8,4.8,.385,5.3,11.6,.459,4.1,5.0,.817,0.9,4.1,5.0,4.6,1.0,0.5,2.0,2.9,20.3,2009
81,Mario Chalmers,PG,22,MIA,82,82,2626,3.8,9.1,.420,1.6,4.3,.367,2.2,4.8,.467,2.0,2.6,.767,0.5,2.6,3.1,5.5,2.2,0.1,2.3,3.3,11.2,2009
82,Tyson Chandler,C,26,NOH,45,45,1445,4.0,7.1,.565,0.0,0.0,,4.0,7.1,.565,1.9,3.3,.579,4.1,5.7,9.8,0.5,0.4,1.4,1.7,3.6,9.9,2009
83,Wilson Chandler,SF,21,NYK,82,70,2735,6.0,13.9,.432,1.4,4.1,.328,4.6,9.7,.476,2.3,2.8,.795,1.2,4.7,5.9,2.2,0.9,1.0,1.8,3.3,15.6,2009
87,Mardy Collins,PG-SG,24,TOT,48,14,890,4.2,10.0,.425,0.5,1.3,.419,3.7,8.7,.426,1.1,1.9,.609,1.3,3.1,4.3,4.5,1.3,0.4,2.3,3.2,10.2,2009
88,Nick Collison,C,28,OKC,71,40,1831,4.8,8.4,.568,0.0,0.0,.000,4.8,8.4,.570,1.9,2.7,.721,3.6,6.1,9.6,1.3,1.0,1.0,1.4,4.7,11.5,2009
89,Mike Conley,PG,21,MEM,82,61,2508,4.6,10.5,.442,1.3,3.1,.406,3.4,7.4,.458,2.3,2.8,.817,0.4,3.6,4.0,5.1,1.3,0.1,2.1,2.1,12.8,2009
91,Daequan Cook,SF,21,MIA,75,4,1833,4.8,12.7,.375,3.0,7.8,.387,1.7,4.9,.356,1.0,1.1,.875,0.4,3.3,3.7,1.4,0.8,0.2,0.8,2.5,13.5,2009
92,Jamal Crawford,PG-SG,28,TOT,65,65,2479,6.1,14.8,.410,2.1,5.7,.360,4.0,9.1,.441,4.4,5.0,.872,0.3,2.5,2.8,4.2,0.8,0.2,2.1,1.3,18.6,2009
94,Javaris Crittenton,PG-SG,21,TOT,63,10,1174,4.0,8.7,.460,0.1,0.5,.133,4.0,8.3,.478,1.6,2.8,.576,1.7,3.3,5.1,4.6,1.2,0.2,2.5,3.1,9.7,2009
97,Samuel Dalembert,C,27,PHI,82,82,2036,3.8,7.7,.498,0.0,0.0,.000,3.8,7.6,.500,1.6,2.2,.734,3.8,8.6,12.4,0.3,0.6,2.6,2.1,4.4,9.2,2009
98,Erick Dampier,C,33,DAL,80,80,1836,3.6,5.5,.650,0.0,0.0,,3.6,5.5,.650,1.8,2.8,.638,4.2,6.8,11.1,1.5,0.5,1.9,1.5,3.7,8.9,2009
99,Antonio Daniels,PG,33,TOT,74,9,1021,3.5,8.3,.419,0.8,2.1,.367,2.7,6.2,.438,2.8,3.5,.800,0.2,2.5,2.7,6.2,0.9,0.0,2.2,1.9,10.6,2009
100,Marquis Daniels,SF,28,IND,54,43,1700,6.6,14.6,.451,0.4,1.9,.200,6.2,12.7,.489,2.0,2.7,.721,1.7,3.6,5.3,2.4,1.3,0.6,2.0,2.5,15.5,2009
102,Baron Davis,PG,29,LAC,65,60,2248,5.7,15.4,.370,1.6,5.3,.302,4.1,10.1,.406,2.5,3.4,.757,0.7,3.1,3.8,8.0,1.7,0.6,3.1,3.1,15.5,2009
103,Glen Davis,C,23,BOS,76,16,1637,4.4,9.9,.442,0.0,0.1,.400,4.3,9.8,.443,2.9,3.9,.730,2.7,4.0,6.6,1.5,1.2,0.4,1.6,5.1,11.7,2009
106,Luol Deng,SF,23,CHI,49,46,1665,5.7,12.8,.448,0.2,0.4,.400,5.6,12.3,.450,3.3,4.1,.796,1.7,4.6,6.4,2.0,1.3,0.5,1.6,1.8,14.9,2009
107,Boris Diaw,PF,26,TOT,81,59,2754,5.9,11.6,.507,1.0,2.4,.414,4.9,9.2,.531,1.3,1.9,.687,1.5,4.1,5.6,4.4,0.8,0.7,2.8,2.6,14.0,2009
108,Yakhouba Diawara,SF,26,MIA,63,21,851,3.2,9.2,.350,2.2,6.9,.313,1.1,2.3,.463,0.4,0.8,.526,1.1,2.4,3.5,1.1,0.5,0.3,0.7,3.2,9.0,2009
109,Travis Diener,PG,26,IND,55,0,719,3.7,9.0,.413,2.3,5.9,.390,1.4,3.1,.459,0.6,0.8,.800,0.3,4.0,4.3,6.1,1.3,0.3,1.1,2.1,10.3,2009
111,DeSagana Diop,C,27,TOT,75,1,1036,2.6,5.9,.433,0.0,0.0,,2.6,5.9,.433,0.8,2.3,.333,4.0,5.5,9.5,1.1,1.0,1.9,1.4,4.4,5.9,2009
112,Juan Dixon,PG,30,WAS,50,6,816,4.5,11.3,.395,1.1,3.3,.333,3.4,8.0,.420,1.5,1.7,.872,0.4,2.6,3.0,5.2,1.5,0.3,3.1,3.3,11.5,2009
113,Keyon Dooling,PG,28,NJN,77,18,2074,4.5,10.4,.436,1.7,4.1,.421,2.8,6.3,.446,2.2,2.7,.825,0.4,2.3,2.7,4.7,1.2,0.1,1.8,2.3,13.0,2009
116,Chris Douglas-Roberts,SG,22,NJN,44,3,585,5.0,10.8,.460,0.2,0.7,.250,4.8,10.1,.476,3.1,3.8,.823,0.9,2.2,3.1,3.2,0.7,0.4,1.9,2.1,13.3,2009
117,Goran Dragić,PG,22,PHO,55,1,728,4.4,11.1,.393,1.0,2.7,.370,3.4,8.4,.400,2.5,3.2,.769,1.6,3.5,5.1,5.5,1.4,0.1,3.6,4.3,12.2,2009
118,Jared Dudley,SF,23,TOT,68,7,1155,4.2,8.9,.477,0.9,2.3,.392,3.3,6.6,.507,2.2,3.3,.676,2.6,3.8,6.4,1.7,1.8,0.2,1.3,3.3,11.6,2009
119,Chris Duhon,PG,26,NYK,79,78,2906,3.6,8.4,.421,1.6,4.0,.391,2.0,4.4,.449,2.2,2.6,.856,0.6,2.5,3.0,7.0,0.9,0.1,2.7,1.6,10.9,2009
120,Tim Duncan*,C,32,SAS,75,75,2524,8.0,15.8,.504,0.0,0.0,.000,8.0,15.8,.505,4.8,6.9,.692,2.9,8.5,11.4,3.8,0.5,1.8,2.4,2.5,20.7,2009
122,Kevin Durant,SF,20,OKC,74,74,2885,8.2,17.3,.476,1.2,2.9,.422,7.0,14.5,.486,5.6,6.5,.863,1.0,5.1,6.0,2.6,1.2,0.7,2.8,1.7,23.3,2009
124,Francisco Elson,C,32,MIL,59,23,977,3.1,6.2,.491,0.0,0.1,.250,3.0,6.1,.497,1.2,1.4,.846,3.7,4.8,8.4,1.2,1.3,1.3,1.8,5.3,7.4,2009
126,Maurice Evans,SF,30,ATL,80,25,1840,4.1,9.4,.432,1.9,4.9,.395,2.2,4.6,.470,1.2,1.4,.822,1.7,3.0,4.8,1.1,1.0,0.2,0.8,3.2,11.2,2009
127,Reggie Evans,PF,28,PHI,79,7,1137,2.5,5.6,.444,0.0,0.0,.000,2.5,5.6,.446,3.3,5.5,.594,4.3,7.2,11.4,0.8,1.3,0.3,2.2,5.1,8.3,2009
128,Jordan Farmar,PG,22,LAL,65,0,1192,4.9,12.4,.391,1.5,4.4,.336,3.4,8.0,.421,1.4,2.3,.584,0.7,2.9,3.5,4.7,1.7,0.3,2.6,3.2,12.6,2009
130,Raymond Felton,PG,24,CHA,82,81,3086,5.2,12.6,.408,0.7,2.4,.285,4.5,10.2,.437,2.6,3.2,.805,0.6,3.0,3.6,6.5,1.5,0.3,2.7,2.2,13.6,2009
131,Rudy Fernández,SG,23,POR,78,4,1993,4.8,11.4,.425,2.9,7.2,.399,2.0,4.2,.470,2.2,2.6,.839,0.8,2.9,3.7,2.9,1.2,0.2,1.6,2.0,14.7,2009
133,Michael Finley,SF,35,SAS,81,77,2336,4.6,10.6,.437,2.0,4.9,.411,2.6,5.7,.459,0.8,1.0,.823,0.4,3.8,4.2,1.8,0.6,0.3,0.9,1.3,12.1,2009
134,Derek Fisher,PG,34,LAL,82,82,2441,4.3,10.1,.424,1.8,4.5,.397,2.5,5.7,.446,1.6,1.9,.846,0.4,2.4,2.8,3.8,1.4,0.1,1.1,2.8,12.0,2009
135,T.J. Ford,PG,25,IND,74,49,2258,6.6,14.6,.452,0.6,1.7,.337,6.0,12.9,.467,3.9,4.5,.872,0.9,3.2,4.1,6.2,1.4,0.3,2.9,2.9,17.6,2009
136,Jeff Foster,C,32,IND,74,26,1828,3.5,7.0,.501,0.0,0.1,.286,3.4,6.8,.506,1.9,2.9,.658,4.2,5.8,10.0,2.6,1.0,1.0,1.7,4.5,8.9,2009
137,Randy Foye,SG,25,MIN,70,61,2494,5.8,14.2,.407,1.6,4.4,.360,4.2,9.7,.428,3.3,3.9,.846,0.5,2.6,3.1,4.4,1.0,0.4,2.2,2.9,16.4,2009
139,Channing Frye,PF,25,POR,63,1,746,5.5,12.9,.423,0.5,1.6,.333,4.9,11.3,.436,1.3,1.7,.722,2.0,4.8,6.8,1.2,0.8,0.8,1.4,5.1,12.7,2009
140,Dan Gadzuric,C,30,MIL,67,26,941,4.5,9.3,.480,0.0,0.1,.000,4.5,9.3,.483,1.4,2.6,.544,3.6,6.1,9.8,1.5,1.2,1.6,1.6,6.2,10.4,2009
142,Francisco García,SF,27,SAC,65,36,1975,5.4,12.1,.444,1.6,4.0,.398,3.8,8.1,.466,2.7,3.2,.820,1.0,3.0,4.0,2.7,1.5,1.2,2.0,3.6,15.0,2009
144,Kevin Garnett*,PF,32,BOS,57,57,1772,8.0,15.0,.531,0.0,0.2,.250,7.9,14.9,.534,2.3,2.7,.841,1.6,8.3,9.9,2.9,1.3,1.4,1.8,2.6,18.3,2009
145,Marc Gasol,C,24,MEM,82,75,2521,5.0,9.4,.530,0.0,0.0,.000,5.0,9.4,.530,3.9,5.4,.733,2.9,5.8,8.6,2.0,0.9,1.3,2.3,3.8,13.9,2009
146,Pau Gasol,C,28,LAL,81,81,2999,7.1,12.5,.567,0.0,0.0,.500,7.1,12.5,.567,4.1,5.3,.781,3.1,6.2,9.4,3.4,0.6,1.0,1.9,2.1,18.3,2009
147,Rudy Gay,SF,22,MEM,79,78,2945,7.0,15.4,.453,1.0,3.0,.351,6.0,12.5,.477,3.2,4.2,.767,1.3,4.0,5.3,1.7,1.2,0.7,2.5,2.7,18.3,2009
148,Devean George,SF,31,DAL,43,17,708,2.7,7.2,.380,1.1,3.9,.289,1.6,3.4,.485,0.9,1.1,.773,1.3,2.7,4.0,0.8,1.2,0.6,0.9,2.9,7.5,2009
149,Daniel Gibson,PG,22,CLE,75,0,1795,4.1,10.6,.391,2.2,5.7,.382,2.0,4.9,.402,1.3,1.7,.767,0.6,2.5,3.1,2.6,0.9,0.3,1.2,3.3,11.8,2009
152,Manu Ginóbili*,SG,31,SAS,44,7,1181,6.8,15.0,.454,2.1,6.4,.330,4.7,8.6,.546,5.1,5.8,.884,0.7,5.3,6.0,4.8,2.0,0.5,2.7,2.7,20.8,2009
153,Ryan Gomes,SF,26,MIN,82,76,2614,5.8,13.4,.431,1.5,3.9,.372,4.3,9.5,.456,2.0,2.5,.807,1.5,3.9,5.4,1.9,0.9,0.3,1.8,2.5,15.0,2009
154,Drew Gooden,PF,27,TOT,51,28,1264,6.8,14.4,.468,0.0,0.1,.000,6.8,14.3,.472,3.7,4.4,.840,3.2,7.1,10.3,1.4,0.9,0.5,2.2,4.1,17.2,2009
155,Ben Gordon,SG,25,CHI,82,76,2999,7.2,15.8,.455,2.1,5.1,.410,5.1,10.7,.476,4.0,4.6,.864,0.6,2.8,3.4,3.3,0.9,0.3,2.4,2.2,20.4,2009
156,Eric Gordon,SG,20,LAC,78,65,2677,5.5,12.1,.456,1.8,4.5,.389,3.8,7.6,.496,4.0,4.7,.854,0.6,2.1,2.7,2.9,1.0,0.5,2.2,2.3,16.8,2009
157,Marcin Gortat,PF,24,ORL,63,3,794,4.8,8.5,.567,0.0,0.0,1.000,4.8,8.4,.565,1.2,2.0,.578,4.4,8.6,13.0,0.6,0.8,2.4,1.1,5.0,10.8,2009
158,Joey Graham,SF,26,TOR,78,10,1541,5.4,11.2,.481,0.1,0.4,.188,5.3,10.8,.491,3.1,3.7,.825,2.2,4.6,6.8,1.1,0.8,0.3,1.7,4.5,13.9,2009
159,Stephen Graham,SG,26,IND,52,6,684,5.6,13.5,.414,1.1,3.5,.303,4.5,10.0,.453,2.6,3.3,.806,1.1,3.9,5.1,1.7,0.5,0.2,2.4,4.3,14.8,2009
160,Danny Granger,SF,25,IND,67,66,2424,8.5,19.0,.447,2.7,6.7,.404,5.8,12.3,.470,6.0,6.8,.878,0.7,4.3,5.1,2.7,1.0,1.4,2.5,3.1,25.7,2009
161,Aaron Gray,C,24,CHI,56,18,715,4.1,8.4,.485,0.0,0.1,.000,4.1,8.4,.488,1.7,3.0,.576,4.2,6.8,11.1,2.3,0.7,0.9,2.0,6.8,9.9,2009
163,Jeff Green,PF,22,OKC,78,78,2873,6.0,13.4,.446,1.2,3.1,.389,4.8,10.3,.463,3.0,3.8,.788,1.5,5.0,6.5,1.9,1.0,0.4,2.2,2.5,16.2,2009
164,Willie Green,SG,27,PHI,81,60,1828,5.6,13.0,.435,1.0,3.2,.317,4.6,9.8,.473,1.2,1.7,.729,0.6,1.9,2.5,3.1,1.0,0.3,1.3,3.0,13.5,2009
165,Donté Greene,SF,20,SAC,55,4,725,3.8,11.7,.326,1.3,5.0,.260,2.5,6.8,.375,1.4,1.7,.853,0.9,3.3,4.3,1.5,0.8,0.7,1.8,3.4,10.4,2009
168,Richard Hamilton,SG,30,DET,67,51,2279,7.4,16.5,.447,1.1,3.0,.368,6.3,13.5,.464,3.5,4.2,.848,0.7,2.6,3.3,4.7,0.6,0.1,2.1,2.8,19.4,2009
169,Matt Harpring,SG,32,UTA,63,2,693,5.8,12.5,.461,0.0,0.1,.000,5.8,12.4,.464,2.9,3.7,.764,2.4,3.9,6.4,1.5,1.5,0.5,1.5,5.3,14.4,2009
170,Al Harrington,PF,28,TOT,73,56,2546,7.5,17.1,.439,2.4,6.6,.364,5.1,10.5,.487,3.3,4.2,.793,1.4,5.0,6.4,1.4,1.2,0.3,2.3,3.2,20.8,2009
171,Devin Harris,PG,25,NJN,69,69,2494,6.6,15.0,.438,0.9,3.2,.291,5.6,11.8,.477,7.2,8.7,.820,0.4,2.9,3.3,6.9,1.6,0.2,3.1,2.4,21.2,2009
173,Udonis Haslem,PF,28,MIA,75,75,2560,4.7,9.0,.518,0.0,0.0,,4.7,9.0,.518,1.8,2.4,.753,2.4,6.3,8.7,1.2,0.6,0.4,1.2,2.9,11.2,2009
174,Trenton Hassell,SF,29,NJN,53,31,1094,2.8,6.3,.450,0.1,0.3,.250,2.8,6.0,.459,0.7,0.8,.800,1.6,3.2,4.8,1.7,0.7,0.5,1.0,3.0,6.4,2009
175,Spencer Hawes,C,20,SAC,77,51,2259,5.9,12.7,.466,0.6,1.8,.348,5.3,10.9,.486,1.4,2.2,.662,2.4,6.4,8.7,2.4,0.7,1.5,2.5,4.0,14.0,2009
176,Chuck Hayes,C,25,HOU,71,1,858,1.8,4.7,.372,0.0,0.2,.000,1.8,4.6,.385,0.3,0.8,.368,3.1,7.4,10.5,1.8,1.4,0.8,1.0,5.6,3.8,2009
177,Jarvis Hayes,SF,27,NJN,74,1,1832,5.1,11.3,.445,1.8,4.8,.385,3.2,6.5,.489,0.7,1.0,.692,0.5,4.7,5.2,1.1,1.0,0.1,1.0,3.2,12.7,2009
180,Walter Herrmann,SF,29,DET,59,0,630,4.7,11.8,.396,2.3,6.9,.342,2.3,5.0,.471,1.1,1.4,.760,1.6,4.5,6.1,1.3,0.4,0.2,1.0,2.5,12.8,2009
181,Roy Hibbert,C,22,IND,70,42,1009,7.1,15.0,.471,0.0,0.0,,7.1,15.0,.471,3.5,5.2,.667,4.1,4.6,8.7,1.7,0.7,2.7,2.0,7.7,17.6,2009
182,J.J. Hickson,C,20,CLE,62,0,705,5.1,9.9,.515,0.0,0.0,,5.1,9.9,.515,2.3,3.4,.672,2.7,5.8,8.4,0.5,0.7,1.5,2.3,4.1,12.5,2009
183,Nenê,C,26,DEN,77,76,2510,6.1,10.2,.604,0.0,0.1,.200,6.1,10.1,.607,3.8,5.3,.723,2.6,6.0,8.6,1.5,1.4,1.4,2.1,4.0,16.1,2009
184,George Hill,PG,22,SAS,77,7,1270,4.3,10.5,.403,0.7,2.1,.329,3.6,8.5,.421,3.2,4.1,.781,0.9,3.6,4.5,3.9,1.3,0.6,2.1,4.3,12.4,2009
185,Grant Hill*,SF,36,PHO,82,68,2445,5.7,11.0,.523,0.4,1.1,.316,5.4,9.9,.547,2.7,3.3,.808,0.9,5.0,6.0,2.7,1.3,0.8,1.9,2.7,14.5,2009
187,Kirk Hinrich,SG,28,CHI,51,4,1339,4.9,11.3,.437,1.9,4.5,.408,3.1,6.7,.456,1.8,2.3,.791,0.4,2.9,3.3,5.3,1.8,0.5,2.3,3.4,13.5,2009
188,Ryan Hollins,C,24,TOT,45,3,444,4.1,7.6,.532,0.0,0.0,,4.1,7.6,.532,3.5,5.8,.597,3.7,4.1,7.9,0.6,0.6,2.6,1.9,6.3,11.6,2009
189,Al Horford,C,22,ATL,67,67,2242,5.0,9.5,.525,0.0,0.0,.000,5.0,9.5,.526,2.4,3.3,.727,2.3,7.7,10.0,2.6,0.9,1.5,1.7,3.1,12.4,2009
190,Eddie House,PG,30,BOS,81,0,1479,6.1,13.6,.445,3.7,8.3,.444,2.4,5.4,.445,1.0,1.3,.792,0.3,3.6,3.8,2.2,1.5,0.2,1.3,2.8,16.8,2009
191,Dwight Howard,C,23,ORL,79,79,2821,7.1,12.5,.572,0.0,0.0,.000,7.1,12.5,.573,6.4,10.8,.594,4.3,9.7,13.9,1.4,1.0,2.9,3.1,3.4,20.7,2009
192,Josh Howard,SF,28,DAL,52,51,1663,7.6,17.0,.451,1.3,3.6,.345,6.4,13.3,.480,3.7,4.8,.782,1.3,4.4,5.7,1.8,1.2,0.6,1.9,2.9,20.3,2009
193,Juwan Howard,SF-PF,35,TOT,42,2,472,5.7,11.2,.510,0.0,0.0,,5.7,11.2,.510,1.8,2.6,.676,2.3,3.5,5.8,2.0,0.5,0.5,2.0,5.4,13.2,2009
194,Larry Hughes,SF-SG,30,TOT,55,20,1479,5.5,13.6,.402,1.8,4.7,.389,3.6,8.9,.409,2.8,3.5,.807,0.4,3.5,3.9,2.9,1.8,0.3,1.7,2.3,15.6,2009
198,Andre Iguodala,SF,25,PHI,82,82,3269,6.0,12.6,.473,0.9,2.9,.307,5.1,9.8,.521,4.2,5.7,.724,1.0,4.2,5.2,4.8,1.4,0.4,2.4,1.7,17.0,2009
199,Zydrunas Ilgauskas,C,33,CLE,65,65,1765,7.0,14.8,.472,0.3,0.8,.385,6.7,14.0,.477,2.8,3.5,.799,3.2,6.8,10.0,1.3,0.6,1.7,1.8,3.7,17.1,2009
201,Allen Iverson*,PG-SG,33,TOT,57,53,2093,6.0,14.3,.417,0.5,1.7,.283,5.5,12.6,.435,4.7,6.0,.781,0.5,2.5,3.0,4.9,1.5,0.1,2.5,1.5,17.1,2009
202,Royal Ivey,SG,27,PHI,71,0,861,2.9,8.7,.332,1.6,4.8,.342,1.3,3.9,.319,1.4,1.8,.791,0.8,2.4,3.2,1.8,1.5,0.3,1.0,3.2,8.8,2009
203,Jarrett Jack,SG,25,IND,82,53,2716,5.1,11.3,.453,1.0,2.9,.353,4.1,8.4,.487,3.0,3.5,.852,0.6,3.1,3.7,4.5,1.2,0.2,2.4,2.4,14.2,2009
204,Bobby Jackson,PG,35,SAC,71,10,1484,4.7,11.8,.398,1.5,4.8,.305,3.2,7.0,.462,2.1,2.5,.851,1.0,3.8,4.9,3.5,1.5,0.1,1.6,2.4,12.9,2009
205,Darnell Jackson,PF,23,CLE,51,2,430,3.1,7.2,.430,0.0,0.2,.000,3.1,7.0,.440,2.0,2.9,.686,2.7,4.6,7.3,0.7,0.8,0.3,1.2,6.4,8.2,2009
206,Stephen Jackson,SF,30,GSW,59,59,2339,6.4,15.3,.414,1.6,4.7,.338,4.8,10.7,.448,4.5,5.5,.826,1.1,3.6,4.7,5.9,1.4,0.5,3.5,2.4,18.8,2009
208,LeBron James,SF,24,CLE,81,81,3054,9.3,19.0,.489,1.6,4.5,.344,7.7,14.5,.535,7.0,9.0,.780,1.2,6.0,7.2,6.9,1.6,1.1,2.8,1.6,27.2,2009
209,Mike James,PG,33,TOT,61,50,1649,4.3,11.2,.383,1.5,4.0,.375,2.8,7.2,.388,1.5,1.8,.829,0.5,2.4,2.9,4.4,1.0,0.1,2.1,2.4,11.6,2009
210,Antawn Jamison,PF,32,WAS,81,81,3096,7.8,16.8,.468,1.3,3.7,.351,6.5,13.0,.501,4.0,5.3,.754,2.3,6.1,8.4,1.8,1.1,0.3,1.5,2.5,20.9,2009
211,Marko Jarić,SG,30,MEM,53,0,605,2.9,8.6,.331,0.7,1.7,.393,2.2,7.0,.316,1.7,2.4,.707,1.4,2.5,3.9,4.4,1.7,0.7,2.9,3.7,8.1,2009
213,Al Jefferson,C,24,MIN,50,50,1836,9.5,19.1,.497,0.0,0.1,.000,9.5,19.0,.499,3.6,4.9,.738,3.4,7.4,10.7,1.5,0.8,1.6,1.8,2.8,22.7,2009
215,Richard Jefferson,SF,28,MIL,82,82,2939,6.6,15.0,.439,1.4,3.6,.397,5.2,11.4,.453,5.1,6.3,.805,0.7,3.9,4.6,2.4,0.8,0.2,2.0,3.1,19.7,2009
216,Jared Jeffries,SF,27,NYK,56,36,1310,3.3,7.5,.440,0.0,0.3,.083,3.3,7.2,.456,1.5,2.5,.611,3.5,2.8,6.3,2.2,1.3,0.9,1.8,4.2,8.1,2009
217,Yi Jianlian,PF,21,NJN,61,52,1421,4.8,12.7,.382,1.2,3.5,.343,3.6,9.1,.397,2.4,3.1,.772,1.7,6.6,8.3,1.5,0.7,0.9,1.8,4.0,13.3,2009
218,Amir Johnson,PF,21,DET,62,24,911,3.8,6.4,.595,0.0,0.0,,3.8,6.4,.595,0.9,1.4,.657,4.0,5.1,9.2,0.8,0.8,2.4,1.3,6.8,8.6,2009
219,Anthony Johnson,PG,34,ORL,80,12,1481,3.7,9.3,.404,1.3,3.2,.391,2.5,6.0,.411,1.5,2.0,.753,0.7,2.9,3.6,4.9,1.1,0.1,2.0,2.7,10.2,2009
220,Joe Johnson,SG,27,ATL,79,79,3124,7.1,16.4,.437,1.7,4.8,.360,5.4,11.6,.468,3.4,4.2,.826,0.7,3.2,4.0,5.2,1.0,0.2,2.2,2.0,19.5,2009
223,Dahntay Jones,SG,28,DEN,79,71,1426,3.9,8.5,.458,0.3,0.4,.647,3.6,8.1,.448,2.8,3.8,.728,1.5,2.8,4.2,2.0,1.2,0.5,1.7,5.0,10.8,2009
226,Fred Jones,SF,29,LAC,52,21,1495,3.1,7.6,.407,1.3,3.5,.367,1.8,4.1,.441,1.6,2.0,.815,0.6,2.5,3.0,4.5,1.3,0.3,1.6,2.7,9.1,2009
228,Solomon Jones,C,24,ATL,63,0,675,3.6,5.9,.604,0.1,0.1,.500,3.5,5.8,.606,2.8,3.9,.716,2.8,4.8,7.6,0.8,0.4,1.8,1.4,6.7,10.0,2009
229,DeAndre Jordan,C,20,LAC,53,13,771,4.3,6.9,.633,0.0,0.0,,4.3,6.9,.633,2.0,5.1,.385,3.4,7.7,11.1,0.5,0.5,2.8,1.9,4.5,10.6,2009
231,Jason Kapono,SG,27,TOR,80,12,1831,5.1,11.9,.432,1.9,4.5,.428,3.2,7.4,.435,0.7,0.8,.810,0.5,2.7,3.2,2.1,0.4,0.1,1.4,2.8,12.9,2009
232,Jason Kidd*,PG,35,DAL,81,81,2886,3.2,7.7,.416,1.6,4.0,.406,1.6,3.7,.427,1.1,1.3,.819,1.1,5.2,6.2,8.8,2.0,0.5,2.3,2.1,9.1,2009
233,Tarence Kinsey,SG,24,CLE,50,3,277,4.0,9.0,.449,0.9,2.3,.389,3.1,6.6,.471,4.3,4.9,.868,1.3,3.6,4.9,1.3,1.6,0.0,2.9,4.4,13.3,2009
234,Andrei Kirilenko,PF,27,UTA,67,10,1831,5.0,11.2,.449,0.4,1.4,.274,4.6,9.8,.475,4.8,6.1,.785,1.7,4.6,6.3,3.4,1.6,1.5,2.4,2.5,15.3,2009
235,Linas Kleiza,SF,24,DEN,82,7,1824,5.7,12.7,.447,1.7,5.3,.326,4.0,7.5,.533,2.9,4.0,.725,1.8,4.6,6.5,1.3,0.6,0.3,1.6,3.1,16.0,2009
236,Brevin Knight,PG,33,UTA,74,0,938,2.5,7.3,.349,0.0,0.2,.000,2.5,7.0,.361,1.8,2.5,.750,0.5,2.9,3.4,7.3,2.6,0.2,2.5,3.8,6.9,2009
237,Kyle Korver,SF,27,UTA,78,2,1874,4.7,10.8,.438,2.0,5.1,.386,2.7,5.6,.485,2.2,2.4,.882,0.7,4.3,5.0,2.6,0.9,0.6,1.7,3.3,13.5,2009
238,Kosta Koufos,C,19,UTA,48,7,565,6.0,11.8,.508,0.0,0.0,,6.0,11.8,.508,2.3,3.2,.706,3.2,5.6,8.8,1.3,0.8,2.0,1.7,4.5,14.3,2009
239,Nenad Krstić,C,25,OKC,46,29,1141,6.0,12.8,.469,0.0,0.0,,6.0,12.8,.469,2.0,2.5,.797,2.7,5.3,8.0,0.9,0.7,1.5,1.4,3.6,14.0,2009
241,Carl Landry,PF,25,HOU,69,0,1467,5.9,10.3,.574,0.0,0.1,.333,5.9,10.2,.576,3.9,4.7,.813,3.0,5.4,8.4,1.0,0.6,0.8,1.7,4.1,15.7,2009
242,Acie Law,PG,24,ATL,55,1,560,3.3,8.9,.374,0.6,1.9,.310,2.8,7.1,.391,3.2,3.9,.817,0.4,3.3,3.7,5.5,0.7,0.2,1.9,2.8,10.4,2009
243,Courtney Lee,SG,23,ORL,77,42,1939,4.5,10.0,.450,1.5,3.8,.404,3.0,6.3,.478,1.4,1.7,.830,0.3,3.0,3.3,1.7,1.4,0.3,1.3,2.9,12.0,2009
244,David Lee,C,25,NYK,81,74,2824,6.7,12.1,.549,0.0,0.0,.000,6.7,12.1,.551,3.2,4.2,.755,3.3,8.9,12.1,2.2,1.0,0.3,1.9,3.3,16.5,2009
245,Rashard Lewis,PF,29,ORL,79,79,2859,6.0,13.7,.439,2.8,7.0,.397,3.2,6.7,.482,2.8,3.4,.836,1.2,4.5,5.7,2.6,1.0,0.6,2.0,2.4,17.6,2009
247,Brook Lopez,C,20,NJN,82,75,2501,6.4,12.1,.531,0.0,0.0,.000,6.4,12.1,.532,2.5,3.1,.793,3.2,6.3,9.6,1.2,0.6,2.2,2.1,3.7,15.4,2009
248,Robin Lopez,C,20,PHO,60,7,614,4.2,8.0,.518,0.0,0.1,.000,4.2,8.0,.522,2.8,4.0,.691,3.0,3.9,6.9,0.5,0.6,2.4,1.6,5.7,11.1,2009
249,Kevin Love,C,20,MIN,81,37,2048,5.6,12.1,.459,0.0,0.3,.105,5.5,11.8,.469,4.7,5.9,.789,4.8,8.1,12.9,1.5,0.6,0.9,2.1,3.6,15.8,2009
250,Kyle Lowry,PG,22,TOT,77,21,1679,4.1,9.3,.435,0.5,2.1,.255,3.5,7.2,.488,3.9,4.8,.801,0.6,3.5,4.1,5.9,1.5,0.4,2.5,3.1,12.5,2009
251,Tyronn Lue,PG,31,TOT,44,0,521,4.9,11.2,.438,1.9,4.3,.435,3.0,6.9,.440,1.0,1.3,.737,0.4,2.8,3.2,4.1,0.6,0.0,1.6,3.7,12.6,2009
253,Corey Maggette,PF,29,GSW,51,19,1588,6.6,14.4,.461,0.5,2.2,.253,6.1,12.2,.497,7.8,9.4,.824,1.1,5.3,6.4,2.1,1.0,0.2,2.7,4.4,21.5,2009
254,Jamaal Magloire,C,30,MIA,55,12,709,3.3,6.7,.496,0.0,0.0,,3.3,6.7,.496,1.5,3.0,.483,4.2,7.1,11.3,1.1,0.6,1.3,1.6,6.1,8.1,2009
256,Shawn Marion,SF,30,TOT,69,68,2470,5.6,11.5,.485,0.1,0.8,.189,5.4,10.7,.506,1.7,2.1,.796,2.6,6.0,8.6,2.0,1.3,1.0,1.5,1.9,13.0,2009
257,Sean Marks,C,33,NOH,60,5,838,3.4,7.1,.485,0.1,0.4,.200,3.4,6.7,.503,1.3,1.9,.682,2.7,5.4,8.0,0.6,0.3,1.4,1.5,5.2,8.2,2009
260,Kenyon Martin,PF,31,DEN,66,66,2111,5.4,11.1,.491,0.2,0.6,.368,5.2,10.4,.498,2.0,3.4,.604,1.4,5.4,6.7,2.3,1.6,1.3,1.8,3.4,13.1,2009
261,Kevin Martin,SG,25,SAC,51,46,1947,6.3,15.0,.420,2.1,5.1,.415,4.2,9.9,.423,8.4,9.7,.867,0.5,2.8,3.4,2.6,1.1,0.1,2.7,2.1,23.2,2009
263,Roger Mason,SG,28,SAS,82,71,2496,5.0,11.9,.425,2.4,5.7,.421,2.6,6.2,.428,1.5,1.7,.890,0.2,3.4,3.6,2.5,0.6,0.2,1.4,2.3,14.0,2009
264,Jason Maxiell,C,25,DET,78,4,1408,4.7,8.2,.575,0.0,0.0,.000,4.7,8.2,.577,2.1,4.0,.532,4.3,4.0,8.3,0.6,0.6,1.6,1.2,4.0,11.6,2009
266,O.J. Mayo,SG,21,MEM,82,82,3120,6.5,14.8,.438,1.7,4.4,.384,4.8,10.4,.461,2.8,3.2,.879,0.6,2.9,3.6,3.0,1.0,0.1,2.6,2.4,17.5,2009
267,Luc Mbah a Moute,PF,22,MIL,82,52,2114,3.9,8.4,.462,0.0,0.1,.000,3.9,8.3,.466,2.4,3.3,.729,3.2,5.1,8.3,1.5,1.5,0.8,1.7,3.5,10.1,2009
268,Rashad McCants,SG,24,TOT,58,3,1101,6.3,16.0,.393,2.1,6.2,.333,4.2,9.8,.431,3.5,4.6,.759,0.7,2.9,3.6,2.2,1.5,0.5,2.1,3.4,18.1,2009
269,Antonio McDyess,PF,34,DET,62,30,1866,5.2,10.1,.510,0.0,0.0,,5.2,10.1,.510,1.2,1.7,.698,3.6,8.1,11.7,1.6,0.8,1.0,1.0,3.7,11.5,2009
270,JaVale McGee,C,21,WAS,75,14,1143,6.0,12.2,.494,0.0,0.0,,6.0,12.2,.494,3.4,5.1,.660,3.8,5.5,9.3,0.7,1.0,2.4,1.9,4.9,15.4,2009
272,Dominic McGuire,SF,23,WAS,79,57,2072,2.4,5.6,.432,0.0,0.1,.500,2.4,5.6,.431,1.3,1.8,.725,2.0,5.5,7.4,3.4,1.1,1.3,1.6,2.7,6.2,2009
276,C.J. Miles,SG,21,UTA,72,72,1623,5.7,12.5,.459,1.4,4.0,.352,4.3,8.5,.509,1.7,2.0,.876,1.0,2.7,3.7,2.4,1.0,0.3,1.4,4.1,14.6,2009
278,Darko Miličić,C,23,MEM,61,15,1034,4.8,9.3,.515,0.0,0.0,,4.8,9.3,.515,2.1,3.7,.562,2.9,6.3,9.2,1.2,0.8,1.8,1.7,4.7,11.6,2009
279,Andre Miller,PG,32,PHI,82,82,2976,6.0,12.6,.473,0.2,0.6,.283,5.8,12.0,.483,4.1,4.9,.826,1.5,3.0,4.5,6.5,1.3,0.2,2.4,2.4,16.2,2009
280,Brad Miller,C,32,TOT,70,43,2100,5.0,10.5,.476,0.4,1.0,.411,4.6,9.6,.482,3.8,4.7,.824,2.6,6.8,9.3,4.0,0.9,0.6,2.2,3.8,14.2,2009
281,Mike Miller,SF,28,MIN,73,47,2356,4.0,8.4,.482,1.3,3.4,.378,2.7,4.9,.554,1.7,2.3,.732,1.1,6.3,7.4,5.0,0.5,0.5,2.2,2.1,11.0,2009
282,Paul Millsap,PF,23,UTA,76,38,2290,6.3,11.8,.534,0.0,0.1,.000,6.3,11.7,.537,3.6,5.1,.699,3.9,6.3,10.3,2.2,1.2,1.1,2.0,4.5,16.2,2009
283,Yao Ming*,C,28,HOU,77,77,2589,7.9,14.3,.548,0.0,0.0,1.000,7.9,14.3,.548,5.3,6.1,.866,2.8,7.7,10.6,1.9,0.4,2.1,3.3,3.6,21.1,2009
286,Jamario Moon,SF,28,TOT,80,60,2068,3.9,8.3,.468,1.1,3.2,.355,2.7,5.1,.540,1.2,1.4,.850,1.0,5.3,6.4,1.7,1.5,1.0,0.7,2.3,10.0,2009
287,Mikki Moore,PF-C,33,TOT,70,20,1202,3.4,6.2,.553,0.0,0.0,,3.4,6.2,.553,1.4,1.8,.787,2.3,5.5,7.7,1.6,0.5,0.6,1.4,6.2,8.3,2009
289,Adam Morrison,SF,24,TOT,52,5,711,4.1,11.3,.359,1.6,4.9,.333,2.4,6.4,.378,0.9,1.2,.739,0.9,3.1,4.1,2.1,0.5,0.2,1.6,3.9,10.6,2009
290,Anthony Morrow,SG,23,GSW,67,17,1515,6.1,12.7,.478,2.0,4.4,.467,4.0,8.3,.483,1.9,2.2,.870,1.9,2.9,4.7,1.9,0.9,0.3,1.2,3.1,16.1,2009
291,Troy Murphy,PF,28,IND,73,73,2482,5.3,11.1,.475,2.3,5.2,.450,2.9,5.9,.496,2.2,2.7,.826,2.1,10.4,12.5,2.5,0.8,0.5,1.7,3.3,15.1,2009
292,Ronald Murray,SG,29,ATL,80,2,1975,6.5,14.5,.447,1.6,4.4,.360,4.9,10.1,.485,3.2,4.2,.760,0.4,2.7,3.1,2.9,1.6,0.3,2.3,3.2,17.8,2009
295,Steve Nash*,PG,34,PHO,74,74,2484,6.2,12.3,.503,1.6,3.6,.439,4.6,8.8,.529,2.8,3.0,.933,0.3,3.0,3.2,10.4,0.8,0.1,3.6,1.6,16.8,2009
297,Jameer Nelson,PG,26,ORL,42,42,1309,7.3,14.6,.503,2.3,5.0,.453,5.1,9.6,.529,2.4,2.7,.887,0.6,3.4,4.0,6.2,1.4,0.1,2.3,3.4,19.3,2009
298,Rasho Nesterović,C,32,IND,70,19,1214,6.6,13.0,.513,0.0,0.0,.000,6.6,12.9,.514,0.7,0.9,.781,2.8,4.4,7.1,3.2,0.9,1.1,1.9,5.1,14.0,2009
300,Joakim Noah,C,23,CHI,80,55,1938,3.8,6.9,.556,0.0,0.0,.000,3.8,6.9,.558,2.3,3.4,.676,4.5,6.7,11.3,2.0,0.9,2.0,1.5,4.4,10.0,2009
301,Andrés Nocioni,PF-SF,29,TOT,76,18,1991,5.4,12.7,.427,2.2,5.6,.399,3.2,7.1,.449,2.6,3.3,.792,1.0,5.6,6.5,1.8,0.7,0.6,2.0,4.7,15.7,2009
302,Steve Novak,PF,25,LAC,71,3,1161,5.5,12.3,.444,3.7,8.9,.416,1.8,3.4,.518,0.7,0.7,.913,0.6,3.3,3.9,1.2,0.6,0.2,0.7,2.2,15.3,2009
303,Dirk Nowitzki,PF,30,DAL,81,81,3050,9.1,19.1,.479,0.7,2.0,.359,8.4,17.1,.493,5.7,6.4,.890,1.0,7.0,8.0,2.3,0.7,0.7,1.9,2.1,24.7,2009
305,Jermaine O'Neal,C,30,TOT,68,61,2027,6.5,13.7,.474,0.0,0.0,.000,6.5,13.7,.475,3.1,3.9,.788,2.2,5.5,7.7,2.2,0.5,2.4,2.6,3.7,16.1,2009
306,Shaquille O'Neal*,C,36,PHO,75,75,2252,8.2,13.4,.609,0.0,0.0,.000,8.2,13.4,.610,4.9,8.3,.595,3.0,7.1,10.1,2.0,0.8,1.7,2.7,4.0,21.3,2009
307,Fabricio Oberto,C,33,SAS,54,11,677,3.2,5.5,.587,0.0,0.1,.000,3.2,5.5,.592,1.1,1.9,.571,3.5,4.1,7.6,3.1,0.4,0.6,2.0,5.1,7.6,2009
308,Greg Oden,C,21,POR,61,39,1314,5.4,9.6,.564,0.0,0.0,,5.4,9.6,.564,3.9,6.2,.637,4.6,7.0,11.6,0.8,0.7,1.9,2.4,6.5,14.8,2009
309,Lamar Odom,PF,29,LAL,78,32,2316,5.4,10.9,.492,0.5,1.6,.320,4.9,9.3,.522,2.5,4.0,.623,2.7,7.2,9.9,3.2,1.2,1.5,2.1,3.7,13.8,2009
310,Emeka Okafor,C,26,CHA,82,81,2691,5.8,10.3,.561,0.0,0.0,,5.8,10.3,.561,2.9,4.9,.593,3.7,7.4,11.1,0.7,0.6,1.8,1.9,3.3,14.5,2009
311,Mehmet Okur,C,29,UTA,72,72,2409,6.4,13.3,.485,1.3,3.0,.446,5.1,10.3,.497,4.1,5.0,.817,1.9,6.5,8.3,1.8,0.8,0.8,2.0,3.3,18.3,2009
312,Kevin Ollie,PG,36,MIN,50,21,850,2.6,6.4,.407,0.0,0.0,.000,2.6,6.3,.409,3.4,4.1,.833,0.6,2.6,3.2,5.0,0.8,0.2,1.4,3.3,8.6,2009
313,Travis Outlaw,SF,24,POR,81,6,2246,6.2,13.6,.453,1.4,3.8,.377,4.7,9.8,.482,2.8,3.9,.723,1.1,4.2,5.3,1.3,0.8,0.9,1.5,2.7,16.6,2009
314,Zaza Pachulia,C,24,ATL,77,26,1473,3.9,7.8,.497,0.0,0.1,.000,3.9,7.7,.502,4.0,5.6,.709,4.2,6.4,10.7,1.4,0.9,0.6,2.2,5.1,11.8,2009
315,Anthony Parker,SG,33,TOR,80,71,2637,4.4,10.3,.426,1.3,3.3,.390,3.1,7.0,.442,1.7,2.0,.834,0.6,3.7,4.3,3.7,1.4,0.2,1.6,2.0,11.7,2009
316,Tony Parker,PG,26,SAS,72,71,2456,9.4,18.5,.506,0.3,1.0,.292,9.1,17.6,.518,4.2,5.3,.782,0.4,2.9,3.3,7.3,1.0,0.1,2.7,1.6,23.2,2009
317,Chris Paul,PG,23,NOH,78,78,3002,7.6,15.0,.503,0.8,2.1,.364,6.8,12.9,.525,5.5,6.3,.868,0.8,4.4,5.2,10.3,2.6,0.1,2.8,2.5,21.4,2009
318,Sasha Pavlović,SF,25,CLE,66,12,1053,4.0,9.4,.422,1.6,4.0,.410,2.3,5.4,.430,0.9,1.8,.463,1.1,3.3,4.3,2.5,0.8,0.5,1.6,4.2,10.4,2009
320,Kendrick Perkins,C,24,BOS,76,76,2253,4.4,7.6,.577,0.0,0.0,.000,4.4,7.6,.580,1.5,2.6,.600,3.3,6.6,9.9,1.5,0.4,2.4,2.6,4.0,10.4,2009
321,Morris Peterson,SG,31,NOH,43,9,515,5.1,12.8,.399,2.3,5.9,.388,2.8,6.9,.408,0.8,1.3,.632,0.9,5.0,5.9,1.1,1.0,0.1,1.0,3.6,13.4,2009
322,Johan Petro,C,23,TOT,49,22,559,4.7,11.3,.415,0.0,0.1,.000,4.7,11.2,.420,1.0,1.9,.552,2.7,7.5,10.2,1.0,1.2,1.0,1.8,6.9,10.4,2009
323,Paul Pierce*,SF,31,BOS,81,81,3035,6.4,14.0,.457,1.4,3.6,.391,5.0,10.4,.480,5.4,6.6,.830,0.7,4.8,5.4,3.5,0.9,0.3,2.7,2.6,19.7,2009
324,Mickaël Piétrus,SG,26,ORL,54,25,1329,4.8,11.5,.413,2.2,6.0,.359,2.6,5.5,.473,2.1,3.0,.709,1.2,3.6,4.8,1.8,0.8,0.7,1.5,3.4,13.8,2009
325,James Posey,SG,32,NOH,75,0,2140,3.6,8.8,.412,2.0,5.3,.369,1.7,3.5,.476,2.0,2.5,.822,0.6,5.5,6.1,1.4,1.0,0.4,1.3,3.6,11.2,2009
326,Leon Powe,PF,25,BOS,70,7,1227,5.2,9.9,.524,0.0,0.0,,5.2,9.9,.524,5.4,7.8,.689,4.3,5.9,10.1,1.3,0.7,1.1,2.2,5.6,15.8,2009
327,Josh Powell,PF,26,LAL,60,1,703,5.4,12.2,.444,0.0,0.0,,5.4,12.2,.444,1.9,2.6,.760,3.6,5.4,9.0,1.4,0.5,0.9,2.6,5.0,12.8,2009
328,Ronnie Price,PG,25,UTA,52,17,738,3.8,9.9,.379,0.9,3.0,.311,2.8,6.9,.408,1.7,2.2,.756,0.6,2.8,3.4,5.3,1.9,0.2,3.0,3.6,10.1,2009
329,Tayshaun Prince,SF,28,DET,82,82,3057,5.4,12.0,.450,0.7,1.7,.397,4.7,10.4,.458,2.2,2.9,.778,1.5,4.1,5.6,3.0,0.5,0.6,1.2,1.2,13.7,2009
330,Gabe Pruitt,SG,22,BOS,47,0,366,3.0,9.9,.307,1.4,4.7,.292,1.7,5.2,.321,1.7,2.1,.810,0.9,3.3,4.2,3.8,1.5,0.3,1.9,3.3,9.1,2009
331,Joel Przybilla,C,29,POR,82,43,1952,3.1,5.0,.625,0.0,0.0,.000,3.1,4.9,.627,2.1,3.1,.663,3.8,9.5,13.2,0.5,0.6,1.8,1.4,4.0,8.3,2009
332,Chris Quinn,PG,25,MIA,66,0,962,4.4,10.8,.408,2.1,5.1,.409,2.3,5.7,.408,1.8,2.2,.810,0.3,2.5,2.8,4.9,0.9,0.1,1.2,3.0,12.7,2009
333,Vladimir Radmanović,SF,28,TOT,78,31,1445,4.9,11.6,.421,2.6,6.5,.401,2.3,5.1,.446,1.1,1.4,.741,1.1,4.4,5.5,2.0,1.1,0.4,2.4,2.8,13.5,2009
334,Anthony Randolph,PF,19,GSW,63,22,1129,6.3,13.7,.462,0.0,0.1,.000,6.3,13.6,.466,3.2,4.5,.716,4.1,7.5,11.6,1.6,1.3,2.4,2.6,4.5,15.9,2009
336,Zach Randolph,PF-C,27,TOT,50,45,1757,8.5,17.9,.475,0.7,2.0,.330,7.8,15.9,.494,3.7,5.0,.734,3.2,7.1,10.3,2.1,0.9,0.3,2.3,2.7,21.3,2009
337,Theo Ratliff,C,35,PHI,46,0,579,2.1,4.0,.531,0.0,0.0,,2.1,4.0,.531,1.3,2.2,.600,2.9,5.1,8.0,0.6,1.1,2.9,0.9,4.8,5.5,2009
339,J.J. Redick,SG,24,ORL,64,5,1111,3.8,9.7,.391,2.2,5.8,.374,1.6,3.9,.417,2.6,3.0,.871,0.3,3.3,3.5,2.4,0.7,0.0,1.7,2.3,12.4,2009
340,Jason Richardson,SG,28,TOT,72,71,2410,6.9,14.5,.477,1.9,4.9,.397,5.0,9.7,.518,2.3,3.0,.769,1.2,3.6,4.8,2.2,1.1,0.4,1.4,2.2,18.1,2009
342,Quentin Richardson,SG,28,NYK,72,51,1894,5.0,12.7,.393,2.3,6.3,.365,2.7,6.4,.420,1.7,2.2,.761,1.3,4.7,6.1,2.2,0.9,0.1,1.4,2.5,13.9,2009
343,Luke Ridnour,PG,27,MIL,72,50,2033,4.4,11.0,.403,1.0,2.8,.350,3.5,8.2,.420,2.4,2.7,.869,0.6,3.3,3.9,6.5,1.6,0.3,2.3,3.5,12.2,2009
345,Nate Robinson,PG,24,NYK,74,11,2209,7.3,16.8,.437,2.0,6.3,.325,5.3,10.5,.504,4.1,4.8,.841,1.6,3.1,4.7,4.9,1.5,0.1,2.3,3.4,20.7,2009
346,Sergio Rodríguez,PG,22,POR,80,13,1225,3.8,9.7,.392,1.1,3.4,.325,2.7,6.3,.428,1.8,2.3,.792,1.3,2.6,3.8,8.4,1.6,0.1,3.5,3.9,10.5,2009
347,Rajon Rondo,PG,22,BOS,80,80,2642,5.2,10.3,.505,0.2,0.7,.313,5.0,9.7,.518,2.3,3.7,.642,1.4,4.3,5.7,9.0,2.0,0.1,2.8,2.6,13.0,2009
348,Derrick Rose,PG,20,CHI,81,80,3000,6.9,14.5,.475,0.2,0.9,.222,6.7,13.6,.491,2.4,3.0,.788,1.2,2.7,3.8,6.1,0.8,0.2,2.4,1.5,16.3,2009
350,Quinton Ross,SF,27,MEM,68,7,1164,3.1,8.0,.382,1.0,2.7,.375,2.0,5.3,.386,1.1,1.3,.810,0.9,3.0,3.9,1.5,1.0,0.4,1.1,3.5,8.2,2009
351,Brandon Roy,SG,24,POR,78,78,2903,7.8,16.3,.480,1.0,2.7,.377,6.8,13.6,.501,5.2,6.3,.824,1.3,3.3,4.6,5.0,1.1,0.3,1.9,1.6,21.9,2009
353,Brandon Rush,SG,23,IND,75,19,1803,4.9,11.5,.423,1.6,4.2,.373,3.3,7.3,.451,0.9,1.3,.697,0.7,4.0,4.7,1.3,0.8,0.7,1.5,2.6,12.2,2009
355,John Salmons,SF,29,TOT,79,74,2959,6.3,13.3,.472,1.5,3.7,.417,4.7,9.6,.493,3.5,4.2,.830,0.7,3.3,4.1,3.0,1.0,0.3,2.0,2.2,17.6,2009
358,Luis Scola,PF,28,HOU,82,82,2488,6.1,11.6,.531,0.0,0.0,.000,6.1,11.5,.533,2.8,3.7,.760,2.9,7.5,10.4,1.8,1.0,0.2,1.8,3.8,15.1,2009
359,Thabo Sefolosha,SF-SG,24,TOT,66,36,1453,3.8,8.8,.426,0.6,2.2,.276,3.2,6.7,.474,1.5,1.8,.836,1.3,4.7,6.0,2.8,1.9,1.1,1.6,2.6,9.6,2009
361,Ramon Sessions,PG,22,MIL,79,39,2173,5.7,12.8,.445,0.1,0.6,.176,5.6,12.3,.457,4.7,5.9,.794,1.1,3.4,4.5,7.5,1.4,0.1,2.5,2.6,16.2,2009
363,Bobby Simmons,SF,28,NJN,71,44,1729,4.1,9.2,.449,2.4,5.5,.447,1.7,3.7,.453,0.9,1.2,.741,1.5,4.3,5.8,1.9,1.0,0.2,1.3,3.9,11.6,2009
367,James Singleton,PF,27,DAL,62,6,884,4.8,9.0,.529,0.5,1.6,.325,4.2,7.4,.575,2.7,3.2,.859,3.6,6.6,10.2,0.7,1.1,1.1,1.5,4.5,12.8,2009
368,Brian Skinner,PF,32,LAC,51,21,843,3.9,8.8,.449,0.0,0.1,.000,3.9,8.7,.453,1.3,2.0,.638,3.1,5.6,8.7,1.2,0.7,2.2,1.8,4.0,9.1,2009
369,Craig Smith,PF,25,MIN,74,31,1460,7.1,12.7,.562,0.0,0.0,.000,7.1,12.6,.563,4.1,6.1,.677,2.4,4.6,7.0,1.9,0.8,0.5,2.6,4.5,18.4,2009
370,J.R. Smith,SG,23,DEN,81,18,2245,6.8,15.2,.446,2.9,7.3,.397,3.9,8.0,.491,3.3,4.4,.754,0.7,4.1,4.8,3.6,1.3,0.2,2.4,3.0,19.8,2009
371,Joe Smith,C,33,TOT,57,3,1102,5.1,10.9,.468,0.1,0.2,.429,5.0,10.6,.469,1.9,2.7,.720,2.9,5.7,8.6,1.3,0.6,1.3,0.8,4.0,12.2,2009
372,Josh Smith,PF,23,ATL,69,69,2421,6.2,12.6,.492,0.4,1.3,.299,5.8,11.3,.514,3.1,5.3,.588,2.0,5.4,7.4,2.5,1.4,1.7,2.4,2.7,16.0,2009
373,Will Solomon,PG,30,TOT,53,9,712,5.3,12.4,.429,1.4,4.3,.326,3.9,8.0,.484,1.3,1.7,.735,0.6,2.6,3.2,6.7,1.4,0.2,2.7,3.6,13.3,2009
374,Darius Songaila,C,30,WAS,77,29,1521,5.8,10.8,.532,0.0,0.0,.000,5.8,10.8,.533,1.9,2.1,.889,1.8,3.6,5.4,2.2,1.5,0.5,1.8,4.7,13.4,2009
375,Marreese Speights,C,21,PHI,79,2,1263,7.2,14.3,.502,0.1,0.2,.250,7.1,14.1,.506,2.9,3.8,.773,3.5,4.8,8.4,0.9,0.8,1.6,1.3,5.2,17.3,2009
378,Peja Stojaković,SF,31,NOH,61,59,2089,4.9,12.4,.399,2.5,6.6,.378,2.4,5.8,.424,1.6,1.8,.894,0.8,3.8,4.5,1.3,0.9,0.1,0.9,1.7,14.0,2009
379,Amar'e Stoudemire,PF,26,PHO,53,53,1948,7.5,13.8,.539,0.1,0.1,.429,7.4,13.7,.540,6.0,7.2,.835,2.1,5.8,7.9,1.9,0.9,1.1,2.8,3.0,21.0,2009
380,Rodney Stuckey,PG,22,DET,79,65,2517,5.7,13.1,.439,0.3,1.1,.295,5.4,11.9,.453,3.3,4.1,.803,1.0,2.9,3.9,5.5,1.1,0.2,2.5,3.1,15.1,2009
383,Wally Szczerbiak,SF,31,CLE,74,5,1527,4.2,9.4,.450,1.6,4.0,.411,2.6,5.4,.478,2.1,2.5,.849,1.0,4.5,5.5,1.9,0.7,0.2,1.3,3.1,12.2,2009
384,Mike Taylor,PG,23,LAC,51,5,771,5.1,12.5,.412,0.6,1.9,.325,4.5,10.6,.427,2.6,3.8,.691,1.0,3.0,4.1,4.9,1.7,0.0,3.4,3.9,13.5,2009
385,Sebastian Telfair,PG,23,MIN,75,43,2095,4.6,12.0,.383,1.3,3.6,.346,3.3,8.4,.399,2.3,2.7,.819,0.5,1.6,2.2,5.9,1.3,0.2,2.5,3.2,12.7,2009
386,Jason Terry,SG,31,DAL,74,11,2491,7.8,16.9,.463,2.4,6.6,.366,5.4,10.3,.525,2.9,3.3,.880,0.6,2.0,2.6,3.6,1.4,0.3,1.7,2.0,20.9,2009
389,Kurt Thomas,PF,36,SAS,79,10,1404,3.9,7.8,.503,0.0,0.1,.000,3.9,7.7,.507,0.9,1.2,.822,3.4,6.9,10.4,1.7,0.9,1.5,1.1,4.4,8.8,2009
390,Tim Thomas,PF,31,TOT,64,6,1247,5.5,12.6,.432,2.3,5.5,.413,3.2,7.2,.446,2.6,3.5,.736,1.2,4.6,5.8,2.0,0.9,0.3,2.0,4.2,15.7,2009
391,Tyrus Thomas,PF,22,CHI,79,61,2175,5.1,11.3,.451,0.0,0.1,.333,5.0,11.2,.453,3.9,5.0,.783,2.4,6.0,8.4,1.3,1.5,2.5,2.1,3.6,14.2,2009
392,Jason Thompson,PF,22,SAC,82,56,2303,5.6,11.2,.497,0.0,0.1,.000,5.6,11.1,.502,3.1,4.5,.692,3.7,5.8,9.5,1.5,0.7,0.9,2.3,4.9,14.2,2009
393,Al Thornton,SF,25,LAC,71,67,2654,6.4,14.3,.446,0.3,1.1,.253,6.1,13.2,.462,3.2,4.2,.754,1.7,3.3,5.0,1.4,0.8,0.8,1.8,3.1,16.2,2009
396,Ronny Turiaf,C,26,GSW,79,26,1696,3.9,7.8,.508,0.0,0.1,.000,3.9,7.7,.512,2.1,2.6,.790,1.9,5.8,7.6,3.5,0.7,3.6,1.5,5.2,10.0,2009
397,Hedo Türkoğlu,SF,29,ORL,77,77,2815,5.4,13.1,.413,1.7,4.8,.356,3.7,8.3,.445,4.0,5.0,.807,0.6,4.7,5.2,4.8,0.8,0.2,2.6,2.8,16.5,2009
398,Ime Udoka,SF,31,SAS,67,3,1035,3.8,10.0,.383,1.4,4.3,.328,2.4,5.6,.426,1.0,1.6,.609,1.0,5.5,6.5,1.9,1.3,0.4,1.3,3.0,10.1,2009
399,Beno Udrih,PG,26,SAC,73,72,2270,5.1,11.0,.461,0.6,1.8,.310,4.5,9.2,.491,2.0,2.4,.820,0.7,2.8,3.5,5.4,1.3,0.2,2.5,3.0,12.7,2009
400,Roko Ukić,PG,24,TOR,72,0,890,5.0,13.1,.380,0.4,2.5,.177,4.5,10.6,.427,1.8,2.4,.733,1.1,1.9,3.0,6.2,1.2,0.1,2.4,3.1,12.2,2009
401,Anderson Varejão,PF,26,CLE,81,42,2306,4.2,7.9,.536,0.0,0.0,.000,4.2,7.8,.538,2.4,3.9,.616,2.6,6.5,9.1,1.3,1.2,1.0,1.2,3.7,10.8,2009
403,Charlie Villanueva,PF,24,MIL,78,47,2095,8.4,18.7,.447,1.5,4.4,.345,6.8,14.3,.479,3.5,4.1,.838,2.6,6.3,8.9,2.4,0.9,1.0,2.4,4.4,21.7,2009
405,Sasha Vujačić,SG,24,LAL,80,0,1293,4.3,11.2,.387,2.3,6.2,.363,2.1,5.0,.416,1.9,2.1,.921,0.5,3.2,3.8,3.1,2.1,0.2,1.0,4.3,12.8,2009
406,Dwyane Wade,SG,27,MIA,79,79,3048,10.1,20.5,.491,1.0,3.3,.317,9.0,17.3,.524,7.0,9.1,.765,1.1,3.6,4.7,7.0,2.0,1.3,3.2,2.1,28.2,2009
407,Von Wafer,SG,23,HOU,63,11,1225,6.7,15.0,.447,1.9,4.8,.390,4.8,10.2,.474,2.6,3.4,.752,0.6,2.8,3.3,2.1,1.2,0.2,1.7,2.1,17.9,2009
409,Ben Wallace*,PF,34,CLE,56,53,1314,1.9,4.2,.445,0.0,0.0,,1.9,4.2,.445,0.7,1.8,.422,3.7,6.2,9.9,1.2,1.3,2.1,0.9,2.2,4.5,2009
410,Gerald Wallace,SF,26,CHA,71,71,2669,5.2,10.9,.480,0.5,1.8,.298,4.7,9.2,.515,4.9,6.1,.804,1.5,5.9,7.5,2.5,1.6,0.9,2.0,2.8,15.9,2009
411,Rasheed Wallace,C,34,DET,66,63,2123,5.1,12.2,.419,1.9,5.4,.354,3.2,6.8,.471,1.3,1.7,.772,0.9,7.4,8.3,1.5,1.1,1.5,1.0,3.3,13.5,2009
412,Luke Walton,SF,28,LAL,65,34,1166,4.1,9.5,.436,0.5,1.8,.298,3.6,7.7,.468,1.3,1.8,.719,1.7,3.9,5.6,5.5,1.0,0.3,2.1,3.2,10.1,2009
413,Hakim Warrick,PF,26,MEM,82,7,2029,6.0,12.3,.491,0.1,0.4,.217,5.9,11.9,.500,4.7,6.6,.711,2.3,4.9,7.2,1.2,0.9,0.7,1.7,3.0,16.9,2009
414,C.J. Watson,PG,24,GSW,77,18,1883,4.9,10.7,.457,0.9,2.3,.400,4.0,8.5,.473,3.2,3.7,.870,0.7,2.9,3.7,3.9,1.8,0.1,1.8,2.6,14.0,2009
415,Earl Watson,PG,29,OKC,68,18,1776,3.5,9.2,.384,0.4,1.7,.235,3.1,7.5,.418,1.6,2.1,.755,0.7,3.0,3.7,7.9,1.0,0.2,3.2,2.8,9.1,2009
416,Kyle Weaver,SG,22,OKC,56,19,1166,3.5,7.6,.459,1.0,2.9,.344,2.5,4.7,.529,1.3,1.8,.707,1.0,3.1,4.0,3.1,1.5,0.8,2.1,2.5,9.2,2009
419,David West,PF,28,NOH,76,76,2982,7.4,15.6,.472,0.1,0.3,.240,7.3,15.3,.477,4.4,5.0,.884,1.9,5.9,7.8,2.1,0.6,0.8,2.0,2.5,19.2,2009
420,Delonte West,SG,25,CLE,64,64,2152,4.8,10.4,.457,1.5,3.8,.399,3.2,6.6,.490,1.5,1.8,.833,0.5,2.9,3.4,3.8,1.6,0.2,1.5,2.1,12.6,2009
421,Mario West,SG,24,ATL,53,3,269,1.9,4.6,.412,0.1,0.1,1.000,1.7,4.4,.394,1.9,4.0,.467,3.2,4.3,7.5,2.5,2.4,0.5,1.7,4.7,5.8,2009
422,Russell Westbrook,PG,20,OKC,82,65,2668,5.9,14.8,.398,0.5,1.7,.271,5.4,13.0,.415,4.7,5.8,.815,2.4,3.0,5.4,5.9,1.5,0.2,3.7,2.6,16.9,2009
425,Chris Wilcox,C,26,TOT,62,6,1049,6.3,12.7,.497,0.0,0.1,.000,6.3,12.6,.503,2.7,4.8,.564,3.3,6.2,9.5,1.6,0.9,0.5,2.6,4.7,15.3,2009
427,Deron Williams,PG,24,UTA,68,68,2505,6.7,14.1,.471,1.0,3.2,.310,5.6,10.9,.518,4.7,5.5,.849,0.3,2.5,2.8,10.4,1.0,0.3,3.3,1.9,19.0,2009
429,Lou Williams,SG,22,PHI,81,0,1919,6.3,15.8,.398,1.2,4.1,.286,5.1,11.7,.438,5.7,7.2,.790,0.7,2.4,3.1,4.5,1.6,0.3,2.8,2.4,19.5,2009
432,Marvin Williams,SF,22,ATL,61,59,2093,4.9,10.7,.458,0.9,2.7,.355,4.0,8.0,.493,3.8,4.7,.806,1.9,4.7,6.6,1.4,1.0,0.7,1.2,2.2,14.5,2009
433,Mo Williams,PG,26,CLE,81,81,2834,6.7,14.3,.467,2.3,5.3,.436,4.4,9.0,.486,2.6,2.9,.912,0.6,2.9,3.5,4.2,0.9,0.1,2.3,2.7,18.3,2009
436,Shelden Williams,PF,25,TOT,45,0,512,4.9,11.0,.446,0.0,0.1,.000,4.9,10.9,.452,3.2,4.4,.730,3.4,7.3,10.8,0.8,1.5,1.3,2.4,4.5,13.1,2009
437,Metta World Peace,SF,29,HOU,69,55,2452,6.1,15.2,.401,2.2,5.6,.399,3.9,9.6,.402,2.9,3.8,.748,1.0,4.3,5.3,3.4,1.5,0.4,2.1,2.3,17.3,2009
438,Antoine Wright,SF,24,DAL,65,53,1552,4.2,10.0,.415,1.0,3.5,.302,3.1,6.5,.475,1.6,2.2,.747,0.7,2.4,3.2,1.8,1.1,0.6,1.3,4.0,11.0,2009
441,Julian Wright,SF,21,NOH,54,19,772,5.1,10.9,.466,0.1,1.0,.095,5.0,9.9,.502,0.8,1.4,.567,2.1,4.9,7.1,2.0,1.6,0.9,2.0,2.3,11.1,2009
443,Nick Young,SG,23,WAS,82,5,1837,6.6,14.8,.444,1.1,3.2,.341,5.5,11.6,.473,3.2,3.8,.850,0.6,2.3,2.9,1.9,0.8,0.4,1.8,2.7,17.5,2009
444,Thaddeus Young,PF,20,PHI,75,71,2580,6.6,13.4,.495,0.8,2.3,.341,5.8,11.1,.526,1.9,2.6,.735,1.9,3.3,5.3,1.2,1.4,0.3,1.6,2.3,16.0,2009
