Rk,Player,Pos,Age,Tm,G,GS,MP,FG,FGA,FG%,3P,3PA,3P%,2P,2PA,2P%,FT,FTA,FT%,ORB,DRB,TRB,AST,STL,BLK,TOV,PF,PTS,Year
1,Álex Abrines,SG,23,OKC,68,6,1055,4.6,11.6,.393,3.2,8.4,.381,1.4,3.2,.426,1.5,1.7,.898,0.6,2.3,2.9,1.4,1.3,0.3,1.1,3.9,13.9,2017
3,Steven Adams,C,23,OKC,80,80,2389,5.6,9.9,.571,0.0,0.0,.000,5.6,9.9,.572,2.4,3.9,.611,4.2,5.0,9.2,1.3,1.3,1.2,2.2,2.9,13.6,2017
4,Arron Afflalo,SG,31,SAC,61,45,1580,4.2,9.6,.440,1.4,3.4,.411,2.8,6.1,.457,1.9,2.1,.892,0.2,2.6,2.8,1.8,0.5,0.1,1.0,2.4,11.7,2017
6,Cole Aldrich,C,28,MIN,62,0,531,3.1,5.8,.523,0.0,0.0,,3.1,5.8,.523,1.0,1.5,.682,3.5,7.3,10.7,1.7,1.7,1.6,1.2,5.8,7.1,2017
7,LaMarcus Aldridge,PF,31,SAS,72,72,2335,7.7,16.2,.477,0.4,0.9,.411,7.4,15.3,.480,3.4,4.2,.812,2.7,5.4,8.1,2.1,0.7,1.4,1.5,2.4,19.2,2017
8,Lavoy Allen,PF,27,IND,61,5,871,3.2,6.9,.458,0.0,0.0,.000,3.2,6.9,.461,1.0,1.4,.697,4.3,4.7,9.1,2.4,0.7,1.0,1.2,3.2,7.3,2017
9,Tony Allen,SG,35,MEM,71,66,1914,5.2,11.2,.461,0.3,1.0,.278,4.9,10.2,.479,1.5,2.4,.615,3.1,4.2,7.4,1.8,2.2,0.5,1.9,3.3,12.1,2017
10,Al-Farouq Aminu,PF,26,POR,61,25,1773,3.7,9.5,.393,1.4,4.3,.330,2.3,5.2,.445,1.9,2.8,.706,1.6,7.6,9.2,2.0,1.2,0.9,1.9,2.1,10.8,2017
13,Justin Anderson,SF,23,TOT,75,10,1228,5.5,12.9,.424,1.7,5.7,.299,3.8,7.2,.522,3.0,3.8,.791,2.0,5.2,7.2,1.9,1.2,0.7,1.9,3.2,15.6,2017
14,Kyle Anderson,SF,23,SAS,72,14,1020,3.3,7.4,.445,0.5,1.4,.375,2.8,6.0,.462,1.6,2.0,.789,1.2,6.2,7.3,3.2,1.8,0.9,1.4,2.2,8.7,2017
15,Ryan Anderson,PF,28,HOU,72,72,2116,5.5,13.2,.418,3.5,8.6,.403,2.0,4.5,.446,2.2,2.6,.860,1.9,3.7,5.6,1.2,0.5,0.2,0.9,2.4,16.7,2017
16,Giannis Antetokounmpo,SF,22,MIL,80,80,2845,8.3,15.9,.521,0.6,2.3,.272,7.7,13.7,.563,6.0,7.7,.770,1.8,7.1,8.9,5.5,1.7,1.9,3.0,3.1,23.2,2017
17,Carmelo Anthony,SF,32,NYK,74,74,2538,8.5,19.7,.433,2.1,6.0,.359,6.4,13.7,.466,4.3,5.2,.833,0.9,5.3,6.2,3.0,0.9,0.5,2.2,2.8,23.5,2017
19,Trevor Ariza,SF,31,HOU,80,80,2773,4.2,10.4,.409,2.5,7.2,.344,1.8,3.2,.556,1.2,1.6,.738,0.7,5.2,5.9,2.3,1.9,0.3,0.9,1.7,12.2,2017
22,D.J. Augustin,PG,29,ORL,78,20,1538,4.6,12.1,.377,2.2,6.4,.347,2.3,5.7,.412,3.1,3.8,.814,0.4,2.4,2.7,4.9,0.7,0.0,2.1,2.4,14.4,2017
23,Luke Babbitt,SF,27,MIA,68,55,1065,3.8,9.5,.402,2.9,7.1,.414,0.9,2.4,.366,0.4,0.5,.733,0.4,4.4,4.8,1.2,0.7,0.4,0.8,4.0,11.0,2017
24,Ron Baker,SG,23,NYK,52,13,857,3.4,9.1,.378,1.0,3.6,.267,2.5,5.5,.450,1.2,1.8,.651,0.5,3.6,4.1,4.5,1.4,0.3,2.4,3.1,9.0,2017
26,Leandro Barbosa,SG,34,PHO,67,0,963,6.4,14.7,.439,1.3,3.7,.357,5.1,11.0,.466,1.5,1.7,.889,0.6,3.3,3.9,3.0,1.2,0.3,1.8,3.1,15.7,2017
28,Harrison Barnes,PF,24,DAL,79,79,2803,7.7,16.4,.468,1.0,2.9,.351,6.7,13.6,.492,3.1,3.6,.861,1.2,3.9,5.1,1.5,0.8,0.2,1.3,1.6,19.5,2017
29,Matt Barnes,SF,36,TOT,74,18,1777,3.7,9.6,.391,1.8,5.3,.331,2.0,4.3,.467,1.4,1.8,.787,1.4,6.4,7.8,4.0,1.0,0.5,2.2,3.7,10.7,2017
30,Will Barton,SG,26,DEN,60,19,1705,6.2,14.1,.443,1.8,5.0,.370,4.4,9.1,.483,3.0,4.0,.753,1.2,4.2,5.5,4.3,1.0,0.6,2.0,2.3,17.3,2017
31,Brandon Bass,PF,31,LAC,52,0,577,6.7,11.6,.575,0.1,0.2,.333,6.6,11.4,.579,4.8,5.5,.875,2.7,5.4,8.0,1.3,0.9,0.7,1.8,2.8,18.2,2017
32,Nicolas Batum,SG,28,CHO,77,77,2617,5.4,13.4,.403,1.9,5.6,.333,3.5,7.8,.453,3.3,3.9,.856,0.6,6.0,6.6,6.3,1.2,0.4,2.7,1.5,16.0,2017
34,Aron Baynes,C,30,DET,75,2,1163,4.4,8.6,.513,0.0,0.0,,4.4,8.6,.513,2.4,2.9,.840,3.4,6.9,10.3,1.0,0.5,1.2,1.5,5.1,11.3,2017
35,Kent Bazemore,SF,27,ATL,73,64,1963,5.4,13.2,.409,1.7,4.9,.346,3.7,8.3,.446,2.2,3.1,.708,0.8,3.4,4.2,3.2,1.7,1.0,2.3,3.0,14.7,2017
36,Bradley Beal,SG,23,WAS,77,77,2684,8.5,17.7,.482,3.0,7.4,.404,5.6,10.3,.538,3.8,4.6,.825,0.7,2.5,3.2,3.6,1.1,0.3,2.1,2.3,23.9,2017
38,Michael Beasley,PF,28,MIL,56,6,935,8.3,15.6,.532,0.7,1.7,.419,7.6,14.0,.545,3.0,4.0,.743,1.5,5.9,7.4,2.0,1.0,1.0,2.5,3.5,20.3,2017
39,Marco Belinelli,SG,30,CHO,74,0,1778,5.3,12.5,.429,2.1,5.7,.360,3.3,6.7,.488,3.0,3.4,.893,0.3,3.3,3.6,3.0,0.9,0.2,1.4,1.8,15.8,2017
41,Dragan Bender,PF,19,PHO,43,0,574,3.6,10.1,.354,1.8,6.3,.277,1.8,3.8,.483,0.3,0.7,.364,1.4,5.0,6.5,1.4,0.6,1.4,2.0,4.6,9.2,2017
44,Dāvis Bertāns,PF,24,SAS,67,6,808,4.6,10.4,.440,3.1,7.7,.399,1.5,2.7,.557,1.2,1.5,.824,1.0,3.4,4.4,2.0,0.9,1.2,1.4,3.3,13.5,2017
45,Patrick Beverley,SG,28,HOU,67,67,2058,4.0,9.5,.420,1.9,5.0,.382,2.1,4.5,.463,1.3,1.7,.768,1.7,5.2,6.9,4.9,1.7,0.4,1.7,3.9,11.2,2017
46,Bismack Biyombo,C,24,ORL,81,27,1793,3.6,6.8,.528,0.0,0.0,,3.6,6.8,.528,2.5,4.7,.534,3.2,8.2,11.4,1.5,0.5,1.8,1.9,4.1,9.7,2017
47,Nemanja Bjelica,PF,28,MIN,65,1,1190,4.6,10.8,.424,1.7,5.4,.316,2.9,5.4,.531,1.4,1.8,.738,1.7,5.7,7.4,2.4,1.2,0.6,1.8,4.7,12.2,2017
48,Tarik Black,C,25,LAL,67,16,1091,4.9,9.7,.510,0.0,0.1,.500,4.9,9.6,.510,2.7,3.6,.752,4.8,6.6,11.3,1.3,1.0,1.5,1.9,5.7,12.6,2017
49,Eric Bledsoe,PG,27,PHO,66,66,2176,7.4,17.1,.434,1.7,5.1,.335,5.7,12.0,.477,6.4,7.6,.847,0.9,4.4,5.3,6.9,1.5,0.5,3.7,2.7,23.0,2017
50,Bojan Bogdanović,SF,27,TOT,81,54,2083,6.5,14.6,.445,2.5,6.8,.367,4.0,7.8,.512,3.8,4.2,.893,0.6,4.1,4.8,1.9,0.6,0.1,2.3,2.5,19.2,2017
53,Devin Booker,SG,20,PHO,78,78,2730,8.0,18.9,.423,1.9,5.3,.363,6.1,13.5,.447,4.8,5.8,.832,0.6,2.7,3.3,3.5,0.9,0.3,3.2,3.2,22.8,2017
54,Trevor Booker,PF,29,BRK,71,43,1754,6.3,12.1,.516,0.5,1.6,.321,5.7,10.5,.546,1.5,2.3,.673,2.9,8.8,11.7,2.8,1.5,0.6,2.6,3.1,14.6,2017
55,Avery Bradley,SG,26,BOS,55,55,1835,7.0,15.2,.463,2.1,5.4,.390,4.9,9.8,.504,1.3,1.8,.731,1.3,5.3,6.6,2.4,1.3,0.2,1.7,2.8,17.5,2017
56,Corey Brewer,SF,30,TOT,82,11,1281,4.1,9.8,.422,0.8,3.3,.229,3.4,6.5,.522,1.4,1.9,.735,0.9,3.8,4.7,2.7,1.7,0.6,1.5,3.7,10.4,2017
57,Malcolm Brogdon,SG,24,MIL,75,28,1982,5.3,11.5,.457,1.4,3.5,.404,3.9,8.0,.480,2.0,2.3,.865,0.9,3.0,3.9,5.8,1.5,0.2,2.1,2.5,13.9,2017
58,Aaron Brooks,PG,32,IND,65,0,894,4.9,12.1,.403,1.9,5.2,.375,2.9,6.9,.424,1.3,1.6,.800,0.7,2.1,2.8,5.0,1.0,0.4,2.7,3.7,13.0,2017
61,Jaylen Brown,SF,20,BOS,78,20,1341,5.2,11.4,.454,1.2,3.6,.341,3.9,7.7,.507,2.3,3.3,.685,1.2,4.7,5.9,1.7,0.9,0.5,1.8,3.8,13.8,2017
62,Nicolás Brussino,SG,23,DAL,54,2,521,3.6,9.7,.369,2.0,6.6,.305,1.6,3.2,.500,1.2,1.5,.773,1.8,4.8,6.6,3.2,1.2,0.6,1.8,3.0,10.4,2017
64,Trey Burke,PG,24,WAS,57,0,703,5.9,13.1,.455,1.6,3.6,.443,4.4,9.5,.459,1.1,1.5,.759,0.4,2.0,2.4,5.1,0.6,0.3,2.5,2.8,14.6,2017
65,Alec Burks,SG,25,UTA,42,0,653,5.5,13.7,.399,1.4,4.2,.329,4.1,9.5,.430,3.3,4.3,.769,0.9,5.7,6.6,1.7,1.0,0.3,1.9,2.8,15.6,2017
66,Jimmy Butler,SF,27,CHI,76,75,2809,7.3,16.0,.455,1.2,3.2,.367,6.1,12.9,.477,7.5,8.7,.865,1.7,4.4,6.0,5.3,1.8,0.4,2.0,1.4,23.3,2017
69,Kentavious Caldwell-Pope,SG,23,DET,76,75,2529,5.3,13.2,.399,2.2,6.2,.350,3.1,7.0,.442,2.2,2.6,.832,0.8,2.7,3.5,2.7,1.3,0.2,1.2,1.7,14.9,2017
71,Clint Capela,C,22,HOU,65,59,1551,8.4,13.1,.643,0.0,0.0,,8.4,13.1,.643,2.2,4.1,.531,4.1,8.1,12.2,1.5,0.8,1.8,2.0,4.2,19.0,2017
72,DeMarre Carroll,SF,30,TOR,72,72,1882,4.2,10.5,.400,2.1,6.1,.341,2.1,4.4,.483,1.7,2.2,.761,1.2,4.1,5.3,1.4,1.5,0.5,1.0,2.7,12.2,2017
73,Vince Carter,SF,40,MEM,73,15,1799,3.9,9.8,.394,2.2,5.9,.378,1.6,3.9,.418,1.8,2.3,.765,0.7,3.8,4.5,2.7,1.2,0.7,1.0,3.3,11.7,2017
74,Michael Carter-Williams,PG,25,CHI,45,19,846,4.8,13.0,.366,0.6,2.7,.234,4.1,10.3,.401,2.5,3.3,.753,1.0,5.5,6.5,4.8,1.6,1.0,2.8,4.3,12.6,2017
76,Willie Cauley-Stein,C,23,SAC,75,21,1421,6.5,12.2,.530,0.0,0.1,.000,6.5,12.1,.532,2.6,3.8,.669,2.2,6.4,8.6,2.0,1.3,1.1,1.7,3.7,15.5,2017
77,Tyson Chandler,C,34,PHO,47,46,1298,4.2,6.3,.671,0.0,0.0,,4.2,6.3,.671,2.5,3.4,.734,4.2,10.7,14.9,0.8,0.9,0.7,1.8,3.5,11.0,2017
78,Wilson Chandler,SF,29,DEN,71,33,2197,7.1,15.4,.461,1.8,5.3,.337,5.3,10.0,.527,2.3,3.2,.727,1.7,5.8,7.5,2.3,0.8,0.5,1.9,2.8,18.3,2017
79,Marquese Chriss,PF,19,PHO,82,75,1743,5.9,13.1,.449,1.5,4.6,.321,4.4,8.4,.520,2.3,3.7,.624,2.0,5.2,7.2,1.2,1.4,1.4,2.2,5.4,15.6,2017
81,Semaj Christon,PG,24,OKC,64,1,973,2.8,8.3,.345,0.4,2.3,.190,2.4,5.9,.406,0.6,1.1,.548,0.7,2.5,3.2,4.8,1.0,0.3,1.6,2.9,6.8,2017
82,Ian Clark,SG,25,GSW,77,0,1137,6.7,13.7,.487,1.9,5.2,.374,4.7,8.5,.556,1.4,1.8,.759,0.7,3.1,3.8,2.8,1.2,0.3,1.7,2.4,16.7,2017
83,Jordan Clarkson,SG,24,LAL,82,19,2397,7.2,16.1,.445,1.8,5.3,.329,5.4,10.7,.503,2.0,2.5,.798,0.7,3.0,3.7,3.2,1.3,0.1,2.5,2.3,18.1,2017
85,Darren Collison,PG,29,SAC,68,64,2063,5.9,12.5,.476,1.3,3.1,.417,4.7,9.4,.495,2.6,3.0,.860,0.4,2.3,2.7,5.4,1.2,0.2,2.0,2.1,15.7,2017
87,Mike Conley,PG,29,MEM,69,68,2292,7.3,15.8,.460,2.7,6.6,.408,4.6,9.3,.497,5.0,5.8,.859,0.5,3.3,3.8,6.8,1.4,0.3,2.5,2.0,22.2,2017
90,DeMarcus Cousins,C,26,TOT,72,72,2465,9.4,20.9,.452,1.9,5.3,.361,7.5,15.6,.483,7.6,9.8,.772,2.2,9.4,11.6,4.8,1.5,1.4,3.9,4.1,28.4,2017
91,Robert Covington,SF,26,PHI,67,67,2119,5.0,12.4,.399,2.3,7.0,.333,2.6,5.4,.484,2.4,3.0,.822,1.6,5.8,7.4,1.7,2.2,1.2,2.2,3.4,14.7,2017
92,Allen Crabbe,SG,24,POR,79,7,2254,4.8,10.3,.468,2.1,4.8,.444,2.7,5.5,.490,1.7,2.0,.847,0.3,3.3,3.6,1.5,0.9,0.3,1.0,2.7,13.5,2017
93,Jamal Crawford,SG,36,LAC,82,1,2157,6.0,14.5,.413,1.9,5.4,.360,4.1,9.1,.443,2.9,3.4,.857,0.3,1.9,2.2,3.6,1.0,0.2,2.2,1.9,16.8,2017
95,Jae Crowder,SF,26,BOS,72,72,2335,5.1,11.1,.463,2.4,6.1,.398,2.7,5.0,.540,2.7,3.3,.811,0.7,5.7,6.4,2.4,1.1,0.4,1.2,2.5,15.4,2017
96,Dante Cunningham,PF,29,NOP,66,35,1649,3.8,7.8,.485,1.6,4.0,.392,2.2,3.9,.579,0.3,0.6,.593,1.2,4.8,6.0,0.8,0.9,0.6,0.6,2.2,9.5,2017
97,Seth Curry,PG,26,DAL,70,42,2029,6.0,12.5,.481,2.4,5.7,.425,3.6,6.8,.528,1.5,1.8,.850,0.4,2.7,3.2,3.4,1.4,0.1,1.6,2.2,15.9,2017
98,Stephen Curry,PG,28,GSW,79,79,2638,9.2,19.7,.468,4.4,10.8,.411,4.8,8.9,.537,4.4,4.9,.898,0.8,4.0,4.8,7.2,1.9,0.2,3.3,2.5,27.3,2017
99,Troy Daniels,SG,25,MEM,67,3,1183,5.6,15.1,.374,4.2,10.8,.389,1.4,4.3,.336,1.3,1.6,.796,0.7,2.4,3.0,1.4,0.6,0.1,1.4,2.7,16.8,2017
100,Anthony Davis,C,23,NOP,75,75,2708,10.2,20.3,.505,0.5,1.8,.299,9.7,18.5,.524,6.9,8.6,.802,2.3,9.5,11.8,2.1,1.2,2.2,2.4,2.2,27.9,2017
102,Ed Davis,PF,27,POR,46,12,789,3.4,6.5,.528,0.0,0.0,,3.4,6.5,.528,2.3,3.7,.617,4.4,6.8,11.1,1.2,0.7,1.0,1.7,6.3,9.1,2017
103,Dewayne Dedmon,C,27,SAS,76,37,1330,4.4,7.0,.622,0.0,0.0,,4.4,7.0,.622,1.8,2.5,.699,3.5,9.9,13.4,1.2,1.0,1.7,1.7,4.9,10.5,2017
104,Sam Dekker,PF,22,HOU,77,2,1419,5.2,10.9,.473,1.5,4.7,.321,3.6,6.1,.591,1.0,1.7,.559,2.4,4.8,7.2,1.9,1.0,0.5,1.0,2.1,12.8,2017
105,Malcolm Delaney,PG,27,ATL,73,2,1248,4.2,11.2,.374,0.7,3.2,.236,3.4,8.0,.428,2.2,2.7,.806,0.3,3.3,3.5,5.6,1.1,0.0,2.7,3.2,11.3,2017
106,Matthew Dellavedova,PG,26,MIL,76,54,1986,3.8,9.7,.390,1.4,3.9,.367,2.3,5.8,.404,1.5,1.7,.854,0.4,2.2,2.7,6.5,1.0,0.0,2.4,2.8,10.5,2017
107,Luol Deng,SF,31,LAL,56,49,1486,4.0,10.3,.387,1.2,4.0,.309,2.7,6.3,.436,1.1,1.5,.730,1.5,5.6,7.1,1.8,1.2,0.5,1.0,1.5,10.3,2017
108,DeMar DeRozan,SG,27,TOR,74,74,2620,9.9,21.2,.467,0.5,1.7,.266,9.5,19.5,.484,7.5,8.9,.842,1.0,4.3,5.3,4.0,1.1,0.2,2.5,1.8,27.8,2017
110,Boris Diaw,PF,34,UTA,73,33,1283,4.1,9.2,.446,0.6,2.3,.247,3.5,6.9,.512,0.7,1.0,.743,1.3,3.1,4.4,4.8,0.5,0.3,2.4,2.3,9.5,2017
111,Gorgui Dieng,PF,27,MIN,82,82,2653,4.5,9.0,.502,0.2,0.6,.372,4.3,8.4,.511,1.8,2.3,.814,2.6,6.2,8.8,2.1,1.2,1.3,1.5,3.4,11.1,2017
112,Spencer Dinwiddie,PG,23,BRK,59,18,1334,3.6,8.1,.444,1.0,2.7,.376,2.6,5.4,.478,3.4,4.3,.792,0.7,3.7,4.4,5.0,1.2,0.6,1.8,3.2,11.7,2017
114,Goran Dragić,PG,30,MIA,73,73,2459,7.8,16.5,.475,1.7,4.2,.405,6.1,12.2,.499,4.4,5.5,.790,0.9,3.2,4.1,6.2,1.3,0.2,3.1,2.9,21.7,2017
115,Andre Drummond,C,23,DET,81,81,2409,7.2,13.6,.530,0.0,0.1,.286,7.2,13.5,.532,2.0,5.3,.386,5.2,11.5,16.7,1.3,1.9,1.3,2.3,3.5,16.5,2017
116,Jared Dudley,PF,31,PHO,64,7,1362,4.1,9.1,.454,2.0,5.4,.379,2.1,3.8,.559,1.1,1.7,.662,0.8,5.1,5.9,3.2,1.1,0.4,1.9,4.1,11.5,2017
117,Mike Dunleavy,SF,36,TOT,53,2,841,4.0,9.4,.423,2.3,5.7,.396,1.7,3.7,.465,1.5,1.9,.800,0.8,4.2,4.9,2.1,0.6,0.3,1.2,2.9,11.8,2017
118,Kris Dunn,PG,22,MIN,78,7,1333,3.2,8.5,.377,0.6,2.0,.288,2.6,6.5,.404,1.0,1.6,.610,0.6,3.8,4.5,5.1,2.1,1.0,2.4,4.8,7.9,2017
119,Kevin Durant,PF,28,GSW,62,62,2070,9.6,17.8,.537,2.0,5.4,.375,7.5,12.4,.608,5.8,6.7,.875,0.7,8.2,8.9,5.2,1.1,1.7,2.4,2.0,27.0,2017
122,Wayne Ellington,SG,29,MIA,62,13,1500,5.5,13.3,.416,3.6,9.5,.378,2.0,3.9,.509,0.9,1.0,.860,0.4,2.7,3.2,1.7,0.8,0.1,0.7,1.7,15.6,2017
123,Monta Ellis,SG,31,IND,74,33,1998,4.5,10.0,.443,0.8,2.4,.319,3.7,7.6,.483,1.7,2.3,.727,0.3,3.3,3.7,4.3,1.4,0.5,2.4,2.7,11.4,2017
125,James Ennis III,SF,26,MEM,64,28,1501,3.5,7.7,.455,1.2,3.3,.372,2.3,4.4,.516,2.1,2.6,.782,1.7,4.6,6.2,1.5,1.1,0.5,1.4,4.0,10.3,2017
126,Tyler Ennis,PG,22,TOT,53,2,588,5.5,12.7,.433,1.7,4.3,.386,3.9,8.4,.457,1.3,1.5,.840,0.6,2.2,2.8,5.3,1.5,0.1,2.8,3.6,14.0,2017
128,Dante Exum,PG,21,UTA,66,26,1228,4.5,10.6,.427,1.3,4.4,.295,3.3,6.3,.519,1.7,2.1,.795,0.9,3.0,3.9,3.3,0.6,0.4,2.3,4.3,12.1,2017
129,Kenneth Faried,PF,27,DEN,61,34,1296,6.3,11.6,.548,0.0,0.2,.000,6.3,11.4,.556,3.6,5.2,.693,5.1,7.7,12.8,1.5,1.2,1.1,1.6,3.4,16.3,2017
131,Derrick Favors,PF,25,UTA,50,39,1186,6.2,12.7,.487,0.1,0.3,.300,6.1,12.4,.491,2.0,3.3,.615,2.8,6.5,9.3,1.7,1.4,1.2,1.8,3.1,14.4,2017
132,Kay Felder,PG,21,CLE,42,0,386,5.8,14.7,.392,0.7,2.1,.318,5.1,12.7,.404,3.3,4.6,.714,0.3,3.5,3.8,5.4,1.7,0.7,2.8,3.5,15.5,2017
133,Cristiano Felício,C,24,CHI,66,0,1040,4.4,7.7,.579,0.0,0.0,,4.4,7.7,.579,2.1,3.2,.645,4.3,6.5,10.8,1.4,0.9,0.6,1.1,3.8,10.9,2017
134,Raymond Felton,PG,32,LAC,80,11,1700,4.7,10.9,.430,1.0,3.0,.319,3.7,7.8,.473,1.1,1.4,.781,0.7,3.9,4.6,4.0,1.4,0.5,1.8,2.6,11.4,2017
135,Yogi Ferrell,PG,23,TOT,46,29,1197,4.8,11.8,.406,2.0,5.3,.386,2.8,6.6,.422,2.2,2.7,.831,0.6,2.7,3.3,5.2,1.3,0.3,2.1,2.7,13.9,2017
136,Dorian Finney-Smith,PF,23,DAL,81,35,1642,2.7,7.3,.372,1.2,4.2,.293,1.5,3.1,.479,1.0,1.3,.754,1.2,3.7,4.9,1.5,1.1,0.5,1.0,2.7,7.7,2017
138,Evan Fournier,SG,24,ORL,68,66,2234,6.6,15.0,.439,2.1,5.8,.356,4.5,9.2,.491,3.6,4.5,.805,0.7,2.7,3.4,3.3,1.1,0.1,2.3,2.9,18.8,2017
139,Randy Foye,SG,33,BRK,69,40,1284,3.3,9.1,.363,1.9,5.7,.330,1.4,3.4,.418,1.5,1.8,.857,0.3,4.1,4.3,3.8,1.0,0.3,2.2,2.8,10.0,2017
140,Tim Frazier,PG,26,NOP,65,35,1525,3.8,9.5,.403,0.9,3.0,.313,2.9,6.5,.446,2.3,3.0,.760,0.8,3.3,4.1,7.9,1.3,0.1,2.4,3.1,11.0,2017
141,Enes Freedom,C,24,OKC,72,0,1533,9.4,17.3,.545,0.1,0.9,.132,9.3,16.4,.568,5.3,6.7,.786,4.6,6.7,11.3,1.6,0.8,0.9,2.9,3.6,24.3,2017
142,Channing Frye,C,33,CLE,74,15,1398,6.1,13.4,.458,3.5,8.6,.409,2.6,4.8,.546,1.6,1.9,.851,1.0,6.5,7.5,1.2,0.8,1.0,1.4,3.6,17.4,2017
143,Danilo Gallinari,SF,28,DEN,63,63,2134,5.7,12.7,.447,2.1,5.5,.389,3.5,7.2,.491,5.9,6.5,.902,0.7,4.8,5.5,2.3,0.7,0.3,1.4,1.6,19.3,2017
144,Langston Galloway,PG,25,TOT,74,2,1495,5.0,13.1,.380,2.9,7.4,.390,2.1,5.7,.367,1.2,1.5,.797,0.7,3.1,3.8,2.2,1.1,0.1,1.1,2.3,14.1,2017
146,Marc Gasol,C,32,MEM,74,74,2531,7.6,16.5,.459,1.5,3.8,.388,6.1,12.7,.480,4.0,4.7,.837,0.9,5.7,6.6,4.8,1.0,1.4,2.4,2.4,20.6,2017
147,Pau Gasol,C,36,SAS,64,39,1627,6.7,13.4,.502,1.2,2.3,.538,5.5,11.1,.494,2.9,4.1,.707,2.4,8.7,11.1,3.3,0.5,1.5,1.8,2.4,17.5,2017
151,Paul George,SF,26,IND,75,75,2689,8.3,18.0,.461,2.6,6.6,.393,5.7,11.4,.501,4.5,5.0,.898,0.8,5.8,6.6,3.4,1.6,0.4,2.9,2.8,23.8,2017
154,Taj Gibson,PF,31,TOT,78,71,1989,6.6,12.8,.515,0.1,0.2,.231,6.6,12.6,.520,2.0,2.9,.715,2.9,5.9,8.8,1.3,0.7,1.2,1.9,3.0,15.3,2017
155,Manu Ginóbili*,SG,39,SAS,69,0,1291,4.8,12.2,.390,2.5,6.3,.392,2.3,5.9,.387,2.4,3.0,.804,0.8,3.6,4.4,5.1,2.3,0.4,2.7,3.3,14.4,2017
156,Rudy Gobert,C,24,UTA,81,81,2744,5.4,8.2,.661,0.0,0.0,.000,5.4,8.2,.662,4.1,6.2,.653,4.1,9.5,13.6,1.3,0.6,2.8,1.9,3.2,14.9,2017
158,Aaron Gordon,SF,21,ORL,80,72,2298,6.2,13.6,.454,1.2,4.2,.288,5.0,9.4,.528,2.4,3.4,.719,1.8,4.5,6.3,2.3,1.0,0.6,1.4,2.7,16.0,2017
159,Eric Gordon,SG,28,HOU,75,15,2323,6.4,15.7,.406,3.8,10.2,.372,2.6,5.5,.468,2.3,2.7,.840,0.4,2.7,3.1,2.9,0.7,0.6,1.9,2.3,18.9,2017
160,Marcin Gortat,C,32,WAS,82,82,2556,5.5,9.5,.579,0.0,0.0,.000,5.5,9.5,.580,1.5,2.2,.648,3.4,8.6,12.0,1.7,0.6,0.9,1.7,3.0,12.4,2017
162,Jerami Grant,PF,22,TOT,80,4,1531,3.6,7.7,.463,1.0,2.7,.371,2.6,5.0,.514,2.1,3.5,.612,0.9,3.9,4.8,1.1,0.8,1.9,1.0,3.5,10.3,2017
163,Jerian Grant,PG,24,CHI,63,28,1028,4.5,10.5,.425,1.7,4.7,.366,2.8,5.8,.473,2.3,2.6,.890,0.6,3.3,3.9,4.2,1.6,0.3,1.5,3.3,13.0,2017
164,Danny Green,SG,29,SAS,68,68,1807,3.5,8.9,.392,2.4,6.2,.379,1.2,2.7,.420,0.5,0.6,.844,0.6,3.8,4.5,2.5,1.4,1.1,1.5,2.4,9.9,2017
165,Draymond Green,PF,26,GSW,76,76,2471,4.0,9.5,.418,1.2,3.8,.308,2.8,5.6,.494,2.2,3.1,.709,1.4,7.3,8.7,7.8,2.2,1.5,2.7,3.2,11.3,2017
166,Gerald Green,SF,31,BOS,47,0,538,6.4,15.5,.409,2.6,7.4,.351,3.7,8.1,.463,2.2,2.7,.805,1.1,4.6,5.6,2.2,0.6,0.5,1.7,3.2,17.5,2017
167,JaMychal Green,PF,26,MEM,77,75,2101,4.3,8.6,.500,0.9,2.5,.379,3.3,6.1,.549,2.3,2.9,.802,2.9,6.5,9.3,1.4,0.8,0.6,1.6,4.2,11.8,2017
168,Jeff Green,PF,30,ORL,69,11,1534,5.2,13.1,.394,1.2,4.5,.275,3.9,8.6,.458,3.4,3.9,.863,0.9,4.1,5.0,1.9,0.9,0.3,1.8,2.4,15.0,2017
169,Blake Griffin,PF,27,LAC,61,61,2076,8.3,16.8,.493,0.7,2.0,.336,7.6,14.9,.514,5.5,7.3,.760,1.9,6.7,8.6,5.2,1.0,0.4,2.5,2.7,22.8,2017
170,Justin Hamilton,C,26,BRK,64,7,1177,5.3,11.6,.459,1.7,5.5,.306,3.6,6.1,.598,1.2,1.6,.750,2.2,5.8,8.0,1.7,0.9,1.3,1.3,2.8,13.5,2017
172,Tim Hardaway Jr.,SG,24,ATL,79,30,2154,6.9,15.2,.455,2.5,7.0,.357,4.4,8.3,.537,2.7,3.6,.766,0.6,3.2,3.7,3.0,0.9,0.3,1.8,1.7,19.1,2017
173,James Harden,PG,27,HOU,81,81,2947,8.2,18.7,.440,3.2,9.2,.347,5.0,9.5,.530,9.1,10.8,.847,1.2,6.9,8.1,11.1,1.5,0.5,5.7,2.6,28.8,2017
174,Maurice Harkless,SF,23,POR,77,69,2223,5.1,10.1,.503,1.1,3.1,.351,4.0,7.0,.572,1.2,2.0,.621,2.0,3.5,5.5,1.4,1.4,1.1,1.4,3.5,12.5,2017
176,Montrezl Harrell,C,23,HOU,58,14,1064,7.6,11.7,.652,0.0,0.2,.143,7.6,11.4,.663,2.6,4.1,.628,2.7,4.7,7.4,2.2,0.7,1.4,1.5,4.3,17.8,2017
177,Devin Harris,PG,33,DAL,65,0,1087,4.5,11.3,.399,1.9,5.9,.328,2.6,5.4,.476,3.5,4.3,.829,0.4,3.8,4.2,4.5,1.4,0.2,1.9,3.3,14.5,2017
178,Gary Harris,SG,22,DEN,57,56,1782,6.5,12.9,.502,2.2,5.2,.420,4.3,7.7,.558,2.1,2.7,.776,1.0,2.6,3.6,3.3,1.4,0.2,1.5,1.9,17.2,2017
179,Joe Harris,SG,25,BRK,52,11,1138,4.9,11.5,.425,2.7,7.0,.385,2.2,4.5,.489,1.1,1.6,.714,0.5,4.1,4.7,1.7,0.9,0.3,1.7,3.8,13.5,2017
181,Tobias Harris,PF,24,DET,82,48,2567,7.2,14.9,.481,1.5,4.4,.347,5.6,10.5,.537,2.7,3.2,.841,0.9,5.0,5.8,2.0,0.8,0.5,1.3,1.9,18.5,2017
183,Andrew Harrison,PG,22,MEM,72,18,1474,2.9,8.8,.325,1.1,3.8,.276,1.8,5.0,.363,3.6,4.7,.763,0.6,2.8,3.3,4.8,1.3,0.5,2.1,4.7,10.4,2017
185,Spencer Hawes,PF,28,TOT,54,1,797,6.1,12.5,.484,1.1,3.7,.309,4.9,8.9,.556,2.0,2.3,.846,1.7,6.9,8.6,3.7,0.7,1.4,2.2,3.5,15.2,2017
186,Gordon Hayward,SF,26,UTA,73,73,2516,7.8,16.5,.471,2.1,5.4,.398,5.7,11.2,.506,5.2,6.1,.844,0.7,4.9,5.6,3.6,1.0,0.3,2.0,1.7,22.9,2017
187,Gerald Henderson,SG,29,PHI,72,41,1667,5.1,11.9,.423,1.3,3.7,.353,3.7,8.2,.455,2.9,3.6,.806,0.7,3.3,4.0,2.4,0.9,0.3,1.3,2.8,14.3,2017
188,John Henson,C,26,MIL,58,39,1123,5.1,9.9,.515,0.0,0.0,.000,5.1,9.9,.516,2.4,3.4,.692,2.9,6.5,9.5,1.8,0.9,2.5,1.7,4.8,12.6,2017
189,Juancho Hernangómez,PF,21,DEN,62,9,842,4.3,9.6,.451,2.0,4.8,.407,2.4,4.7,.495,2.4,3.2,.750,1.8,6.2,8.0,1.2,1.3,0.5,1.3,2.7,13.0,2017
190,Willy Hernangómez,C,22,NYK,72,22,1324,6.7,12.6,.529,0.1,0.4,.267,6.6,12.2,.538,2.5,3.4,.728,4.6,9.0,13.6,2.6,1.1,1.0,2.7,4.1,16.0,2017
191,Mario Hezonja,SF,21,ORL,65,2,960,4.4,12.4,.355,1.6,5.4,.299,2.8,7.0,.398,1.5,1.9,.800,0.7,4.7,5.5,2.3,1.1,0.6,2.2,2.8,11.9,2017
192,Roy Hibbert,C,30,TOT,48,13,682,4.2,7.8,.544,0.0,0.0,,4.2,7.8,.544,3.2,4.0,.813,2.9,5.2,8.0,1.1,0.4,2.4,1.7,5.3,11.7,2017
193,Buddy Hield,SG,24,TOT,82,55,1888,6.2,14.6,.426,2.8,7.2,.391,3.4,7.4,.461,1.2,1.4,.842,0.7,4.5,5.1,2.3,0.7,0.2,1.9,2.2,16.5,2017
194,Nenê,C,34,HOU,67,8,1198,7.4,11.9,.617,0.1,0.3,.333,7.3,11.7,.624,3.5,5.9,.589,2.9,5.6,8.5,2.0,1.7,1.2,2.2,4.9,18.3,2017
195,George Hill,PG,30,UTA,49,49,1544,6.7,14.1,.477,2.2,5.4,.403,4.5,8.7,.523,3.7,4.6,.801,0.5,3.4,3.9,4.8,1.2,0.3,2.0,2.7,19.3,2017
197,Solomon Hill,SF,25,NOP,80,71,2374,2.8,7.2,.383,1.4,4.1,.348,1.3,3.2,.428,1.6,1.9,.805,0.8,3.9,4.7,2.1,1.1,0.5,1.2,2.8,8.5,2017
199,Jrue Holiday,PG,26,NOP,67,61,2190,6.7,14.7,.454,1.6,4.6,.356,5.0,10.1,.498,2.0,2.8,.708,0.8,3.6,4.3,8.0,1.6,0.7,3.2,2.2,16.9,2017
200,Justin Holiday,SG,27,NYK,82,4,1639,5.1,11.8,.433,2.1,6.0,.355,3.0,5.8,.513,1.4,1.8,.825,0.6,4.3,4.9,2.2,1.4,0.7,1.4,2.4,13.8,2017
201,Rondae Hollis-Jefferson,SF,22,BRK,78,50,1761,4.8,11.1,.434,0.3,1.4,.224,4.5,9.7,.463,3.9,5.2,.751,2.0,7.3,9.2,3.1,1.7,0.9,2.4,3.6,13.8,2017
202,Richaun Holmes,C,23,PHI,57,17,1193,6.9,12.4,.558,0.8,2.3,.351,6.1,10.1,.606,2.2,3.1,.699,2.8,6.5,9.4,1.8,1.3,1.7,1.7,4.1,16.9,2017
203,Rodney Hood,SG,24,UTA,59,55,1593,6.1,15.1,.408,2.6,6.9,.371,3.6,8.1,.440,2.0,2.6,.783,0.4,4.2,4.6,2.2,0.9,0.2,1.5,3.0,16.9,2017
204,Al Horford,C,30,BOS,68,68,2193,6.2,13.1,.473,1.4,4.0,.355,4.8,9.2,.524,1.8,2.2,.800,1.6,6.1,7.6,5.5,0.9,1.4,1.9,2.3,15.6,2017
206,Dwight Howard,C,31,ATL,74,74,2199,6.4,10.0,.633,0.0,0.0,.000,6.4,10.0,.635,3.7,6.9,.533,4.8,10.5,15.4,1.7,1.0,1.5,2.8,3.3,16.4,2017
209,Kris Humphries,PF,31,ATL,56,4,689,4.5,11.2,.407,1.0,2.8,.352,3.6,8.4,.425,3.3,4.3,.780,3.1,7.6,10.8,1.5,0.8,1.1,1.5,3.6,13.4,2017
211,Serge Ibaka,PF,27,TOT,79,79,2422,7.0,14.6,.480,1.8,4.7,.391,5.2,9.9,.522,1.6,1.9,.856,1.9,6.1,8.0,1.1,0.6,1.8,1.6,3.2,17.4,2017
212,Andre Iguodala,SF,33,GSW,76,0,1998,3.9,7.5,.528,1.2,3.2,.362,2.8,4.3,.651,1.3,1.8,.706,0.9,4.6,5.5,4.7,1.4,0.7,1.0,1.7,10.3,2017
213,Ersan İlyasova,PF,29,TOT,82,52,2142,6.5,15.0,.431,2.4,6.8,.353,4.1,8.2,.496,2.7,3.5,.778,1.9,6.2,8.1,2.4,1.0,0.4,1.9,3.5,18.0,2017
214,Joe Ingles,SF,29,UTA,82,26,1972,3.7,8.2,.452,2.2,5.1,.441,1.5,3.1,.471,0.9,1.2,.735,0.4,4.3,4.8,4.1,1.8,0.1,2.0,3.0,10.6,2017
215,Brandon Ingram,SF,19,LAL,79,40,2279,4.4,10.8,.402,0.9,3.0,.294,3.5,7.9,.443,2.1,3.4,.621,0.9,4.0,5.0,2.6,0.8,0.6,1.8,2.5,11.7,2017
216,Kyrie Irving,PG,24,CLE,72,72,2525,9.6,20.2,.473,2.5,6.3,.401,7.0,14.0,.505,4.2,4.7,.905,0.7,2.5,3.3,6.0,1.2,0.3,2.6,2.2,25.9,2017
220,Reggie Jackson,PG,26,DET,52,50,1424,7.2,17.1,.419,1.7,4.7,.359,5.5,12.5,.442,3.0,3.4,.868,0.5,2.4,2.9,6.8,0.9,0.1,2.9,3.3,19.0,2017
221,LeBron James,SF,32,CLE,74,74,2794,9.5,17.3,.548,1.6,4.4,.363,7.9,12.9,.611,4.6,6.8,.674,1.2,7.0,8.2,8.3,1.2,0.6,3.9,1.7,25.2,2017
222,Al Jefferson,C,32,IND,66,1,931,9.1,18.2,.499,0.0,0.0,.000,9.1,18.2,.500,2.5,3.3,.765,2.9,7.8,10.7,2.2,0.7,0.6,1.3,4.8,20.7,2017
223,Richard Jefferson,SF,36,CLE,79,13,1614,3.4,7.7,.446,1.4,4.1,.333,2.0,3.5,.580,1.8,2.4,.741,0.6,3.9,4.5,1.7,0.6,0.2,1.2,3.4,10.0,2017
225,Brandon Jennings,PG,27,TOT,81,13,1802,3.8,10.7,.359,1.6,5.0,.313,2.3,5.7,.399,2.3,3.0,.750,0.6,3.3,3.9,7.9,1.4,0.1,2.6,2.3,11.5,2017
226,Jonas Jerebko,PF,29,BOS,78,6,1232,3.3,7.7,.435,1.3,3.8,.346,2.0,3.9,.523,0.8,1.1,.703,1.7,6.2,7.9,2.1,0.7,0.5,1.1,3.6,8.7,2017
227,Amir Johnson,PF,29,BOS,80,77,1608,4.8,8.3,.576,0.6,1.5,.409,4.2,6.8,.612,1.5,2.2,.670,2.6,5.6,8.2,3.1,1.1,1.4,1.7,4.7,11.6,2017
229,James Johnson,PF,29,MIA,76,5,2085,6.4,13.3,.479,1.5,4.4,.340,4.9,8.9,.548,2.6,3.7,.707,1.1,5.4,6.5,4.8,1.3,1.5,3.0,3.4,16.8,2017
230,Joe Johnson,SF,35,UTA,78,14,1843,5.3,12.2,.436,2.1,5.0,.411,3.3,7.2,.454,1.2,1.5,.818,0.6,4.1,4.7,2.8,0.7,0.4,1.3,1.8,14.0,2017
231,Stanley Johnson,SF,20,DET,77,1,1371,3.4,9.6,.353,1.2,4.0,.292,2.2,5.5,.398,0.9,1.4,.679,0.9,4.0,5.0,2.8,1.5,0.6,1.9,3.2,8.9,2017
232,Tyler Johnson,PG,24,MIA,73,0,2178,5.9,13.6,.433,1.5,4.1,.372,4.4,9.5,.460,3.2,4.2,.768,0.8,4.0,4.8,3.9,1.4,0.7,1.5,2.9,16.6,2017
233,Wesley Johnson,SF,29,LAC,68,3,810,3.2,8.9,.365,1.3,5.2,.246,2.0,3.6,.537,0.5,0.8,.647,1.2,6.9,8.0,1.0,1.3,1.3,0.8,3.7,8.3,2017
234,Nikola Jokić,C,21,DEN,73,59,2038,8.7,15.1,.578,0.8,2.5,.324,7.9,12.6,.628,3.3,4.0,.825,3.7,8.9,12.7,6.3,1.1,1.0,3.0,3.8,21.6,2017
238,James Jones,SF,36,CLE,48,2,381,4.2,8.7,.478,2.9,6.2,.470,1.2,2.5,.500,1.2,1.9,.650,0.3,3.2,3.5,1.3,0.6,0.9,0.9,3.5,12.5,2017
239,Terrence Jones,PF,25,TOT,54,12,1270,6.5,13.9,.470,0.5,2.1,.253,6.0,11.8,.508,2.9,4.8,.606,1.8,6.8,8.7,1.7,1.1,1.5,1.4,1.9,16.6,2017
240,Tyus Jones,PG,20,MIN,60,0,774,3.5,8.4,.414,1.2,3.4,.356,2.3,5.0,.454,1.5,2.0,.767,0.5,2.7,3.1,7.3,2.2,0.2,1.8,2.3,9.7,2017
241,DeAndre Jordan,C,28,LAC,81,81,2570,5.8,8.1,.714,0.0,0.0,.000,5.8,8.1,.717,2.9,6.0,.482,4.2,11.4,15.6,1.3,0.7,1.9,1.6,3.0,14.4,2017
242,Cory Joseph,PG,25,TOR,80,22,2003,5.4,11.9,.452,0.9,2.4,.356,4.5,9.5,.477,1.7,2.2,.770,0.9,3.3,4.2,4.8,1.2,0.2,1.9,2.5,13.3,2017
243,Frank Kaminsky,C,23,CHO,75,16,1954,5.9,14.8,.399,2.1,6.5,.328,3.8,8.3,.455,2.2,2.9,.756,1.1,5.1,6.2,3.0,0.8,0.6,1.4,2.6,16.1,2017
245,Michael Kidd-Gilchrist,SF,23,CHO,81,81,2349,4.5,9.5,.477,0.0,0.1,.111,4.5,9.3,.483,2.3,3.0,.784,2.4,6.3,8.7,1.7,1.2,1.2,0.9,2.9,11.4,2017
246,Sean Kilpatrick,SG,27,BRK,70,24,1754,6.3,15.1,.415,2.2,6.3,.341,4.1,8.8,.468,4.2,5.0,.843,0.5,5.3,5.7,3.2,0.9,0.1,2.8,2.4,18.9,2017
247,Brandon Knight,SG,25,PHO,54,5,1140,6.6,16.6,.398,1.4,4.4,.324,5.2,12.2,.425,4.2,4.9,.857,0.8,2.9,3.7,4.1,0.9,0.2,2.8,2.7,18.8,2017
248,Kyle Korver,SG,35,TOT,67,22,1753,4.9,10.6,.464,3.3,7.4,.451,1.6,3.2,.494,0.8,0.9,.905,0.1,3.7,3.8,2.3,0.7,0.4,1.4,2.2,13.9,2017
249,Kosta Koufos,C,27,SAC,71,62,1419,5.5,9.9,.551,0.0,0.0,.000,5.5,9.9,.552,1.0,1.6,.613,3.0,7.2,10.2,1.2,0.9,1.2,1.5,4.4,11.9,2017
250,Mindaugas Kuzminskas,SF,27,NYK,68,5,1016,5.6,13.1,.428,1.9,6.0,.321,3.7,7.1,.517,1.9,2.4,.809,1.7,2.8,4.5,2.4,1.0,0.4,1.8,2.8,15.1,2017
252,Jeremy Lamb,SG,24,CHO,62,5,1143,7.1,15.5,.460,1.3,4.6,.281,5.8,10.9,.536,3.5,4.1,.853,0.9,7.4,8.3,2.4,0.9,0.7,1.3,3.1,19.0,2017
254,Joffrey Lauvergne,PF-C,25,TOT,70,1,980,5.4,12.3,.440,1.2,3.6,.337,4.2,8.7,.483,1.7,2.7,.630,2.6,6.6,9.2,2.6,0.9,0.2,2.1,3.0,13.8,2017
255,Zach LaVine,SG,21,MIN,47,47,1749,6.7,14.6,.459,2.5,6.4,.387,4.2,8.2,.515,2.4,2.9,.836,0.4,2.9,3.3,2.9,0.8,0.2,1.7,2.1,18.3,2017
256,Ty Lawson,PG,29,SAC,69,24,1732,4.9,10.8,.454,0.7,2.5,.288,4.2,8.4,.502,3.6,4.5,.797,0.9,2.8,3.7,6.9,1.5,0.1,2.7,2.5,14.2,2017
258,Courtney Lee,SG,31,NYK,77,74,2459,4.7,10.3,.456,1.6,3.9,.401,3.1,6.4,.490,1.2,1.4,.867,0.8,3.0,3.8,2.6,1.2,0.4,1.0,2.1,12.2,2017
259,David Lee,PF,33,SAS,79,10,1477,6.0,10.2,.590,0.0,0.0,,6.0,10.2,.590,1.9,2.8,.708,3.6,7.1,10.7,3.0,0.8,1.0,2.0,3.0,14.0,2017
260,Alex Len,C,23,PHO,77,34,1560,5.3,10.7,.497,0.1,0.3,.250,5.2,10.4,.503,3.5,4.8,.721,3.6,8.2,11.8,1.0,0.9,2.3,2.4,5.6,14.1,2017
261,Kawhi Leonard,SF,25,SAS,74,74,2474,9.3,19.1,.485,2.1,5.6,.380,7.1,13.5,.529,6.8,7.8,.880,1.2,5.1,6.3,3.8,1.9,0.8,2.2,1.8,27.5,2017
262,Meyers Leonard,PF,24,POR,74,12,1222,4.3,11.1,.386,2.2,6.3,.347,2.1,4.9,.436,1.0,1.2,.875,0.8,6.2,7.0,2.1,0.4,0.8,1.0,5.1,11.8,2017
263,Jon Leuer,PF,27,DET,75,34,1944,5.7,12.0,.480,0.9,3.1,.293,4.8,8.9,.545,1.8,2.1,.867,1.9,5.6,7.4,2.1,0.6,0.5,1.2,2.7,14.2,2017
264,Caris LeVert,SF,22,BRK,57,26,1237,5.0,11.1,.450,1.7,5.4,.321,3.3,5.7,.571,1.9,2.7,.720,0.7,4.8,5.5,3.2,1.4,0.2,1.7,2.6,13.6,2017
265,DeAndre Liggins,SG,28,TOT,62,19,777,2.5,6.6,.387,0.8,2.1,.370,1.8,4.4,.396,1.2,1.9,.625,0.9,4.1,5.0,2.5,2.2,0.6,1.9,3.8,7.0,2017
266,Damian Lillard,PG,26,POR,75,75,2694,8.8,19.9,.444,2.9,7.7,.370,6.0,12.1,.492,6.5,7.3,.895,0.6,4.3,4.9,5.9,0.9,0.3,2.6,2.0,27.0,2017
268,Shaun Livingston,PG,31,GSW,76,3,1345,4.6,8.5,.547,0.0,0.1,.333,4.6,8.4,.550,1.1,1.6,.700,0.7,3.3,4.0,3.7,1.0,0.5,1.7,3.2,10.4,2017
270,Kevon Looney,C,20,GSW,53,4,447,4.5,8.6,.523,0.2,0.7,.222,4.3,7.9,.551,1.7,2.7,.618,3.5,6.4,10.0,2.3,1.2,1.4,1.4,5.2,10.9,2017
271,Brook Lopez,C,28,BRK,75,75,2222,9.0,19.0,.474,2.2,6.3,.346,6.8,12.7,.536,4.8,5.9,.810,2.0,4.6,6.5,2.9,0.6,2.0,3.0,3.1,24.9,2017
272,Robin Lopez,C,28,CHI,81,81,2271,6.1,12.3,.493,0.0,0.0,.000,6.1,12.3,.494,1.2,1.6,.721,3.9,4.4,8.2,1.3,0.3,1.9,1.4,2.4,13.3,2017
273,Kevin Love,PF,28,CLE,60,60,1885,7.1,16.6,.427,2.8,7.4,.373,4.3,9.1,.471,4.9,5.6,.871,2.8,9.9,12.7,2.2,1.0,0.4,2.3,2.4,21.8,2017
274,Kyle Lowry,PG,30,TOR,60,60,2244,6.8,14.7,.464,3.1,7.5,.412,3.7,7.2,.518,4.8,5.9,.819,0.8,3.8,4.6,6.7,1.4,0.3,2.8,2.7,21.6,2017
276,Timothé Luwawu-Cabarrot,SF,21,PHI,69,19,1190,4.4,10.9,.402,1.5,4.9,.311,2.9,6.1,.475,3.2,3.7,.854,0.8,3.8,4.5,2.3,1.0,0.3,2.2,4.7,13.5,2017
277,Trey Lyles,PF,21,UTA,71,4,1158,4.9,13.6,.362,2.0,6.3,.319,2.9,7.3,.400,1.8,2.5,.722,1.5,5.8,7.3,2.1,0.8,0.6,2.0,3.0,13.7,2017
279,Shelvin Mack,PG,26,UTA,55,9,1205,5.1,11.4,.446,1.1,3.6,.308,4.0,7.8,.510,1.6,2.3,.688,0.6,3.1,3.7,4.6,1.3,0.1,2.7,3.0,12.8,2017
281,Thon Maker,C,19,MIL,57,34,562,5.3,11.6,.459,1.8,4.7,.378,3.5,6.9,.514,2.0,3.1,.653,2.6,4.7,7.3,1.5,0.6,1.7,1.1,5.4,14.5,2017
283,Jarell Martin,PF,22,MEM,42,3,558,3.7,9.7,.384,0.6,1.6,.360,3.2,8.1,.389,2.6,3.2,.800,2.7,7.7,10.5,0.5,1.1,0.6,1.8,5.9,10.6,2017
284,Wesley Matthews,SG,30,DAL,73,73,2495,4.8,12.2,.393,2.5,6.9,.363,2.3,5.3,.432,2.1,2.6,.816,0.3,3.5,3.7,3.0,1.1,0.2,1.5,2.3,14.2,2017
285,Luc Mbah a Moute,SF,30,LAC,80,76,1787,3.8,7.6,.505,0.9,2.2,.391,3.0,5.4,.552,1.2,1.8,.678,0.9,2.5,3.4,0.8,1.6,0.7,0.9,2.5,9.8,2017
286,James Michael McAdoo,PF,24,GSW,52,2,457,4.9,9.2,.530,0.2,0.6,.250,4.7,8.6,.550,1.7,3.3,.500,2.7,4.5,7.2,1.4,1.4,2.3,1.5,3.7,11.6,2017
287,Patrick McCaw,SG,21,GSW,71,20,1074,3.6,8.2,.433,1.4,4.1,.333,2.2,4.1,.533,1.0,1.2,.784,0.7,2.6,3.4,2.6,1.1,0.5,1.2,2.1,9.5,2017
288,CJ McCollum,SG,25,POR,80,80,2796,8.9,18.6,.480,2.4,5.7,.421,6.5,12.9,.506,3.5,3.8,.912,0.8,2.9,3.7,3.7,0.9,0.5,2.2,2.6,23.7,2017
289,T.J. McConnell,PG,24,PHI,81,51,2133,4.0,8.6,.461,0.2,0.9,.200,3.8,7.7,.492,1.2,1.5,.811,0.7,3.6,4.2,9.0,2.3,0.2,2.7,2.3,9.4,2017
291,K.J. McDaniels,SF,23,TOT,49,0,505,5.5,12.0,.456,1.4,4.7,.303,4.1,7.3,.553,2.3,2.7,.842,1.1,4.8,5.8,0.9,1.4,1.3,2.1,3.5,14.7,2017
292,Doug McDermott,SF,25,TOT,66,5,1508,5.3,11.9,.447,1.8,5.0,.370,3.5,6.9,.502,1.7,2.0,.845,0.5,3.8,4.3,1.4,0.3,0.1,0.9,1.9,14.1,2017
293,JaVale McGee,C,29,GSW,77,10,739,10.1,15.5,.652,0.0,0.1,.000,10.1,15.4,.658,2.7,5.4,.505,4.9,7.0,11.9,0.8,0.9,3.3,1.9,5.3,23.0,2017
294,Rodney McGruder,SG,25,MIA,78,65,1966,3.5,8.4,.413,1.3,4.0,.332,2.1,4.4,.488,0.8,1.3,.620,1.7,3.0,4.7,2.3,0.8,0.3,1.0,2.6,9.1,2017
295,Ben McLemore,SG,23,SAC,61,26,1176,5.5,12.8,.430,2.0,5.2,.382,3.5,7.6,.462,2.1,2.8,.753,0.6,3.4,3.9,1.6,0.9,0.2,1.9,3.3,15.2,2017
299,Salah Mejri,C,30,DAL,73,11,905,3.5,5.4,.642,0.0,0.1,.333,3.5,5.3,.649,1.4,2.4,.590,3.9,8.4,12.3,0.6,1.3,2.4,1.6,6.0,8.5,2017
302,C.J. Miles,SF,29,IND,76,29,1776,5.7,13.1,.434,3.4,8.3,.413,2.3,4.8,.471,1.7,1.9,.903,0.6,4.0,4.6,1.0,0.9,0.5,0.8,3.1,16.5,2017
304,Patty Mills,PG,28,SAS,80,8,1754,5.6,12.7,.440,3.0,7.3,.414,2.6,5.5,.474,1.4,1.6,.825,0.5,2.4,2.9,5.7,1.3,0.1,2.1,2.2,15.6,2017
306,Paul Millsap,PF,31,ATL,69,67,2343,6.6,14.9,.442,1.2,3.7,.311,5.5,11.2,.486,4.8,6.2,.768,1.7,6.5,8.2,3.9,1.4,1.0,2.4,2.9,19.1,2017
307,Nikola Mirotić,PF,25,CHI,70,15,1679,5.5,13.4,.413,2.8,8.1,.342,2.8,5.3,.520,2.1,2.7,.773,1.3,6.9,8.2,1.6,1.1,1.2,1.7,2.7,16.0,2017
308,Greg Monroe,C,26,MIL,81,0,1823,7.6,14.3,.533,0.0,0.1,.000,7.6,14.3,.536,3.5,4.7,.741,3.3,7.2,10.5,3.7,1.8,0.8,2.8,3.3,18.8,2017
309,E'Twaun Moore,SG,27,NOP,73,22,1820,5.6,12.2,.457,1.5,4.1,.370,4.1,8.1,.501,1.1,1.5,.770,0.7,2.4,3.0,3.2,1.0,0.6,1.2,2.6,13.8,2017
310,Marcus Morris,SF,27,DET,79,79,2565,5.9,14.1,.418,1.7,5.0,.331,4.3,9.1,.466,2.0,2.6,.784,1.1,4.1,5.1,2.2,0.7,0.4,1.2,2.4,15.5,2017
311,Markieff Morris,PF,27,WAS,76,76,2374,6.2,13.5,.457,1.1,3.0,.362,5.1,10.5,.483,2.7,3.3,.837,1.6,5.9,7.5,1.9,1.2,0.6,2.0,3.9,16.1,2017
312,Anthony Morrow,SG,31,TOT,49,7,714,4.9,12.7,.389,2.1,6.7,.308,2.9,6.0,.479,1.7,1.9,.919,0.6,1.0,1.6,1.3,1.2,0.1,0.3,2.2,13.7,2017
314,Timofey Mozgov,C,30,LAL,54,52,1104,5.5,10.7,.515,0.0,0.0,.000,5.5,10.7,.517,2.1,2.5,.808,3.4,5.2,8.6,1.4,0.5,1.0,2.3,4.3,13.1,2017
315,Emmanuel Mudiay,PG,20,DEN,55,41,1406,5.3,14.1,.377,1.4,4.6,.315,3.9,9.6,.408,3.4,4.3,.784,0.7,3.8,4.6,5.6,1.0,0.3,3.1,2.4,15.4,2017
316,Shabazz Muhammad,SF,24,MIN,78,1,1516,6.8,14.2,.482,1.2,3.4,.338,5.7,10.8,.528,3.5,4.5,.774,2.0,3.2,5.2,0.8,0.5,0.1,1.3,2.0,18.3,2017
318,Jamal Murray,SG,19,DEN,82,10,1764,6.0,14.9,.404,2.3,7.0,.334,3.7,7.9,.466,2.2,2.4,.883,0.8,3.5,4.4,3.5,1.0,0.5,2.3,2.5,16.6,2017
319,Mike Muscala,C,25,ATL,70,3,1237,4.9,9.8,.504,1.3,3.2,.418,3.6,6.6,.546,1.4,1.9,.766,2.2,4.8,7.0,2.8,0.9,1.2,1.6,2.8,12.7,2017
320,Larry Nance Jr.,PF,24,LAL,63,7,1442,4.7,9.0,.526,0.2,0.9,.278,4.5,8.1,.554,1.5,2.0,.738,3.0,6.2,9.2,2.4,2.0,1.0,1.4,3.7,11.2,2017
321,Shabazz Napier,PG,25,POR,53,2,512,5.1,12.9,.399,2.4,6.5,.370,2.7,6.4,.429,2.7,3.4,.776,0.6,3.7,4.3,4.7,2.3,0.1,2.9,2.7,15.3,2017
324,Jameer Nelson,PG,34,DEN,75,39,2045,4.7,10.6,.444,1.9,4.8,.388,2.9,5.8,.489,0.8,1.1,.714,0.5,2.9,3.4,6.8,1.0,0.1,2.3,3.5,12.1,2017
328,Joakim Noah,C,31,NYK,46,46,1015,3.5,7.2,.490,0.0,0.0,.000,3.5,7.1,.493,1.2,2.8,.436,5.7,8.5,14.3,3.7,1.1,1.3,2.1,4.5,8.2,2017
329,Nerlens Noel,C,22,TOT,51,19,1047,6.3,10.6,.595,0.0,0.0,.000,6.3,10.6,.597,2.6,3.8,.694,3.2,6.9,10.1,1.7,2.2,1.7,1.8,4.3,15.3,2017
330,Lucas Nogueira,C,24,TOR,57,6,1088,3.4,5.2,.660,0.1,0.4,.250,3.3,4.8,.694,1.5,2.2,.657,2.7,5.4,8.1,1.4,1.7,2.9,1.5,4.5,8.4,2017
332,Dirk Nowitzki,PF,38,DAL,54,54,1424,7.5,17.1,.437,2.0,5.3,.378,5.5,11.9,.463,2.5,2.8,.875,0.6,8.3,8.9,2.1,0.8,1.0,1.3,2.9,19.4,2017
333,Jusuf Nurkić,C,22,TOT,65,48,1391,7.0,13.8,.507,0.0,0.0,.000,7.0,13.8,.508,3.1,5.4,.571,4.0,8.1,12.1,3.2,1.3,1.9,3.7,4.2,17.1,2017
336,Kyle O'Quinn,C,26,NYK,79,8,1229,6.3,12.1,.521,0.1,0.5,.118,6.2,11.6,.538,1.9,2.4,.771,4.6,8.3,12.9,3.4,1.1,3.0,2.2,5.1,14.5,2017
338,Jahlil Okafor,C,21,PHI,50,33,1134,7.7,15.0,.514,0.0,0.0,,7.7,15.0,.514,3.4,5.0,.671,2.6,5.0,7.6,1.8,0.6,1.6,2.9,3.9,18.7,2017
339,Victor Oladipo,SG,24,OKC,67,67,2222,6.7,15.1,.442,2.1,5.7,.361,4.6,9.4,.491,1.9,2.5,.753,0.6,4.1,4.7,2.9,1.3,0.3,1.9,2.5,17.3,2017
340,Kelly Olynyk,C,25,BOS,75,6,1538,6.1,11.9,.512,1.6,4.5,.354,4.5,7.4,.608,2.1,2.9,.732,1.7,6.7,8.4,3.5,1.0,0.7,2.2,4.8,15.9,2017
343,Kelly Oubre Jr.,SF,21,WAS,79,5,1605,4.2,9.9,.421,1.2,4.2,.287,3.0,5.7,.520,1.7,2.2,.758,1.4,4.5,5.9,1.1,1.3,0.4,1.1,4.4,11.2,2017
344,Zaza Pachulia,C,32,GSW,70,70,1268,4.7,8.7,.534,0.0,0.1,.000,4.7,8.7,.538,2.8,3.6,.778,4.0,7.7,11.6,3.7,1.7,0.9,2.5,4.7,12.1,2017
346,Jabari Parker,PF,21,MIL,51,50,1728,8.3,17.0,.490,1.4,3.7,.365,7.0,13.2,.525,3.4,4.5,.743,1.6,4.9,6.5,3.0,1.0,0.5,1.9,2.3,21.4,2017
347,Tony Parker,PG,34,SAS,63,63,1587,6.0,12.9,.466,0.5,1.6,.333,5.5,11.3,.484,1.9,2.7,.726,0.2,2.4,2.6,6.5,0.8,0.0,2.0,2.1,14.5,2017
350,Patrick Patterson,PF,27,TOR,65,8,1599,3.5,8.6,.401,2.1,5.7,.372,1.4,2.9,.458,1.0,1.4,.717,1.4,5.2,6.6,1.7,0.9,0.5,0.9,2.7,10.0,2017
351,Chris Paul,PG,31,LAC,61,61,1921,7.0,14.7,.476,2.3,5.7,.411,4.7,9.1,.518,4.3,4.9,.892,0.7,4.9,5.7,10.6,2.2,0.1,2.8,2.7,20.7,2017
354,Elfrid Payton,PG,22,ORL,82,58,2412,6.4,13.6,.471,0.6,2.2,.274,5.8,11.4,.509,2.2,3.1,.692,1.3,4.4,5.8,7.9,1.3,0.6,2.7,2.6,15.6,2017
358,Mason Plumlee,C,26,TOT,81,64,2148,5.6,10.4,.536,0.0,0.1,.000,5.6,10.3,.541,2.9,5.0,.580,2.8,7.3,10.1,4.8,1.2,1.5,2.2,3.8,14.1,2017
359,Miles Plumlee,C,28,TOT,45,12,484,3.3,6.8,.478,0.0,0.0,,3.3,6.8,.478,1.9,2.9,.641,2.8,4.2,7.1,1.6,1.3,1.0,2.2,5.4,8.4,2017
360,Jakob Poeltl,C,21,TOR,54,4,626,3.9,6.6,.583,0.0,0.0,,3.9,6.6,.583,1.8,3.3,.544,4.5,5.0,9.5,0.7,1.0,1.2,1.7,6.5,9.5,2017
361,Otto Porter Jr.,SF,23,WAS,80,80,2605,5.7,11.1,.516,2.0,4.7,.434,3.7,6.4,.576,1.4,1.6,.832,1.6,5.5,7.1,1.7,1.6,0.6,0.6,2.7,14.9,2017
362,Bobby Portis,PF,21,CHI,64,13,1000,6.6,13.5,.488,1.2,3.5,.333,5.4,10.0,.541,1.4,2.1,.661,2.7,8.0,10.7,1.3,0.6,0.4,1.3,3.4,15.7,2017
363,Kristaps Porziņģis,PF,21,NYK,66,65,2164,7.4,16.4,.450,1.9,5.2,.357,5.5,11.2,.493,3.3,4.2,.786,1.8,6.1,7.9,1.6,0.8,2.1,2.0,4.1,19.9,2017
364,Dwight Powell,C,25,DAL,77,3,1333,5.2,10.2,.515,0.6,2.0,.284,4.7,8.2,.571,2.9,3.8,.759,2.5,5.8,8.3,1.3,1.6,1.1,0.9,3.6,13.9,2017
365,Norman Powell,SG,23,TOR,76,18,1368,6.0,13.3,.449,1.5,4.6,.324,4.5,8.8,.514,3.3,4.2,.792,0.7,3.8,4.4,2.2,1.4,0.4,1.8,3.3,16.7,2017
368,Taurean Prince,SF,22,ATL,59,10,981,4.2,10.5,.400,1.2,3.7,.324,3.0,6.7,.443,2.7,3.4,.787,0.9,4.8,5.8,2.0,1.6,1.0,2.2,3.5,12.3,2017
371,Julius Randle,PF,22,LAL,74,73,2132,6.4,13.1,.488,0.3,1.1,.270,6.1,12.0,.507,3.4,4.8,.723,2.5,8.2,10.7,4.5,0.8,0.6,2.9,4.2,16.5,2017
372,Zach Randolph,PF,35,MEM,73,5,1786,8.7,19.4,.449,0.4,1.9,.223,8.3,17.5,.474,2.8,3.9,.731,3.7,8.4,12.1,2.5,0.8,0.2,2.0,2.7,20.7,2017
373,J.J. Redick,SG,32,LAC,78,78,2198,6.5,14.6,.445,3.3,7.7,.429,3.2,6.9,.462,2.9,3.3,.891,0.2,2.6,2.8,1.8,0.9,0.2,1.6,2.0,19.2,2017
374,Willie Reed,C,26,MIA,71,5,1031,5.7,10.0,.568,0.0,0.1,.250,5.6,9.8,.573,1.7,3.1,.557,4.5,7.1,11.6,0.9,0.6,1.6,1.1,4.8,13.1,2017
375,Josh Richardson,SG,23,MIA,53,34,1614,4.5,11.4,.394,1.7,5.1,.330,2.8,6.4,.444,1.3,1.7,.779,0.8,3.0,3.7,3.1,1.3,0.9,1.4,2.9,12.0,2017
377,Austin Rivers,SG,24,LAC,74,29,2054,5.7,12.8,.442,1.9,5.2,.371,3.7,7.6,.491,2.3,3.3,.691,0.4,2.5,2.8,3.6,0.8,0.2,2.0,3.3,15.6,2017
378,Andre Roberson,SF,25,OKC,79,79,2376,3.3,7.0,.464,0.7,2.8,.245,2.6,4.2,.609,0.7,1.7,.423,1.5,4.6,6.1,1.2,1.4,1.2,0.8,3.1,7.9,2017
380,Glenn Robinson III,SF,23,IND,69,27,1427,4.0,8.5,.467,1.2,3.2,.392,2.7,5.4,.512,1.4,1.9,.711,1.4,4.8,6.2,1.2,1.0,0.5,0.9,1.6,10.6,2017
381,Thomas Robinson,PF,25,LAL,48,1,560,6.8,12.6,.536,0.0,0.1,.000,6.8,12.5,.538,2.0,4.2,.470,5.4,8.9,14.3,2.0,1.7,0.6,3.0,4.9,15.5,2017
382,Sergio Rodríguez,PG,30,PHI,68,30,1518,5.0,12.7,.392,2.2,6.0,.365,2.8,6.7,.415,0.4,0.6,.667,0.5,3.2,3.7,8.2,1.2,0.1,3.0,2.3,12.6,2017
383,Rajon Rondo,PG,30,CHI,69,42,1843,4.5,11.0,.408,1.0,2.6,.376,3.5,8.4,.418,0.6,1.0,.600,1.4,5.5,6.9,9.0,1.9,0.2,3.3,2.8,10.5,2017
384,Derrick Rose,PG,28,NYK,64,64,2082,8.0,16.9,.471,0.2,1.0,.217,7.7,15.9,.487,3.8,4.4,.874,1.1,3.1,4.3,4.9,0.8,0.3,2.5,1.5,20.0,2017
385,Terrence Ross,SF,25,TOT,78,24,1955,6.0,13.7,.437,2.6,7.2,.363,3.4,6.5,.518,1.2,1.4,.831,0.3,3.5,3.8,1.6,1.6,0.6,1.3,2.6,15.8,2017
386,Terry Rozier,PG,22,BOS,74,0,1263,4.3,11.7,.367,1.6,5.1,.318,2.7,6.6,.405,1.5,1.9,.773,1.1,5.3,6.5,3.7,1.3,0.3,1.3,2.0,11.7,2017
387,Ricky Rubio,PG,26,MIN,75,75,2469,3.8,9.5,.402,0.9,2.9,.306,2.9,6.6,.443,3.7,4.2,.891,1.0,3.5,4.4,9.9,1.9,0.1,2.8,2.9,12.2,2017
388,Damjan Rudež,SF,30,ORL,45,0,314,3.6,10.1,.352,2.3,7.3,.313,1.3,2.8,.458,0.0,0.0,,0.6,2.3,2.9,2.3,1.4,0.1,1.0,3.6,9.4,2017
389,Brandon Rush,SG,31,MIN,47,33,1030,2.4,6.5,.374,1.5,4.0,.386,0.9,2.6,.356,0.5,0.6,.722,0.6,2.9,3.5,1.6,0.8,0.8,1.0,1.5,6.9,2017
390,D'Angelo Russell,PG,20,LAL,63,60,1811,7.0,17.2,.405,2.7,7.6,.352,4.3,9.6,.447,2.9,3.7,.782,0.6,3.8,4.4,6.0,1.7,0.3,3.5,2.6,19.6,2017
391,Domantas Sabonis,PF,20,OKC,81,66,1632,4.2,10.6,.399,1.1,3.5,.321,3.1,7.1,.438,1.0,1.5,.657,1.0,5.3,6.4,1.8,0.9,0.7,1.8,4.4,10.6,2017
393,Dario Šarić,PF,22,PHI,81,36,2129,6.4,15.7,.411,1.8,5.8,.311,4.7,9.9,.469,2.9,3.7,.782,1.9,6.8,8.7,3.1,1.0,0.5,3.1,2.7,17.6,2017
394,Tomáš Satoranský,SG,25,WAS,57,3,719,3.1,7.4,.415,0.5,1.9,.243,2.6,5.5,.473,1.2,1.7,.697,1.3,2.9,4.2,4.6,1.3,0.3,1.9,3.0,7.7,2017
395,Dennis Schröder,PG,23,ATL,79,78,2485,7.9,17.6,.451,1.4,4.3,.340,6.5,13.3,.487,3.2,3.7,.855,0.6,3.0,3.6,7.2,1.1,0.2,3.7,2.2,20.5,2017
398,Thabo Sefolosha,SF,32,ATL,62,42,1596,3.9,8.9,.441,0.9,2.7,.342,3.0,6.2,.484,1.2,1.7,.733,1.2,4.9,6.1,2.4,2.2,0.7,1.3,2.2,10.0,2017
400,Kevin Séraphin,PF,27,IND,49,3,559,7.0,12.8,.551,0.0,0.1,.000,7.0,12.6,.556,0.9,1.4,.636,2.6,6.5,9.1,1.5,0.5,1.3,1.9,4.3,14.9,2017
401,Ramon Sessions,PG,30,CHO,50,1,811,4.4,11.7,.380,0.9,2.8,.339,3.5,8.9,.393,4.0,5.2,.771,0.5,2.8,3.2,5.7,1.2,0.1,2.0,1.9,13.8,2017
402,Iman Shumpert,SG,26,CLE,76,31,1937,3.7,9.1,.411,1.7,4.9,.360,2.0,4.2,.469,1.3,1.7,.789,0.7,3.3,4.1,2.0,1.2,0.5,1.4,2.8,10.5,2017
403,Pascal Siakam,PF,22,TOR,55,38,859,4.3,8.6,.502,0.0,0.3,.143,4.3,8.3,.515,0.9,1.3,.688,2.7,5.1,7.8,0.7,1.1,1.9,1.4,4.6,9.6,2017
404,Jonathon Simmons,SG,27,SAS,78,8,1392,4.6,10.9,.420,0.8,2.6,.294,3.8,8.2,.461,2.6,3.4,.750,0.5,3.6,4.1,3.3,1.2,0.6,2.0,3.8,12.5,2017
406,Marcus Smart,SG,22,BOS,79,24,2399,4.0,11.2,.359,1.4,5.0,.283,2.6,6.3,.420,3.0,3.8,.812,1.2,3.4,4.6,5.5,1.9,0.5,2.4,2.9,12.5,2017
407,Ish Smith,PG,28,DET,81,32,1955,6.1,13.8,.439,0.5,1.9,.267,5.5,11.9,.467,1.3,1.9,.706,0.4,3.9,4.3,7.7,1.1,0.6,2.1,2.3,14.0,2017
409,Jason Smith,C,30,WAS,74,3,1068,5.9,11.1,.529,1.2,2.6,.474,4.6,8.5,.546,1.2,1.7,.686,2.2,6.5,8.7,1.2,0.7,1.8,2.0,5.7,14.2,2017
410,Tony Snell,SG,25,MIL,80,80,2336,3.8,8.3,.455,2.2,5.5,.406,1.6,2.9,.548,0.7,0.9,.810,0.3,3.5,3.8,1.5,0.8,0.2,0.8,1.9,10.5,2017
411,Marreese Speights,C,29,LAC,82,2,1286,6.8,15.3,.445,2.9,7.8,.372,3.9,7.6,.520,3.4,3.8,.876,2.5,8.0,10.4,1.8,0.6,1.1,1.9,6.4,19.9,2017
413,Nik Stauskas,SG,23,PHI,80,27,2188,4.1,10.4,.396,2.2,5.9,.368,2.0,4.5,.433,2.0,2.5,.813,0.3,3.4,3.7,3.1,0.7,0.5,2.1,2.4,12.4,2017
421,Jeff Teague,PG,28,IND,82,82,2657,5.4,12.3,.442,1.2,3.4,.357,4.2,8.9,.475,4.9,5.6,.867,0.4,4.0,4.5,8.7,1.4,0.4,2.9,2.2,17.0,2017
422,Mirza Teletović,PF,31,MIL,70,2,1133,5.0,13.3,.373,3.3,9.7,.341,1.7,3.6,.460,1.1,1.4,.778,0.3,4.8,5.1,1.5,0.4,0.4,1.2,3.5,14.3,2017
423,Garrett Temple,SG,30,SAC,65,21,1728,3.8,9.0,.424,1.7,4.6,.373,2.1,4.4,.476,1.2,1.5,.784,0.7,3.2,3.8,3.5,1.7,0.6,1.6,2.9,10.5,2017
424,Jason Terry,SG,39,MIL,74,0,1365,2.8,6.4,.432,1.9,4.5,.427,0.8,1.9,.444,0.6,0.8,.828,0.4,2.4,2.8,2.6,1.2,0.5,0.9,2.5,8.1,2017
425,Isaiah Thomas,PG,27,BOS,76,76,2569,9.6,20.6,.463,3.4,9.1,.379,6.1,11.6,.528,8.3,9.1,.909,0.6,2.3,2.9,6.3,1.0,0.2,2.9,2.3,30.8,2017
426,Lance Thomas,PF,28,NYK,46,15,968,3.6,9.1,.398,1.4,3.2,.447,2.2,5.9,.371,1.6,1.9,.843,1.2,4.1,5.3,1.3,0.8,0.2,0.9,3.2,10.2,2017
428,Klay Thompson,SG,26,GSW,78,78,2649,8.8,18.7,.468,3.6,8.8,.414,5.1,9.9,.516,2.5,3.0,.853,0.7,3.2,3.9,2.2,0.9,0.5,1.7,1.9,23.7,2017
429,Tristan Thompson,C,25,CLE,78,78,2336,4.0,6.7,.600,0.0,0.0,.000,4.0,6.7,.604,1.6,3.3,.498,4.4,6.6,11.0,1.2,0.6,1.3,1.0,2.7,9.7,2017
432,Anthony Tolliver,PF,31,SAC,65,9,1477,3.8,8.6,.442,2.2,5.6,.391,1.6,2.9,.537,1.5,2.0,.744,1.2,4.5,5.8,1.9,0.8,0.5,1.4,2.7,11.2,2017
434,Karl-Anthony Towns,C,21,MIN,82,82,3030,9.5,17.6,.542,1.2,3.3,.367,8.3,14.3,.582,4.2,5.1,.832,3.5,8.4,12.0,2.6,0.7,1.2,2.5,2.9,24.5,2017
435,P.J. Tucker,SF,31,TOT,81,21,2236,3.2,7.8,.413,1.1,3.2,.357,2.1,4.6,.451,1.2,1.5,.774,1.9,5.7,7.6,1.6,1.9,0.3,1.1,3.2,8.7,2017
436,Evan Turner,SF,28,POR,65,12,1658,5.1,12.0,.426,0.7,2.6,.263,4.4,9.4,.470,1.8,2.2,.825,0.8,4.6,5.4,4.5,1.2,0.5,2.2,2.6,12.7,2017
437,Myles Turner,C,20,IND,81,81,2541,6.3,12.3,.511,0.6,1.6,.348,5.7,10.7,.536,3.5,4.3,.809,2.0,6.4,8.3,1.5,1.0,2.4,1.5,3.7,16.6,2017
439,Tyler Ulis,PG,21,PHO,61,15,1123,5.9,14.0,.421,0.7,2.5,.266,5.2,11.5,.455,1.8,2.3,.775,0.6,2.4,3.0,7.2,1.5,0.2,2.5,2.3,14.2,2017
441,Jonas Valančiūnas,C,24,TOR,80,80,2066,6.8,12.2,.557,0.0,0.0,.500,6.8,12.2,.557,3.1,3.8,.811,3.9,9.3,13.2,1.0,0.6,1.1,1.8,3.8,16.7,2017
442,Denzel Valentine,SG,23,CHI,57,0,976,3.8,10.6,.354,2.7,7.7,.351,1.1,3.0,.363,0.5,0.7,.778,0.4,5.2,5.6,2.3,1.1,0.3,1.8,3.2,10.7,2017
447,Noah Vonleh,PF,21,POR,74,41,1265,3.7,7.7,.481,0.2,0.6,.350,3.5,7.1,.492,1.7,2.7,.638,3.7,7.3,11.0,0.9,0.9,0.8,1.8,4.4,9.3,2017
448,Nikola Vučević,C,26,ORL,75,55,2163,8.0,17.2,.468,0.4,1.2,.307,7.7,15.9,.481,1.8,2.7,.669,2.9,10.0,13.0,3.5,1.3,1.2,1.9,3.0,18.2,2017
449,Sasha Vujačić,SG,32,NYK,42,4,408,3.7,12.0,.309,2.0,6.5,.311,1.7,5.5,.306,1.5,2.1,.708,1.1,4.1,5.2,4.6,1.1,0.2,1.4,3.4,10.9,2017
450,Dwyane Wade,SG,35,CHI,60,59,1792,8.3,19.2,.434,0.9,2.9,.310,7.4,16.3,.456,4.5,5.6,.794,1.3,4.2,5.4,4.6,1.7,0.8,2.8,2.3,22.0,2017
451,Dion Waiters,SG,25,MIA,46,43,1384,7.3,17.2,.424,2.2,5.6,.395,5.1,11.7,.438,2.1,3.3,.646,0.5,3.5,4.0,5.2,1.1,0.5,2.7,2.5,19.0,2017
452,Kemba Walker,PG,26,CHO,79,79,2739,8.5,19.0,.444,3.2,7.9,.399,5.3,11.1,.476,4.0,4.7,.847,0.6,3.5,4.0,5.7,1.1,0.3,2.2,1.6,24.1,2017
453,John Wall,PG,26,WAS,78,78,2836,8.2,18.2,.451,1.1,3.5,.327,7.1,14.8,.480,5.4,6.7,.801,0.7,3.4,4.1,10.5,2.0,0.6,4.1,1.9,22.9,2017
454,T.J. Warren,SF,23,PHO,66,59,2048,7.1,14.3,.495,0.5,1.7,.265,6.6,12.6,.527,2.1,2.7,.773,2.2,3.8,6.0,1.3,1.3,0.7,1.0,3.1,16.7,2017
455,C.J. Watson,PG,32,ORL,62,9,1012,3.4,8.8,.387,1.1,3.7,.305,2.3,5.1,.448,2.0,2.3,.864,0.6,2.6,3.2,4.1,1.5,0.1,1.7,3.0,10.0,2017
457,David West,C,36,GSW,68,0,854,5.7,10.6,.536,0.1,0.3,.375,5.6,10.3,.541,1.8,2.4,.768,2.0,6.6,8.6,6.4,1.8,2.0,3.3,4.4,13.3,2017
458,Russell Westbrook,PG,28,OKC,81,81,2802,10.6,24.9,.425,2.6,7.5,.343,8.0,17.4,.459,9.1,10.8,.845,1.8,9.3,11.1,10.8,1.7,0.4,5.6,2.4,32.9,2017
460,Isaiah Whitehead,PG,21,BRK,73,26,1643,4.5,11.1,.402,1.0,3.3,.295,3.5,7.9,.446,2.0,2.5,.805,0.7,3.3,4.0,4.2,0.9,0.8,3.1,3.8,11.9,2017
461,Hassan Whiteside,C,27,MIA,77,77,2513,7.8,13.9,.557,0.0,0.0,,7.8,13.9,.557,3.2,5.1,.628,4.2,11.4,15.6,0.8,0.8,2.3,2.2,3.2,18.8,2017
462,Andrew Wiggins,SF,21,MIN,82,82,3048,8.4,18.5,.452,1.2,3.4,.356,7.2,15.1,.473,4.9,6.4,.760,1.2,2.7,3.9,2.2,1.0,0.4,2.2,2.2,22.8,2017
464,Alan Williams,C,24,PHO,47,0,708,7.0,13.6,.517,0.0,0.1,.000,7.0,13.5,.519,3.6,5.7,.625,4.8,10.1,14.8,1.2,1.4,1.6,1.9,6.4,17.6,2017
465,Deron Williams,PG,32,TOT,64,44,1657,5.7,13.0,.438,1.8,5.1,.363,3.9,8.0,.486,2.0,2.4,.826,0.3,2.9,3.2,7.8,0.7,0.2,3.0,3.0,15.2,2017
466,Derrick Williams,PF,25,TOT,50,11,804,4.8,10.9,.443,1.3,4.3,.309,3.5,6.6,.531,2.6,4.0,.652,0.9,5.0,5.8,1.3,0.6,0.3,1.3,2.7,13.6,2017
467,Lou Williams,SG,30,TOT,81,1,1994,7.7,18.0,.429,2.9,8.1,.365,4.8,10.0,.480,7.3,8.3,.880,0.5,3.2,3.6,4.3,1.4,0.4,2.9,1.7,25.7,2017
468,Marvin Williams,PF,30,CHO,76,76,2295,4.7,11.0,.422,1.9,5.6,.350,2.7,5.5,.494,2.1,2.4,.873,1.4,6.4,7.8,1.7,0.9,0.8,0.9,2.1,13.3,2017
473,Jeff Withey,C,26,UTA,51,1,432,4.6,8.6,.534,0.0,0.1,.000,4.6,8.5,.539,3.0,4.0,.750,4.3,5.7,10.1,0.6,1.3,2.7,1.2,4.3,12.2,2017
480,Nick Young,SG,31,LAL,60,60,1556,6.3,14.6,.430,3.9,9.7,.404,2.4,4.9,.481,1.8,2.1,.856,0.6,2.6,3.2,1.3,0.9,0.3,0.8,3.2,18.3,2017
481,Thaddeus Young,PF,28,IND,74,74,2237,5.8,11.1,.527,0.7,1.9,.381,5.1,9.2,.557,0.7,1.4,.523,2.1,5.1,7.2,2.0,1.8,0.5,1.5,2.2,13.1,2017
482,Cody Zeller,C,24,CHO,62,58,1725,5.3,9.2,.571,0.0,0.0,.000,5.3,9.2,.572,2.8,4.1,.679,2.8,5.6,8.5,2.1,1.3,1.2,1.4,3.9,13.3,2017
483,Tyler Zeller,C,27,BOS,51,5,525,5.3,10.8,.494,0.0,0.1,.000,5.3,10.8,.497,1.5,2.7,.564,2.9,5.6,8.5,2.9,0.5,1.4,1.4,4.2,12.2,2017
485,Paul Zipser,SF,22,CHI,44,18,843,3.8,9.4,.398,1.4,4.2,.333,2.3,5.2,.451,1.3,1.7,.775,0.6,4.7,5.3,1.5,0.6,0.7,1.7,3.3,10.2,2017
