Rk,Player,Pos,Age,Tm,G,GS,MP,FG,FGA,FG%,3P,3PA,3P%,2P,2PA,2P%,FT,FTA,FT%,ORB,DRB,TRB,AST,STL,BLK,TOV,PF,PTS,Year
1,Quincy Acy,PF,25,SAC,59,29,876,4.9,8.8,.556,0.8,2.0,.388,4.1,6.8,.606,2.1,2.8,.735,2.7,5.1,7.7,1.1,1.2,1.0,1.1,4.2,12.6,2016
3,Steven Adams,C,22,OKC,80,80,2014,4.7,7.6,.613,0.0,0.0,,4.7,7.6,.613,2.0,3.5,.582,3.9,5.6,9.5,1.1,0.8,1.6,1.5,4.0,11.4,2016
4,Arron Afflalo,SG,30,NYK,71,57,2371,5.4,12.1,.443,1.4,3.6,.382,4.0,8.5,.469,1.7,2.0,.840,0.3,3.7,4.0,2.2,0.4,0.2,1.2,2.2,13.8,2016
5,Alexis Ajinça,C,27,NOP,59,17,861,6.3,13.2,.476,0.0,0.0,.000,6.3,13.1,.478,2.2,2.6,.839,3.1,8.1,11.2,1.3,0.8,1.5,2.3,5.6,14.7,2016
6,Cole Aldrich,C,27,LAC,60,5,800,6.0,10.1,.596,0.0,0.0,,6.0,10.1,.596,2.7,3.8,.714,3.9,9.1,13.0,2.3,2.1,3.1,2.9,6.3,14.8,2016
7,LaMarcus Aldridge,PF,30,SAS,74,74,2261,8.5,16.6,.513,0.0,0.3,.000,8.5,16.4,.521,4.1,4.8,.858,2.8,7.3,10.1,1.8,0.6,1.3,1.6,2.4,21.2,2016
9,Lavoy Allen,PF,26,IND,79,28,1599,4.3,8.3,.516,0.0,0.0,,4.3,8.3,.516,1.0,1.6,.630,3.6,5.9,9.5,1.7,0.6,0.9,1.6,3.3,9.6,2016
10,Tony Allen,SG,34,MEM,64,57,1620,4.8,10.4,.458,0.3,0.9,.357,4.4,9.5,.468,2.0,3.1,.652,2.3,4.3,6.6,1.6,2.4,0.4,1.7,3.9,11.9,2016
11,Al-Farouq Aminu,SF,25,POR,82,82,2341,4.6,11.1,.416,1.9,5.4,.361,2.7,5.7,.468,1.8,2.4,.737,1.5,6.2,7.7,2.1,1.1,0.8,1.8,2.6,12.9,2016
15,James Anderson,SG,26,SAC,51,15,721,3.3,8.9,.376,1.1,4.3,.267,2.2,4.6,.478,1.1,1.4,.759,0.6,3.6,4.3,2.0,1.0,0.7,2.1,2.7,8.9,2016
16,Justin Anderson,SF,22,DAL,55,9,647,4.0,9.7,.406,1.2,4.6,.265,2.7,5.1,.533,2.4,3.1,.800,1.0,6.3,7.3,1.6,1.1,1.4,1.3,2.5,11.6,2016
17,Kyle Anderson,SF,22,SAS,78,11,1245,4.0,8.5,.468,0.3,1.1,.324,3.6,7.5,.488,1.8,2.4,.747,0.7,6.3,7.1,3.6,1.7,0.8,1.7,2.8,10.1,2016
18,Ryan Anderson,PF,27,NOP,66,7,2008,7.1,16.7,.427,2.3,6.4,.366,4.8,10.2,.466,3.6,4.1,.873,2.3,4.8,7.1,1.3,0.7,0.4,1.6,2.0,20.2,2016
19,Giannis Antetokounmpo,PG,21,MIL,80,79,2823,6.5,12.9,.506,0.4,1.4,.257,6.2,11.5,.537,3.8,5.2,.724,1.4,6.4,7.8,4.4,1.2,1.4,2.7,3.3,17.2,2016
21,Carmelo Anthony,SF,31,NYK,72,72,2530,8.1,18.6,.434,1.5,4.4,.339,6.6,14.2,.463,4.8,5.7,.829,1.4,6.5,7.9,4.3,0.9,0.5,2.5,2.6,22.4,2016
24,Trevor Ariza,SF,30,HOU,81,81,2859,4.5,10.8,.416,2.3,6.3,.371,2.2,4.5,.478,1.6,2.0,.783,0.8,3.8,4.6,2.4,2.0,0.3,1.4,2.2,12.9,2016
25,Darrell Arthur,PF,27,DEN,70,16,1516,5.2,11.6,.452,1.1,2.8,.385,4.2,8.8,.473,0.9,1.3,.755,2.0,4.9,7.0,2.3,1.3,1.1,1.6,4.4,12.5,2016
26,Ömer Aşık,C,29,NOP,68,64,1178,3.2,6.0,.533,0.0,0.0,,3.2,6.0,.533,1.9,3.4,.545,3.7,9.0,12.7,0.8,0.6,0.7,1.8,3.8,8.2,2016
27,D.J. Augustin,PG,28,TOT,62,0,1178,4.5,10.7,.423,2.1,5.1,.405,2.4,5.6,.440,3.1,3.9,.805,0.2,2.7,2.9,6.1,1.2,0.1,2.6,2.6,14.3,2016
29,Luke Babbitt,SF,26,NOP,47,13,845,5.2,12.3,.422,1.9,4.6,.404,3.3,7.7,.433,1.7,2.1,.780,1.1,5.2,6.3,2.3,0.5,0.3,1.0,3.8,13.9,2016
31,Leandro Barbosa,SG,33,GSW,68,0,1079,5.7,12.3,.462,1.3,3.7,.355,4.4,8.7,.508,1.7,2.1,.839,0.9,3.0,3.9,2.7,1.5,0.3,1.8,3.6,14.4,2016
32,J.J. Barea,PG,31,DAL,74,16,1667,6.8,15.4,.446,2.2,5.6,.385,4.7,9.7,.481,1.6,2.1,.771,0.6,2.7,3.3,6.5,0.6,0.0,2.4,2.4,17.4,2016
33,Andrea Bargnani,C,30,BRK,46,0,634,7.2,15.8,.455,0.2,0.9,.188,7.0,14.9,.471,2.7,3.2,.825,1.6,3.9,5.5,1.0,0.2,0.5,1.5,3.5,17.3,2016
34,Harrison Barnes,SF,23,GSW,66,59,2042,5.2,11.2,.466,1.4,3.8,.383,3.8,7.4,.508,1.8,2.4,.761,1.4,4.4,5.7,2.1,0.7,0.2,1.0,2.4,13.6,2016
35,Matt Barnes,SF,35,MEM,76,45,2190,4.3,11.4,.381,2.0,6.1,.322,2.4,5.3,.449,1.8,2.3,.804,1.4,5.5,6.9,2.7,1.3,0.9,2.0,3.8,12.5,2016
36,Will Barton,SG,25,DEN,82,1,2353,6.5,15.0,.432,1.7,5.0,.345,4.8,10.1,.476,3.3,4.1,.806,0.9,6.4,7.3,3.1,1.1,0.6,2.1,2.2,18.0,2016
37,Brandon Bass,PF,30,LAL,66,0,1342,4.7,8.5,.549,0.0,0.1,.000,4.7,8.5,.552,3.4,4.0,.845,2.8,4.9,7.6,2.0,0.9,1.5,1.1,3.4,12.7,2016
38,Nicolas Batum,SF,27,CHO,70,70,2448,5.5,12.8,.426,2.0,5.9,.348,3.4,7.0,.492,2.4,2.8,.849,0.8,5.5,6.3,5.9,1.0,0.6,3.0,1.7,15.4,2016
39,Jerryd Bayless,SG,27,MIL,52,18,1505,4.4,10.5,.423,2.4,5.5,.437,2.0,4.9,.408,1.7,2.2,.778,0.5,2.9,3.4,3.9,1.1,0.3,1.7,2.7,12.9,2016
40,Aron Baynes,C,29,DET,81,1,1233,5.7,11.2,.505,0.0,0.1,.000,5.7,11.2,.508,3.7,4.8,.764,4.1,7.1,11.2,1.5,0.6,1.5,2.0,4.4,15.0,2016
41,Kent Bazemore,SF,26,ATL,75,68,2083,5.5,12.5,.441,1.9,5.3,.357,3.6,7.3,.502,2.1,2.6,.815,0.5,6.1,6.6,3.0,1.7,0.7,2.4,3.0,15.1,2016
42,Bradley Beal,SG,22,WAS,55,35,1708,7.6,16.8,.449,2.2,5.7,.387,5.4,11.1,.481,2.8,3.7,.767,0.9,3.1,4.0,3.4,1.1,0.2,2.4,2.5,20.2,2016
44,Marco Belinelli,SG,29,SAC,68,7,1672,5.3,13.7,.386,2.0,6.4,.306,3.3,7.3,.456,2.5,3.0,.833,0.2,2.3,2.5,2.7,0.8,0.0,1.7,2.0,15.0,2016
46,Patrick Beverley,PG,27,HOU,71,63,2041,4.6,10.5,.434,2.2,5.5,.400,2.4,5.0,.472,1.1,1.6,.682,1.3,3.1,4.4,4.2,1.7,0.5,1.6,4.1,12.3,2016
47,Bismack Biyombo,C,23,TOR,82,22,1808,3.1,5.7,.542,0.0,0.0,.000,3.1,5.7,.544,2.8,4.5,.628,3.6,9.4,13.0,0.6,0.4,2.6,1.4,4.5,9.0,2016
48,Nemanja Bjelica,PF,27,MIN,60,0,1075,3.7,7.9,.468,1.6,4.2,.384,2.1,3.7,.564,1.3,1.8,.727,1.6,5.4,7.0,2.8,0.9,0.7,1.6,5.2,10.3,2016
51,Steve Blake,PG,35,DET,58,2,986,3.4,8.8,.388,1.9,5.5,.344,1.5,3.2,.461,0.6,0.7,.800,0.3,2.9,3.2,7.3,0.9,0.2,3.0,2.6,9.3,2016
53,Bojan Bogdanović,SF,26,BRK,79,39,2115,5.5,12.7,.433,2.2,5.8,.382,3.3,7.0,.474,1.9,2.2,.833,0.6,3.7,4.3,1.7,0.5,0.1,2.0,2.0,15.1,2016
54,Andrew Bogut,C,31,GSW,70,66,1451,4.3,6.9,.627,0.0,0.0,1.000,4.3,6.9,.626,0.6,1.2,.480,3.0,9.2,12.2,4.0,0.8,2.8,2.1,5.5,9.3,2016
56,Devin Booker,SG,19,PHO,76,51,2108,6.3,14.8,.423,1.7,4.9,.343,4.6,9.9,.464,3.7,4.4,.840,0.5,2.7,3.2,3.4,0.8,0.3,2.7,3.8,17.9,2016
57,Trevor Booker,PF,28,UTA,79,2,1632,4.2,8.6,.490,0.3,0.9,.293,3.9,7.7,.513,1.6,2.3,.670,3.7,6.3,10.0,1.9,1.3,0.9,1.8,3.7,10.2,2016
58,Chris Bosh*,PF,31,MIA,53,53,1778,7.2,15.5,.467,1.6,4.5,.365,5.6,11.0,.508,4.3,5.4,.795,1.0,6.9,7.9,2.6,0.7,0.7,1.6,2.0,20.4,2016
59,Avery Bradley,SG,25,BOS,76,72,2536,6.5,14.5,.447,2.1,5.8,.361,4.4,8.7,.505,1.4,1.7,.780,0.7,2.4,3.1,2.2,1.7,0.3,1.5,2.3,16.4,2016
61,Corey Brewer,SF,29,HOU,82,12,1669,4.6,11.9,.384,1.3,4.8,.272,3.3,7.1,.460,2.3,3.0,.750,0.9,3.4,4.3,2.4,1.8,0.4,1.7,3.6,12.7,2016
62,Aaron Brooks,PG,31,CHI,69,0,1108,6.1,15.2,.401,2.1,6.0,.357,4.0,9.2,.430,1.6,2.1,.766,0.7,2.6,3.3,5.8,1.0,0.3,2.7,4.3,16.0,2016
65,Markel Brown,SG,24,BRK,62,6,982,4.7,11.8,.394,1.4,4.4,.314,3.3,7.4,.443,2.6,3.4,.755,0.8,3.6,4.5,3.3,1.4,0.5,2.0,3.4,13.3,2016
66,Kobe Bryant*,SF,37,LAL,66,66,1863,7.7,21.5,.358,2.6,9.0,.285,5.1,12.5,.410,4.5,5.4,.826,0.8,4.0,4.8,3.6,1.2,0.3,2.5,2.2,22.4,2016
67,Chase Budinger,SF,27,TOT,66,2,929,4.0,9.3,.435,0.9,3.3,.279,3.1,5.9,.523,1.5,2.2,.696,1.7,4.1,5.8,2.5,1.2,0.4,1.7,2.4,10.5,2016
69,Trey Burke,PG,23,UTA,64,0,1366,6.9,16.7,.413,2.3,6.7,.344,4.6,10.0,.460,1.8,2.2,.817,0.5,2.5,3.0,3.9,0.9,0.2,2.1,2.3,17.9,2016
72,Jimmy Butler,SG,26,CHI,67,67,2474,6.8,15.1,.454,0.9,3.0,.312,5.9,12.1,.489,5.7,6.9,.832,1.1,4.1,5.2,4.7,1.6,0.6,1.9,1.8,20.4,2016
73,Rasual Butler,SF,36,SAS,46,0,432,4.1,8.7,.471,1.2,4.1,.306,2.8,4.6,.618,0.9,1.3,.688,0.2,4.4,4.7,2.0,1.1,1.9,0.7,0.9,10.3,2016
75,José Calderón,PG,34,NYK,72,72,2024,3.7,8.1,.459,1.5,3.6,.414,2.2,4.5,.496,0.7,0.9,.875,0.4,3.7,4.1,5.3,1.1,0.1,1.5,2.4,9.7,2016
76,Kentavious Caldwell-Pope,SG,22,DET,76,76,2789,5.2,12.4,.420,1.5,4.8,.309,3.7,7.6,.489,2.4,2.9,.811,0.9,2.7,3.6,1.8,1.4,0.2,1.4,2.2,14.3,2016
77,Isaiah Canaan,SG,24,PHI,77,39,1966,4.8,13.2,.360,3.2,8.9,.363,1.5,4.3,.354,2.7,3.3,.833,0.4,2.8,3.2,2.5,1.0,0.2,1.7,2.4,15.5,2016
78,Clint Capela,C,21,HOU,77,35,1471,5.7,9.7,.582,0.0,0.0,.000,5.7,9.7,.583,2.0,5.2,.379,4.7,7.3,12.1,1.2,1.4,2.3,1.5,4.6,13.3,2016
80,Vince Carter,SG,39,MEM,60,3,1005,4.8,12.3,.388,2.1,6.1,.349,2.7,6.2,.425,2.5,3.0,.833,1.1,4.1,5.2,2.0,1.4,0.6,1.3,3.6,14.1,2016
81,Michael Carter-Williams,PG,24,MIL,54,37,1649,5.5,12.1,.452,0.3,1.2,.273,5.2,10.9,.472,2.3,3.5,.654,1.0,5.0,6.0,6.1,1.7,0.9,3.3,3.5,13.6,2016
82,Omri Casspi,PF,27,SAC,69,21,1880,5.7,11.9,.481,2.1,5.2,.409,3.6,6.7,.537,2.0,3.0,.648,1.1,6.7,7.9,1.8,1.1,0.3,1.8,2.9,15.6,2016
83,Willie Cauley-Stein,C,22,SAC,66,39,1412,4.9,8.6,.563,0.0,0.1,.000,4.9,8.6,.567,2.1,3.2,.648,3.4,5.6,9.0,0.9,1.2,1.7,1.2,3.7,11.8,2016
84,Mario Chalmers,PG,29,TOT,61,7,1373,4.8,11.6,.410,1.2,3.9,.309,3.6,7.7,.461,5.7,6.9,.832,0.6,3.5,4.1,6.0,2.3,0.3,2.9,4.7,16.5,2016
85,Tyson Chandler,C,33,PHO,66,60,1618,4.1,7.0,.583,0.0,0.0,.000,4.1,7.0,.585,2.4,3.8,.620,3.9,8.9,12.8,1.4,0.8,1.0,2.1,3.2,10.5,2016
87,Ian Clark,SG,24,GSW,66,1,578,5.5,12.6,.441,1.9,5.2,.357,3.7,7.3,.500,1.7,2.1,.824,0.8,3.4,4.2,4.0,1.1,0.8,2.7,3.6,14.7,2016
89,Jordan Clarkson,SG,23,LAL,79,79,2552,6.7,15.5,.433,1.6,4.5,.347,5.1,11.0,.468,2.3,2.9,.804,1.3,3.1,4.4,2.7,1.2,0.1,1.9,2.4,17.3,2016
90,Norris Cole,PG,27,NOP,45,23,1198,5.9,14.5,.405,1.0,3.1,.324,4.9,11.5,.427,1.6,2.0,.800,0.3,4.2,4.5,5.0,1.1,0.2,2.3,3.1,14.3,2016
91,Darren Collison,PG,28,SAC,74,15,2219,6.1,12.6,.486,1.4,3.5,.401,4.7,9.1,.519,3.1,3.7,.858,0.5,2.3,2.7,5.2,1.2,0.1,2.1,2.3,16.8,2016
92,Nick Collison,PF,35,OKC,59,4,699,2.6,5.6,.459,0.0,0.1,.000,2.6,5.5,.467,1.2,1.7,.697,3.5,5.3,8.8,2.7,0.8,0.8,2.6,5.5,6.3,2016
93,Mike Conley,PG,28,MEM,56,56,1761,6.0,14.2,.422,1.6,4.4,.363,4.4,9.8,.449,3.9,4.7,.834,0.5,2.8,3.4,7.0,1.4,0.3,1.7,2.0,17.5,2016
97,DeMarcus Cousins,C,25,SAC,65,65,2246,9.6,21.3,.451,1.1,3.4,.333,8.5,18.0,.473,7.6,10.6,.718,2.5,9.4,12.0,3.4,1.6,1.5,4.0,3.8,28.0,2016
98,Robert Covington,SF,25,PHI,67,49,1903,5.2,13.5,.385,3.2,9.1,.353,2.0,4.4,.452,2.6,3.3,.791,1.2,6.7,7.9,1.8,2.0,0.8,2.7,4.4,16.2,2016
99,Allen Crabbe,SG,23,POR,81,8,2105,5.3,11.6,.459,1.9,4.9,.393,3.4,6.7,.506,1.7,1.9,.867,0.5,3.2,3.7,1.7,1.1,0.3,1.1,3.3,14.2,2016
100,Jamal Crawford,SG,35,LAC,79,5,2126,6.4,15.9,.404,2.0,5.8,.340,4.4,10.1,.440,4.1,4.6,.904,0.3,2.1,2.5,3.1,0.9,0.2,1.9,2.1,19.0,2016
101,Jae Crowder,SF,25,BOS,73,73,2308,5.6,12.7,.443,1.9,5.7,.336,3.7,7.0,.529,3.1,3.7,.820,1.1,4.7,5.8,2.1,2.0,0.5,1.3,3.1,16.2,2016
102,Dante Cunningham,SF,28,NOP,80,46,1971,3.4,7.5,.451,1.0,3.2,.316,2.4,4.3,.550,1.0,1.5,.695,1.0,3.3,4.3,1.4,0.8,0.6,0.7,3.2,8.8,2016
103,Jared Cunningham,SG,24,TOT,44,3,410,3.2,9.2,.343,1.1,3.4,.308,2.1,5.8,.364,3.2,4.8,.655,0.3,3.1,3.3,1.8,1.2,0.2,1.8,3.6,10.5,2016
104,Seth Curry,PG,25,SAC,44,9,692,5.3,11.7,.455,2.6,5.8,.450,2.7,5.9,.460,2.3,2.8,.833,0.5,2.7,3.1,3.5,1.1,0.2,1.9,2.1,15.6,2016
105,Stephen Curry,PG,27,GSW,79,79,2700,10.7,21.3,.504,5.4,11.8,.454,5.4,9.5,.566,4.8,5.3,.908,0.9,4.8,5.7,7.0,2.3,0.2,3.5,2.1,31.7,2016
106,Troy Daniels,SG,24,CHO,43,0,476,6.7,14.1,.476,4.5,9.2,.484,2.3,4.9,.462,0.4,0.7,.556,0.5,3.8,4.3,1.6,0.8,0.2,1.8,3.0,18.3,2016
107,Anthony Davis,C,22,NOP,61,61,2164,9.3,18.9,.493,0.6,1.8,.324,8.7,17.1,.511,5.4,7.2,.758,2.2,8.3,10.4,1.9,1.3,2.1,2.0,2.5,24.6,2016
108,Ed Davis,PF,26,POR,81,0,1684,4.4,7.2,.611,0.0,0.0,,4.4,7.2,.611,2.4,4.4,.559,4.8,8.0,12.8,1.9,1.2,1.5,1.4,4.3,11.2,2016
110,Dewayne Dedmon,C,26,ORL,58,20,705,5.1,9.0,.559,0.0,0.0,,5.1,9.0,.559,2.9,3.9,.750,3.4,8.2,11.6,0.7,1.1,2.3,1.6,5.6,13.0,2016
113,Matthew Dellavedova,PG,25,CLE,76,14,1867,4.0,9.9,.405,1.9,4.6,.410,2.1,5.2,.401,1.1,1.3,.864,0.6,2.5,3.1,6.5,0.8,0.2,2.2,3.4,11.0,2016
114,Luol Deng,PF,30,MIA,74,73,2394,5.1,11.2,.455,1.3,3.8,.344,3.8,7.4,.513,2.2,2.9,.755,1.6,5.0,6.7,2.1,1.1,0.4,1.2,1.8,13.7,2016
115,DeMar DeRozan,SG,26,TOR,78,78,2804,7.9,17.7,.446,0.6,1.8,.338,7.3,15.9,.458,7.1,8.4,.850,0.8,3.7,4.5,4.0,1.0,0.3,2.2,2.1,23.5,2016
116,Boris Diaw,PF,33,SAS,76,4,1386,5.2,9.9,.527,0.6,1.8,.362,4.6,8.2,.564,1.5,2.0,.737,1.5,4.5,6.1,4.6,0.7,0.5,2.5,2.6,12.6,2016
117,Gorgui Dieng,C,26,MIN,82,39,2220,5.0,9.4,.532,0.1,0.3,.300,4.9,9.1,.540,3.3,4.0,.827,2.5,6.9,9.5,2.3,1.5,1.6,2.3,3.6,13.4,2016
119,Toney Douglas,PG,29,NOP,61,18,1262,5.2,12.7,.411,2.3,5.8,.399,2.9,6.9,.421,2.4,2.8,.848,0.7,3.4,4.1,4.5,2.0,0.1,1.8,3.7,15.1,2016
120,Goran Dragić,PG,29,MIA,72,72,2363,6.4,13.3,.477,1.0,3.1,.312,5.4,10.2,.527,1.8,2.5,.727,0.8,3.4,4.2,6.4,1.1,0.3,2.8,2.9,15.5,2016
121,Andre Drummond,C,22,DET,81,81,2666,7.5,14.3,.521,0.0,0.1,.333,7.4,14.2,.522,2.8,7.9,.355,5.3,10.8,16.2,0.9,1.6,1.5,2.1,3.3,17.7,2016
122,Jared Dudley,PF,30,WAS,81,41,2098,4.0,8.4,.478,1.7,4.1,.420,2.3,4.3,.534,1.2,1.7,.735,0.9,4.0,4.9,2.9,1.3,0.3,1.4,3.3,10.9,2016
124,Tim Duncan*,C,39,SAS,61,60,1536,5.0,10.3,.488,0.0,0.0,.000,5.0,10.3,.490,2.2,3.1,.702,2.7,7.8,10.5,3.8,1.1,1.8,2.1,2.9,12.2,2016
126,Kevin Durant,SF,27,OKC,72,72,2578,9.7,19.3,.505,2.6,6.7,.387,7.1,12.6,.569,6.2,7.0,.898,0.6,7.6,8.2,5.0,1.0,1.2,3.5,1.9,28.3,2016
129,Wayne Ellington,SG,28,BRK,76,41,1615,4.9,12.5,.389,2.1,6.0,.358,2.7,6.5,.416,1.2,1.4,.857,0.4,3.4,3.9,1.9,1.1,0.1,1.0,1.8,13.1,2016
130,Monta Ellis,SG,30,IND,81,81,2734,5.7,13.4,.427,1.1,3.7,.309,4.6,9.7,.472,2.1,2.7,.786,0.6,3.0,3.6,5.0,2.0,0.5,2.7,2.3,14.8,2016
132,Tyler Ennis,PG,21,MIL,46,7,654,4.6,10.3,.449,0.7,2.1,.333,3.9,8.1,.480,1.4,1.9,.735,0.7,3.4,4.1,5.2,1.4,0.1,2.5,3.5,11.3,2016
135,Festus Ezeli,C,26,GSW,46,13,770,5.8,10.7,.548,0.0,0.0,,5.8,10.7,.548,3.3,6.2,.530,4.3,7.8,12.0,1.5,0.8,2.3,1.8,4.4,15.0,2016
136,Kenneth Faried,PF,26,DEN,67,64,1694,7.4,13.3,.558,0.0,0.0,.500,7.4,13.3,.558,2.9,4.7,.613,5.0,7.4,12.3,1.7,0.7,1.3,1.9,3.6,17.7,2016
138,Derrick Favors,PF,24,UTA,62,59,1983,7.6,14.7,.515,0.0,0.1,.000,7.6,14.7,.518,3.3,4.6,.709,3.1,6.1,9.1,1.7,1.3,1.7,1.9,2.7,18.4,2016
140,Raymond Felton,PG,31,DAL,80,31,2192,4.5,11.2,.406,1.0,3.5,.282,3.6,7.7,.463,2.4,2.9,.847,0.6,3.6,4.2,4.7,1.1,0.2,2.0,2.3,12.5,2016
141,Evan Fournier,SF,23,ORL,79,71,2566,6.0,13.0,.462,2.2,5.5,.400,3.8,7.6,.506,2.8,3.3,.836,0.5,2.7,3.2,3.0,1.3,0.0,1.9,3.0,17.0,2016
142,Randy Foye,SG,32,TOT,81,8,1642,3.7,10.6,.351,1.6,5.5,.300,2.1,5.1,.405,1.3,1.6,.824,0.5,2.9,3.4,3.5,0.9,0.6,1.9,2.9,10.4,2016
143,Tim Frazier,PG,25,TOT,51,2,741,4.7,11.1,.419,0.8,2.3,.333,3.9,8.8,.442,2.6,3.6,.716,1.3,4.1,5.3,7.9,1.6,0.1,3.2,3.5,12.7,2016
145,Enes Freedom,C,23,OKC,82,1,1721,8.7,15.0,.576,0.2,0.4,.476,8.5,14.6,.579,4.2,5.3,.797,5.2,8.7,13.9,0.7,0.5,0.7,2.4,3.5,21.7,2016
146,Channing Frye,PF-C,32,TOT,70,32,1200,4.6,10.4,.438,2.7,7.0,.387,1.8,3.4,.545,0.9,1.0,.857,1.0,6.0,7.0,2.1,0.9,0.8,1.3,3.8,12.7,2016
147,Danilo Gallinari,SF,27,DEN,53,53,1839,5.6,13.7,.410,1.7,4.7,.364,3.9,9.0,.434,7.3,8.5,.868,1.0,4.5,5.5,2.6,0.8,0.4,1.5,1.7,20.3,2016
148,Langston Galloway,PG,24,NYK,82,7,2033,4.1,10.4,.393,1.4,4.0,.344,2.7,6.4,.423,1.5,2.0,.754,0.8,4.3,5.1,3.7,1.4,0.4,1.1,3.1,11.1,2016
150,Marc Gasol,C,31,MEM,52,52,1791,6.6,14.2,.464,0.0,0.1,.667,6.6,14.2,.463,4.1,4.9,.829,1.2,6.1,7.3,3.9,1.0,1.4,2.4,2.8,17.3,2016
151,Pau Gasol,C,35,CHI,72,72,2291,7.3,15.6,.469,0.4,1.1,.348,7.0,14.6,.478,3.6,4.5,.792,2.4,10.0,12.5,4.6,0.7,2.3,2.6,2.3,18.7,2016
152,Rudy Gay,SF,29,SAC,70,70,2379,7.1,15.2,.463,1.1,3.3,.344,5.9,12.0,.495,3.0,3.8,.780,1.6,5.3,6.9,1.8,1.5,0.8,2.1,2.8,18.2,2016
153,Alonzo Gee,SF,28,NOP,73,38,1632,2.9,5.6,.518,0.4,1.3,.283,2.5,4.3,.590,1.0,1.5,.667,1.3,4.1,5.4,1.6,1.4,0.3,1.2,3.7,7.2,2016
154,Paul George,SF,25,IND,81,81,2819,7.7,18.5,.418,2.7,7.2,.371,5.0,11.3,.447,5.8,6.7,.860,1.0,6.2,7.2,4.2,1.9,0.4,3.4,2.9,23.9,2016
155,Taj Gibson,PF,30,CHI,73,55,1936,4.9,9.3,.526,0.0,0.1,.000,4.9,9.2,.529,1.9,2.7,.692,3.8,5.5,9.4,2.0,0.9,1.4,1.5,3.3,11.7,2016
156,Manu Ginóbili*,SG,38,SAS,58,0,1134,6.3,13.8,.453,2.2,5.7,.391,4.0,8.1,.496,2.9,3.6,.813,0.8,3.8,4.6,5.6,2.1,0.3,3.1,3.1,17.6,2016
157,Rudy Gobert,C,23,UTA,61,60,1932,3.7,6.6,.559,0.0,0.0,,3.7,6.6,.559,3.0,5.3,.569,3.9,8.6,12.4,1.7,0.8,2.5,2.1,3.0,10.4,2016
159,Archie Goodwin,PG,21,PHO,57,13,1114,5.7,13.6,.417,0.7,3.2,.232,4.9,10.4,.474,4.2,6.2,.674,0.9,3.7,4.6,3.8,0.9,0.4,3.2,2.7,16.3,2016
160,Aaron Gordon,PF,20,ORL,78,37,1863,5.3,11.2,.473,0.8,2.7,.296,4.5,8.4,.531,2.5,3.7,.668,3.0,6.8,9.8,2.5,1.1,1.1,1.3,3.0,13.9,2016
161,Eric Gordon,SG,27,NOP,45,44,1481,5.6,13.4,.418,2.7,7.1,.384,2.9,6.3,.457,2.7,3.0,.888,0.2,2.2,2.4,2.9,1.0,0.3,1.8,2.4,16.7,2016
162,Marcin Gortat,C,31,WAS,75,74,2256,6.9,12.2,.567,0.0,0.0,.000,6.9,12.2,.567,2.3,3.3,.705,3.5,8.3,11.8,1.7,0.7,1.5,1.9,3.1,16.1,2016
164,Jerami Grant,PF,21,PHI,77,52,2066,4.4,10.4,.419,0.6,2.5,.240,3.8,7.9,.477,3.7,5.6,.658,1.7,4.6,6.3,2.4,0.9,2.2,1.9,3.7,13.1,2016
165,Jerian Grant,PG,23,NYK,76,6,1265,4.4,11.1,.394,0.6,2.8,.220,3.8,8.3,.454,2.7,3.5,.780,0.7,3.4,4.1,5.0,1.4,0.3,2.5,2.8,12.1,2016
166,Danny Green,SG,28,SAS,79,79,2062,3.7,9.8,.376,2.0,6.1,.332,1.7,3.7,.448,0.6,0.8,.739,0.8,4.5,5.3,2.5,1.4,1.1,1.3,2.5,10.0,2016
167,Draymond Green,PF,25,GSW,81,81,2808,5.1,10.5,.490,1.3,3.3,.388,3.9,7.2,.537,2.9,4.2,.696,1.7,8.1,9.9,7.7,1.5,1.4,3.3,3.1,14.5,2016
169,Gerald Green,SG,30,MIA,69,14,1557,5.3,13.6,.392,1.9,6.0,.323,3.4,7.6,.446,1.7,2.1,.783,0.6,3.2,3.8,1.3,0.9,0.4,1.1,2.8,14.2,2016
170,JaMychal Green,PF,25,MEM,78,15,1446,5.7,12.3,.465,0.4,1.1,.333,5.4,11.2,.478,2.6,3.4,.752,3.5,5.8,9.3,1.7,1.1,0.8,2.1,4.7,14.4,2016
171,Jeff Green,SF,29,TOT,80,41,2253,5.7,13.2,.430,1.1,3.4,.315,4.6,9.8,.470,2.6,3.5,.745,1.2,4.1,5.3,2.2,0.9,0.6,1.5,2.6,15.0,2016
174,P.J. Hairston,SF,23,TOT,66,52,1313,4.0,11.2,.355,1.9,6.6,.290,2.1,4.6,.449,1.4,1.8,.781,0.7,4.1,4.8,1.0,0.9,0.3,1.1,3.8,11.2,2016
176,Tyler Hansbrough,PF,30,CHO,44,0,343,3.4,7.5,.451,0.2,0.3,.667,3.1,7.1,.441,4.0,6.8,.585,4.2,5.1,9.3,0.8,1.3,0.7,1.3,5.8,10.9,2016
177,Tim Hardaway Jr.,SG,23,ATL,51,1,864,4.7,11.0,.430,2.0,5.9,.338,2.7,5.1,.537,2.1,2.3,.893,0.3,3.3,3.6,2.1,0.9,0.3,1.0,2.0,13.6,2016
178,James Harden,SG,26,HOU,82,82,3125,8.2,18.6,.439,2.7,7.6,.359,5.5,11.1,.494,8.3,9.6,.860,0.7,5.0,5.8,7.1,1.6,0.6,4.3,2.6,27.4,2016
179,Maurice Harkless,SF,22,POR,78,14,1457,4.8,10.2,.474,1.0,3.5,.279,3.9,6.7,.576,1.7,2.7,.622,2.5,4.4,6.9,1.7,1.2,0.9,1.5,3.1,12.3,2016
182,Devin Harris,PG,32,DAL,64,0,1280,4.7,10.5,.447,1.5,4.4,.329,3.2,6.1,.532,2.8,3.9,.721,0.5,3.4,3.9,3.3,1.7,0.4,1.9,3.5,13.7,2016
183,Gary Harris,SG,21,DEN,76,76,2439,5.3,11.3,.469,1.5,4.4,.354,3.7,6.9,.543,1.6,2.0,.820,0.8,2.5,3.2,2.2,1.4,0.3,1.4,2.1,13.8,2016
185,Tobias Harris,PF,23,TOT,76,74,2513,6.0,12.7,.469,1.1,3.4,.335,4.8,9.3,.518,2.9,3.5,.831,1.4,5.9,7.3,2.4,0.9,0.6,1.5,2.2,16.0,2016
188,Spencer Hawes,PF,27,CHO,57,6,1035,4.3,10.6,.405,1.3,3.5,.373,3.0,7.1,.422,1.9,2.3,.831,1.8,6.7,8.5,3.8,0.8,0.9,2.0,3.9,11.8,2016
190,Gordon Hayward,SF,25,UTA,80,80,2893,6.5,15.0,.433,1.8,5.1,.349,4.7,9.9,.477,4.9,5.9,.824,0.8,4.2,4.9,3.7,1.2,0.3,2.5,2.3,19.6,2016
191,Gerald Henderson,SG,28,POR,72,0,1431,5.8,13.3,.439,1.2,3.4,.353,4.6,9.9,.468,2.8,3.7,.767,0.8,4.6,5.3,1.9,1.0,0.5,1.7,2.2,15.7,2016
192,John Henson,C,25,MIL,57,1,960,6.1,10.9,.564,0.0,0.0,.000,6.1,10.9,.566,2.6,4.4,.590,3.3,5.0,8.3,2.0,0.7,4.1,2.4,4.9,14.9,2016
193,Mario Hezonja,SF,20,ORL,79,9,1413,4.6,10.6,.433,1.7,4.9,.349,2.9,5.8,.504,1.2,1.4,.907,0.7,3.8,4.5,2.8,1.0,0.4,2.5,3.2,12.2,2016
194,Roy Hibbert,C,29,LAL,81,81,1878,3.5,7.9,.443,0.0,0.0,.000,3.5,7.8,.445,2.2,2.8,.807,2.5,5.1,7.6,1.8,0.6,2.1,1.5,4.8,9.2,2016
196,Nenê,PF,33,WAS,57,11,1094,6.9,12.6,.544,0.0,0.1,.000,6.9,12.5,.549,3.5,6.1,.578,1.7,6.8,8.5,3.2,1.8,0.9,2.5,5.1,17.3,2016
197,George Hill,PG,29,IND,74,73,2524,4.6,10.5,.441,1.8,4.5,.408,2.8,6.1,.466,1.6,2.1,.760,0.8,3.4,4.3,3.7,1.2,0.2,1.4,2.1,12.8,2016
198,Jordan Hill,C,28,IND,73,11,1513,6.6,13.1,.506,0.0,0.0,.000,6.6,13.0,.507,2.1,3.0,.712,3.7,7.0,10.7,2.1,0.9,0.9,2.2,3.7,15.3,2016
199,Solomon Hill,SF,24,IND,59,3,866,3.9,8.6,.447,1.0,3.1,.324,2.9,5.6,.515,1.5,1.7,.857,1.6,5.3,6.9,2.4,1.5,0.5,1.4,2.8,10.2,2016
201,Kirk Hinrich,PG,35,TOT,46,7,631,2.8,7.4,.380,1.4,3.5,.387,1.4,3.8,.373,0.9,0.9,.938,0.5,3.5,4.0,4.2,0.9,0.1,1.7,3.7,7.8,2016
202,Jrue Holiday,PG,25,NOP,65,23,1831,8.1,18.4,.439,1.7,5.1,.336,6.4,13.3,.478,3.6,4.2,.843,0.5,3.3,3.8,7.7,1.7,0.4,3.3,2.9,21.4,2016
203,Justin Holiday,SG,26,TOT,53,5,773,4.1,10.6,.386,1.7,4.9,.343,2.4,5.7,.423,1.3,1.7,.730,0.6,3.6,4.2,2.6,1.5,0.9,1.8,2.8,11.1,2016
206,Richaun Holmes,PF,22,PHI,51,1,702,5.8,11.4,.514,0.4,2.3,.182,5.4,9.1,.596,2.6,3.8,.689,3.2,3.7,6.9,1.7,1.0,2.1,1.6,4.7,14.7,2016
207,Rodney Hood,SG,23,UTA,79,79,2541,5.8,13.8,.420,2.3,6.4,.359,3.5,7.4,.472,2.4,2.8,.860,0.5,3.2,3.8,3.0,1.0,0.2,1.8,2.9,16.3,2016
208,Al Horford,C,29,ATL,82,82,2631,7.2,14.3,.505,1.2,3.5,.344,6.0,10.8,.557,1.4,1.8,.798,2.0,6.1,8.2,3.6,0.9,1.7,1.5,2.2,17.1,2016
209,Dwight Howard,C,30,HOU,71,71,2280,5.9,9.5,.620,0.0,0.1,.000,5.9,9.4,.626,3.7,7.5,.489,3.8,9.4,13.2,1.5,1.1,1.8,2.6,3.5,15.4,2016
210,Marcelo Huertas,PG,32,LAL,53,0,869,4.0,9.5,.422,0.7,2.5,.262,3.4,7.0,.479,1.1,1.2,.931,0.7,3.0,3.7,7.5,1.1,0.3,3.3,3.1,9.8,2016
212,Kris Humphries,PF,30,TOT,53,17,835,5.2,12.7,.410,1.5,4.7,.315,3.8,8.1,.465,2.9,3.6,.798,2.5,6.9,9.4,1.6,0.7,1.0,1.6,4.1,14.8,2016
214,Serge Ibaka,PF,26,OKC,78,78,2500,6.0,12.5,.479,0.9,2.6,.326,5.1,9.9,.520,1.3,1.7,.752,2.0,5.6,7.7,1.0,0.5,2.1,1.6,3.0,14.2,2016
215,Andre Iguodala,SF,32,GSW,65,1,1732,3.7,7.6,.478,1.1,3.2,.351,2.5,4.4,.570,1.1,1.7,.614,1.1,4.4,5.5,4.6,1.5,0.4,1.6,2.1,9.5,2016
216,Ersan İlyasova,PF,28,TOT,74,56,1881,5.4,12.7,.424,1.8,5.0,.371,3.5,7.7,.458,2.1,2.9,.721,2.8,5.0,7.7,1.3,1.0,0.6,1.4,3.3,14.7,2016
217,Joe Ingles,SF,28,UTA,81,2,1241,3.6,8.4,.426,2.3,6.1,.386,1.2,2.3,.531,0.4,0.5,.722,0.6,3.8,4.4,2.8,1.6,0.1,1.9,2.8,9.9,2016
219,Kyrie Irving,PG,23,CLE,53,53,1667,8.5,19.0,.448,1.8,5.7,.321,6.7,13.3,.502,3.6,4.1,.885,1.0,2.4,3.4,5.4,1.2,0.4,2.7,2.3,22.5,2016
221,Reggie Jackson,PG,25,DET,79,79,2424,8.0,18.5,.434,1.8,5.0,.353,6.3,13.5,.464,4.3,5.0,.864,0.9,2.9,3.8,7.3,0.9,0.2,3.3,2.8,22.1,2016
222,LeBron James,SF,31,CLE,76,76,2709,9.8,18.8,.520,1.2,3.7,.309,8.6,15.1,.573,4.8,6.5,.731,1.5,6.0,7.5,6.8,1.4,0.7,3.3,1.9,25.5,2016
223,Al Jefferson,C,31,CHO,47,18,1096,8.0,16.6,.485,0.0,0.0,,8.0,16.6,.485,2.4,3.6,.649,1.9,8.0,9.9,2.3,1.0,1.3,1.1,3.8,18.5,2016
225,Richard Jefferson,SF,35,CLE,74,5,1326,3.9,8.5,.458,1.8,4.7,.382,2.1,3.8,.554,1.6,2.4,.667,0.4,3.1,3.5,1.6,0.9,0.4,1.2,3.5,11.1,2016
226,John Jenkins,SG,24,TOT,43,3,480,5.3,12.0,.444,1.2,3.8,.314,4.1,8.2,.505,1.5,1.8,.833,0.6,3.7,4.3,2.6,0.6,0.1,2.0,1.6,13.3,2016
227,Brandon Jennings,PG,26,TOT,48,7,868,4.6,12.6,.368,2.1,6.4,.329,2.5,6.2,.409,2.4,3.2,.731,0.7,3.3,4.0,7.1,1.2,0.3,2.4,2.4,13.8,2016
228,Jonas Jerebko,PF,28,BOS,78,0,1176,3.6,8.8,.413,1.3,3.3,.398,2.3,5.4,.421,1.9,2.4,.782,2.4,6.5,8.8,1.9,0.6,0.7,1.6,4.2,10.4,2016
229,Amir Johnson,PF,28,BOS,79,76,1800,5.0,8.5,.585,0.2,0.9,.233,4.8,7.7,.624,1.4,2.4,.570,3.6,6.5,10.1,2.8,1.0,1.7,1.9,4.3,11.5,2016
230,Chris Johnson,SF,25,UTA,70,2,857,3.0,8.1,.371,1.1,4.2,.273,1.9,4.0,.474,1.4,1.8,.810,1.1,4.4,5.5,1.9,1.3,0.8,1.7,4.2,8.6,2016
231,James Johnson,PF,28,TOR,57,32,926,4.4,9.3,.475,0.8,2.6,.303,3.7,6.8,.540,1.5,2.6,.574,1.1,3.8,4.9,2.6,1.1,1.3,2.1,3.3,11.2,2016
232,Joe Johnson,SF,34,TOT,81,81,2703,5.0,11.4,.439,1.6,4.2,.383,3.4,7.3,.471,1.6,1.9,.831,0.7,3.2,3.9,4.2,0.8,0.1,2.1,1.9,13.2,2016
234,Stanley Johnson,SF,19,DET,73,6,1687,4.8,12.8,.375,1.3,4.4,.307,3.5,8.4,.410,1.7,2.2,.784,1.2,5.3,6.5,2.5,1.2,0.3,2.4,3.8,12.7,2016
236,Wesley Johnson,SF,28,LAC,80,9,1666,4.5,11.1,.404,2.2,6.7,.333,2.3,4.5,.510,0.6,1.0,.652,0.8,4.6,5.4,1.1,1.9,1.2,1.2,3.7,11.9,2016
237,Nikola Jokić,C,20,DEN,80,55,1733,6.4,12.5,.512,0.6,1.7,.333,5.8,10.7,.541,3.2,3.9,.811,3.8,7.9,11.6,3.9,1.6,1.0,2.2,4.3,16.5,2016
239,James Jones,SF,35,CLE,48,0,463,4.5,11.0,.408,3.2,8.1,.394,1.3,3.0,.447,1.6,2.0,.808,0.6,3.3,3.9,1.1,0.9,0.8,1.0,3.9,13.8,2016
240,Terrence Jones,PF,24,HOU,50,11,1044,5.7,12.7,.452,0.9,2.7,.316,4.9,9.9,.490,2.7,4.0,.664,2.1,5.1,7.3,1.4,0.8,1.3,1.7,3.0,15.0,2016
242,DeAndre Jordan,C,27,LAC,77,77,2598,4.9,7.0,.703,0.0,0.0,.000,4.9,7.0,.704,3.7,8.6,.430,3.7,11.0,14.7,1.2,0.7,2.5,1.5,2.9,13.6,2016
243,Cory Joseph,SG,24,TOR,80,4,2046,4.5,10.3,.439,0.5,1.9,.273,4.0,8.4,.478,2.3,3.1,.764,0.7,3.0,3.7,4.4,1.1,0.4,1.8,2.3,11.9,2016
245,Frank Kaminsky,C,22,CHO,81,3,1708,4.5,11.1,.410,1.4,4.3,.337,3.1,6.8,.455,2.3,3.1,.730,1.5,5.6,7.1,2.1,0.8,0.9,1.2,2.7,12.8,2016
251,Brandon Knight,SG,24,PHO,52,50,1870,7.1,17.2,.415,2.3,6.8,.342,4.8,10.5,.461,3.0,3.5,.852,0.7,3.2,3.9,5.1,1.2,0.4,3.4,2.4,19.6,2016
252,Kyle Korver,SG,34,ATL,80,80,2401,4.0,9.2,.435,2.4,6.0,.398,1.6,3.3,.502,0.7,0.8,.833,0.2,3.7,3.9,2.5,0.9,0.5,1.5,2.4,11.1,2016
253,Kosta Koufos,C,26,SAC,78,14,1482,5.7,10.8,.532,0.0,0.0,,5.7,10.8,.532,1.4,2.5,.548,4.1,6.2,10.3,0.8,1.0,1.7,1.2,4.5,12.9,2016
254,Jeremy Lamb,SG,23,CHO,66,0,1227,6.7,15.0,.451,1.6,5.3,.309,5.1,9.7,.529,1.9,2.6,.727,1.3,6.1,7.4,2.3,1.2,0.9,1.5,3.1,17.0,2016
256,Shane Larkin,PG,23,BRK,78,17,1751,4.6,10.3,.442,0.8,2.2,.361,3.8,8.1,.464,1.7,2.2,.776,0.6,3.1,3.7,7.0,2.0,0.2,3.0,2.5,11.6,2016
257,Joffrey Lauvergne,C,24,DEN,59,15,1041,6.7,13.1,.513,0.4,1.8,.245,6.3,11.3,.557,2.1,2.4,.899,2.7,7.4,10.0,1.9,0.4,0.5,1.9,4.0,16.1,2016
258,Zach LaVine,SG,20,MIN,82,33,2294,6.8,15.0,.452,1.9,5.0,.389,4.9,10.1,.482,2.5,3.2,.793,0.4,3.2,3.6,3.9,1.1,0.3,2.4,3.0,18.0,2016
259,Ty Lawson,PG,28,TOT,66,13,1411,3.5,9.0,.393,0.9,2.8,.333,2.6,6.3,.419,1.5,2.2,.686,0.7,2.4,3.1,6.0,1.4,0.2,2.4,2.2,9.5,2016
260,Courtney Lee,SG,30,TOT,79,65,2334,4.5,9.9,.454,1.3,3.3,.378,3.2,6.5,.493,1.5,1.8,.839,0.4,2.7,3.2,2.1,1.3,0.4,1.1,2.1,11.7,2016
261,David Lee,PF,32,TOT,55,5,903,7.1,13.4,.531,0.0,0.0,.000,7.1,13.3,.533,2.8,3.7,.763,4.0,8.1,12.2,3.3,0.9,1.1,2.6,4.5,17.0,2016
262,Alex Len,C,22,PHO,78,46,1821,5.2,12.3,.423,0.0,0.1,.143,5.2,12.2,.426,3.4,4.7,.728,3.5,8.2,11.7,1.9,0.8,1.2,2.9,4.5,13.9,2016
263,Kawhi Leonard,SF,24,SAS,72,72,2380,8.3,16.5,.506,2.0,4.4,.443,6.4,12.1,.528,4.4,5.1,.874,1.4,6.0,7.5,2.8,1.9,1.1,1.6,2.0,23.0,2016
264,Meyers Leonard,PF,23,POR,61,10,1333,5.3,11.7,.448,2.3,6.2,.377,2.9,5.6,.527,0.9,1.2,.761,1.4,7.1,8.5,2.5,0.2,0.5,2.1,4.9,13.8,2016
265,Jon Leuer,PF,26,PHO,67,27,1255,6.4,13.4,.481,1.2,3.2,.382,5.2,10.2,.511,2.2,2.9,.762,2.2,8.5,10.7,2.1,1.1,0.9,2.2,3.6,16.3,2016
266,Damian Lillard,PG,25,POR,75,75,2676,8.3,19.8,.419,3.1,8.2,.375,5.2,11.6,.450,5.6,6.2,.892,0.6,3.5,4.1,6.9,0.9,0.4,3.3,2.2,25.3,2016
267,Jeremy Lin,SG,27,CHO,78,13,2048,5.3,12.8,.412,1.3,4.0,.336,3.9,8.8,.446,4.2,5.1,.815,0.7,3.7,4.4,4.1,1.0,0.7,2.6,2.9,16.1,2016
268,Shaun Livingston,PG,30,GSW,78,3,1520,4.8,9.0,.536,0.0,0.3,.167,4.8,8.7,.548,1.9,2.2,.860,1.0,3.0,4.0,5.6,1.4,0.6,1.8,3.3,11.6,2016
270,Brook Lopez,C,27,BRK,73,73,2457,8.7,17.0,.511,0.0,0.2,.143,8.6,16.7,.515,4.6,5.9,.787,3.0,5.4,8.4,2.2,0.8,1.8,2.6,3.2,22.0,2016
271,Robin Lopez,C,27,NYK,82,82,2219,5.8,10.7,.539,0.0,0.0,.000,5.8,10.7,.540,2.1,2.6,.795,4.3,5.4,9.8,1.8,0.3,2.1,2.2,3.0,13.7,2016
272,Kevin Love,PF,27,CLE,77,77,2424,6.1,14.5,.419,2.3,6.5,.360,3.7,8.0,.467,3.8,4.7,.822,2.2,9.1,11.3,2.8,0.9,0.6,2.1,2.4,18.3,2016
273,Kyle Lowry,PG,29,TOR,77,77,2851,6.5,15.1,.427,2.7,6.9,.388,3.8,8.2,.461,5.0,6.2,.811,0.7,3.9,4.6,6.2,2.0,0.4,2.8,2.7,20.6,2016
274,Trey Lyles,PF,20,UTA,80,33,1382,5.0,11.4,.438,1.3,3.3,.383,3.7,8.0,.461,1.5,2.1,.695,1.5,6.3,7.8,1.5,0.7,0.5,1.7,3.0,12.7,2016
275,Shelvin Mack,PG,25,TOT,52,27,1058,6.2,14.1,.439,1.3,4.3,.312,4.9,9.9,.493,1.5,2.1,.738,0.4,3.9,4.4,6.4,1.2,0.1,3.2,2.4,15.2,2016
276,Ian Mahinmi,C,29,IND,71,71,1816,5.2,8.9,.589,0.0,0.0,,5.2,8.9,.589,2.6,4.5,.587,2.7,7.3,10.1,2.1,1.3,1.5,2.0,4.4,13.1,2016
278,Boban Marjanović,C,27,SAS,54,4,508,7.4,12.3,.603,0.0,0.0,,7.4,12.3,.603,6.2,8.1,.763,5.2,8.6,13.7,1.5,0.9,1.6,2.1,3.8,21.0,2016
281,Kevin Martin,SG,32,TOT,55,13,1095,5.1,13.8,.372,1.6,4.5,.360,3.5,9.3,.378,5.0,5.7,.890,0.5,3.2,3.6,1.9,0.9,0.1,1.8,2.7,16.9,2016
282,Wesley Matthews,SF,29,DAL,78,78,2644,4.5,11.6,.388,2.6,7.1,.360,1.9,4.5,.432,1.7,2.0,.863,0.4,2.9,3.2,2.1,1.1,0.2,1.1,2.4,13.3,2016
284,Luc Mbah a Moute,PF,29,LAC,75,61,1274,2.7,5.8,.454,0.4,1.1,.325,2.3,4.7,.485,0.8,1.6,.526,1.7,3.1,4.8,0.8,1.2,0.5,1.0,2.8,6.5,2016
287,CJ McCollum,SG,24,POR,80,80,2780,8.3,18.5,.448,2.6,6.1,.417,5.7,12.4,.463,2.4,2.9,.827,0.6,2.7,3.4,4.4,1.3,0.3,2.5,2.4,21.6,2016
288,T.J. McConnell,PG,23,PHI,81,17,1606,4.9,10.4,.470,0.7,2.0,.348,4.2,8.4,.499,0.6,0.9,.634,1.0,4.6,5.6,8.2,2.1,0.2,3.1,2.6,11.1,2016
291,Doug McDermott,SF,24,CHI,81,4,1861,5.6,12.5,.452,2.1,5.0,.425,3.5,7.4,.470,1.4,1.6,.857,0.7,3.1,3.8,1.1,0.3,0.1,1.0,2.5,14.8,2016
294,Ben McLemore,SG,22,SAC,68,53,1443,4.9,11.4,.429,1.7,4.6,.362,3.2,6.7,.474,1.8,2.6,.718,0.8,2.8,3.7,2.0,1.3,0.2,2.5,3.5,13.2,2016
296,Josh McRoberts,PF,28,MIA,42,1,595,3.3,9.0,.372,0.7,3.0,.245,2.6,6.0,.434,1.7,2.4,.700,1.3,5.0,6.4,4.9,1.1,0.4,1.8,4.1,9.1,2016
300,Khris Middleton,SG,24,MIL,79,79,2852,6.4,14.4,.444,1.8,4.6,.396,4.6,9.9,.466,3.5,3.9,.888,0.6,3.3,3.8,4.2,1.7,0.2,2.3,2.6,18.1,2016
301,C.J. Miles,SF,28,IND,64,24,1464,6.4,15.6,.409,3.5,9.5,.367,2.9,6.1,.474,2.3,3.0,.750,0.6,3.7,4.3,1.5,1.3,0.7,1.7,3.5,18.5,2016
303,Mike Miller,SF,35,DEN,47,2,373,2.1,6.0,.355,1.8,5.0,.365,0.3,1.0,.300,0.0,0.0,,0.6,4.5,5.1,3.9,1.3,0.4,1.6,5.1,6.1,2016
304,Patty Mills,PG,27,SAS,81,3,1662,5.6,13.3,.425,2.7,6.9,.384,3.0,6.3,.469,1.0,1.3,.810,0.6,2.8,3.4,4.9,1.3,0.1,1.6,2.2,14.9,2016
306,Paul Millsap,PF,30,ATL,81,81,2647,6.8,14.5,.470,1.0,3.2,.319,5.8,11.3,.512,4.2,5.5,.757,2.7,7.3,10.0,3.6,2.0,1.9,2.6,3.2,18.8,2016
307,Nikola Mirotić,PF,24,CHI,66,38,1646,5.4,13.3,.407,3.0,7.6,.390,2.5,5.8,.430,3.2,4.0,.807,1.3,6.6,7.9,2.2,1.3,1.0,2.2,3.3,17.0,2016
309,Greg Monroe,C,25,MIL,79,67,2314,7.6,14.6,.522,0.0,0.0,.000,7.6,14.6,.522,3.5,4.8,.740,3.4,7.4,10.8,2.8,1.1,1.0,2.0,2.5,18.8,2016
311,E'Twaun Moore,SG,26,CHI,59,22,1263,5.3,11.1,.481,1.3,3.0,.452,4.0,8.1,.491,0.6,1.0,.629,0.5,3.2,3.8,2.8,1.1,0.5,1.5,2.9,12.6,2016
313,Marcus Morris,SF,26,DET,80,80,2856,5.2,11.9,.434,1.4,3.8,.362,3.8,8.2,.467,2.6,3.4,.749,1.1,3.9,5.1,2.5,0.8,0.3,1.8,2.1,14.3,2016
314,Markieff Morris,PF,26,TOT,64,45,1629,6.7,15.9,.425,1.0,3.4,.303,5.7,12.4,.458,2.4,3.2,.735,1.6,6.2,7.8,2.7,1.3,0.8,3.0,4.1,16.9,2016
315,Anthony Morrow,SG,30,OKC,68,6,926,5.3,12.9,.408,3.1,7.9,.387,2.2,5.0,.442,1.1,1.5,.744,0.4,2.0,2.4,0.9,0.9,0.2,0.7,2.5,14.8,2016
317,Timofey Mozgov,C,29,CLE,76,48,1326,5.5,9.7,.565,0.0,0.2,.143,5.5,9.6,.574,1.8,2.6,.716,3.0,6.2,9.1,0.9,0.6,1.5,1.9,4.3,12.9,2016
318,Emmanuel Mudiay,PG,19,DEN,68,66,2068,5.7,15.8,.364,1.3,4.0,.319,4.4,11.7,.379,2.4,3.6,.670,0.6,3.5,4.0,6.5,1.1,0.6,3.8,2.5,15.2,2016
319,Shabazz Muhammad,SF,23,MIN,82,0,1682,6.8,14.6,.465,0.9,3.3,.289,5.8,11.3,.516,4.0,5.2,.764,2.1,3.6,5.7,1.1,0.5,0.1,1.5,2.0,18.5,2016
321,Mike Muscala,C,24,ATL,60,0,565,4.8,9.7,.500,0.8,2.5,.308,4.1,7.2,.566,2.0,2.5,.795,2.4,5.0,7.5,2.2,0.8,1.7,1.7,4.6,12.4,2016
322,Larry Nance Jr.,PF,23,LAL,63,22,1266,4.5,8.5,.527,0.0,0.3,.100,4.5,8.2,.541,0.9,1.3,.681,2.9,6.0,8.9,1.3,1.5,0.7,1.2,3.5,9.9,2016
323,Shabazz Napier,PG,24,ORL,55,0,600,4.1,12.1,.338,2.0,6.2,.327,2.0,5.8,.351,2.0,2.7,.733,0.5,2.8,3.3,5.8,1.4,0.1,2.8,2.3,12.2,2016
326,Raul Neto,PG,23,UTA,81,53,1499,4.3,10.0,.431,1.5,3.9,.395,2.8,6.1,.453,1.2,1.7,.743,0.4,2.5,2.9,4.2,1.5,0.0,2.6,2.9,11.4,2016
327,Andrew Nicholson,PF,26,ORL,56,0,823,6.4,13.6,.471,1.8,5.0,.360,4.6,8.6,.536,2.2,2.8,.785,1.5,7.3,8.8,1.1,0.4,1.0,1.8,3.0,16.8,2016
329,Nerlens Noel,C,21,PHI,67,62,1965,5.6,10.8,.521,0.0,0.0,.500,5.6,10.7,.521,2.5,4.2,.590,2.8,7.1,9.9,2.2,2.2,1.8,2.9,3.5,13.7,2016
332,Dirk Nowitzki,PF,37,DAL,75,75,2364,7.6,16.9,.448,1.9,5.2,.368,5.7,11.7,.483,3.8,4.3,.893,0.8,6.7,7.4,2.0,0.8,0.8,1.3,2.5,20.9,2016
335,Johnny O'Bryant,PF,22,MIL,66,4,857,3.6,8.8,.411,0.0,0.0,1.000,3.6,8.7,.409,1.1,1.7,.675,2.7,4.7,7.4,1.3,0.8,0.3,1.3,4.2,8.4,2016
336,Kyle O'Quinn,PF,25,NYK,65,1,764,6.1,12.8,.476,0.2,1.0,.227,5.8,11.7,.498,2.2,2.8,.767,3.6,8.2,11.8,3.4,0.9,2.3,2.9,5.0,14.6,2016
337,Jahlil Okafor,C,20,PHI,53,48,1591,9.0,17.7,.508,0.0,0.1,.167,9.0,17.5,.511,3.0,4.4,.686,2.8,5.7,8.4,1.5,0.5,1.4,2.8,3.2,21.0,2016
338,Victor Oladipo,SG,23,ORL,72,52,2379,6.4,14.7,.438,1.5,4.3,.348,4.9,10.4,.475,3.1,3.7,.830,0.7,4.5,5.2,4.3,1.8,0.8,2.3,2.6,17.4,2016
339,Kelly Olynyk,C,24,BOS,69,8,1395,6.5,14.3,.455,2.2,5.4,.405,4.3,8.9,.486,2.5,3.3,.750,1.9,5.4,7.3,2.7,1.3,0.9,1.9,4.2,17.7,2016
340,Kelly Oubre Jr.,SF,20,WAS,63,9,671,4.8,11.3,.427,1.3,4.2,.316,3.5,7.1,.492,1.7,2.6,.633,1.3,5.8,7.1,0.7,1.2,0.4,1.8,5.4,12.7,2016
341,Zaza Pachulia,C,31,DAL,76,69,2004,3.9,8.4,.466,0.0,0.1,.000,3.9,8.4,.469,3.8,5.0,.768,4.5,8.4,12.9,2.3,1.1,0.4,2.1,3.3,11.7,2016
343,Jabari Parker,PF,20,MIL,76,72,2408,6.6,13.4,.493,0.1,0.5,.257,6.5,12.9,.502,2.6,3.4,.768,1.8,4.1,5.9,1.9,1.0,0.4,1.7,2.3,16.0,2016
344,Tony Parker,PG,33,SAS,72,72,1980,6.4,12.9,.493,0.5,1.2,.415,5.9,11.7,.501,2.4,3.1,.760,0.3,2.9,3.2,6.9,1.0,0.2,2.4,2.1,15.6,2016
345,Chandler Parsons,SF,27,DAL,61,51,1799,6.4,13.0,.492,2.1,5.0,.414,4.3,8.0,.540,1.9,2.7,.684,0.6,5.1,5.7,3.4,0.9,0.4,1.9,2.3,16.7,2016
347,Patrick Patterson,PF,26,TOR,79,0,2020,3.6,8.8,.414,1.9,5.2,.362,1.7,3.6,.490,0.5,0.6,.853,1.4,4.7,6.1,1.7,0.9,0.6,1.2,2.3,9.7,2016
348,Chris Paul,PG,30,LAC,74,74,2420,7.7,16.6,.462,1.8,4.9,.371,5.8,11.7,.501,4.4,4.9,.896,0.6,4.0,4.6,11.0,2.3,0.2,2.9,2.8,21.5,2016
349,Adreian Payne,PF,24,MIN,52,2,486,3.9,10.7,.366,0.7,2.4,.281,3.3,8.4,.389,1.3,1.9,.654,1.5,6.7,8.2,2.1,1.2,0.8,2.7,5.7,9.8,2016
350,Cameron Payne,PG,21,OKC,57,1,698,5.9,14.3,.410,1.9,5.7,.324,4.0,8.6,.467,1.0,1.2,.792,0.5,3.9,4.4,5.6,1.9,0.3,2.3,4.1,14.6,2016
351,Elfrid Payton,PG,21,ORL,73,69,2145,5.3,12.3,.436,0.5,1.5,.326,4.8,10.7,.451,1.9,3.2,.589,1.3,3.1,4.4,7.9,1.5,0.3,3.0,2.7,13.1,2016
354,Paul Pierce*,SF,38,LAC,68,38,1231,4.2,11.6,.363,2.2,7.1,.310,2.0,4.5,.445,1.6,1.9,.818,0.4,5.1,5.4,2.1,1.0,0.5,1.7,3.8,12.2,2016
356,Mason Plumlee,C,25,POR,82,82,2084,4.6,8.9,.516,0.0,0.1,.000,4.6,8.9,.520,3.7,5.8,.642,3.5,7.4,10.8,3.9,1.2,1.5,2.7,4.4,12.9,2016
357,Miles Plumlee,C,27,MIL,61,14,870,5.8,9.6,.601,0.0,0.0,,5.8,9.6,.601,1.4,2.4,.576,3.9,5.7,9.6,0.7,0.9,2.1,1.7,3.0,13.0,2016
358,Otto Porter Jr.,SF,22,WAS,75,73,2276,5.4,11.3,.473,1.6,4.2,.367,3.8,7.1,.536,1.5,2.0,.754,1.5,4.7,6.2,1.9,1.7,0.5,1.1,2.6,13.8,2016
359,Bobby Portis,PF,20,CHI,62,4,1102,6.1,14.2,.427,0.5,1.7,.308,5.6,12.5,.443,1.6,2.2,.727,4.0,7.0,11.0,1.7,0.8,0.7,1.8,3.3,14.2,2016
360,Kristaps Porziņģis,PF,20,NYK,72,72,2047,6.6,15.6,.421,1.4,4.3,.333,5.1,11.3,.454,3.5,4.2,.838,2.3,6.9,9.3,1.7,0.9,2.4,2.1,3.6,18.1,2016
361,Dwight Powell,PF,24,DAL,69,2,992,5.3,10.7,.493,0.1,0.6,.125,5.2,10.2,.514,3.8,5.2,.739,3.0,6.9,9.9,1.6,1.3,0.9,1.5,4.3,14.5,2016
362,Norman Powell,SG,22,TOR,49,24,725,4.8,11.4,.424,1.8,4.4,.404,3.0,7.0,.436,2.1,2.6,.811,0.8,4.7,5.5,2.3,1.4,0.5,1.6,2.9,13.6,2016
364,Ronnie Price,PG,32,PHO,62,18,1211,3.4,9.0,.384,2.0,5.8,.347,1.4,3.2,.453,0.9,1.2,.756,0.7,2.2,2.9,4.4,2.2,0.4,2.1,4.8,9.8,2016
365,Pablo Prigioni,PG,38,LAC,59,3,823,2.4,6.4,.374,1.2,4.2,.295,1.2,2.3,.519,0.3,0.3,.875,1.7,3.3,5.0,5.7,2.3,0.0,2.1,3.6,6.3,2016
366,Tayshaun Prince,SF,35,MIN,77,44,1462,2.5,5.6,.445,0.1,0.6,.174,2.4,5.1,.476,0.3,0.5,.684,0.8,2.8,3.6,1.8,0.9,0.3,0.7,1.5,5.4,2016
367,Julius Randle,PF,21,LAL,81,60,2286,5.6,13.1,.429,0.2,0.6,.278,5.5,12.6,.436,3.0,4.3,.715,2.7,10.3,13.1,2.3,0.8,0.5,2.3,3.8,14.5,2016
368,Zach Randolph,PF,34,MEM,68,53,2016,7.7,16.2,.475,0.1,0.5,.231,7.6,15.7,.482,3.1,3.9,.796,3.2,6.2,9.4,2.5,0.8,0.2,1.9,2.6,18.6,2016
369,J.J. Redick,SG,31,LAC,75,75,2097,7.2,15.1,.480,3.4,7.2,.475,3.8,7.9,.484,3.1,3.5,.888,0.2,2.2,2.4,1.8,0.7,0.1,1.3,2.3,21.0,2016
371,Josh Richardson,SG,22,MIA,52,2,1107,4.0,8.8,.452,1.7,3.7,.461,2.3,5.1,.446,1.4,2.0,.667,0.7,2.8,3.5,2.4,1.2,0.8,1.1,3.5,11.1,2016
372,Austin Rivers,SG,23,LAC,67,7,1464,5.6,12.7,.438,1.5,4.5,.335,4.0,8.1,.495,1.9,2.9,.681,0.5,2.7,3.2,2.4,1.2,0.2,1.5,3.4,14.6,2016
373,Andre Roberson,SG,24,OKC,70,70,1553,3.2,6.4,.496,0.7,2.4,.311,2.4,4.0,.608,0.8,1.3,.611,1.8,4.0,5.8,1.1,1.2,1.0,0.8,3.1,7.8,2016
374,Brian Roberts,PG,30,TOT,51,0,470,5.7,12.6,.448,1.1,3.2,.357,4.5,9.4,.480,3.2,3.6,.894,0.5,2.7,3.1,4.1,0.8,0.2,1.8,2.7,15.7,2016
375,Glenn Robinson III,SF,22,IND,45,4,508,4.6,10.7,.430,1.0,2.6,.378,3.6,8.1,.447,1.9,2.8,.692,0.9,4.0,4.8,1.8,1.2,0.6,1.3,1.5,12.1,2016
377,Thomas Robinson,PF,24,BRK,71,7,917,5.1,11.4,.447,0.0,0.0,.000,5.1,11.4,.448,1.8,4.3,.431,5.3,8.8,14.1,1.8,1.5,1.4,2.7,4.4,12.1,2016
378,Rajon Rondo,PG,29,SAC,72,72,2537,5.0,11.1,.454,0.9,2.4,.365,4.2,8.7,.479,1.2,2.1,.580,1.1,5.1,6.2,11.9,2.0,0.1,3.9,2.5,12.2,2016
379,Derrick Rose,PG,27,CHI,66,66,2097,7.7,18.0,.427,0.8,2.6,.293,6.9,15.4,.449,2.4,3.1,.793,0.8,3.1,3.9,5.3,0.8,0.2,3.0,1.4,18.5,2016
380,Terrence Ross,SF,24,TOR,73,7,1747,5.6,12.9,.431,2.7,7.0,.386,2.9,5.9,.484,1.0,1.3,.790,0.4,3.4,3.8,1.2,1.1,0.5,0.9,2.5,14.8,2016
382,Ricky Rubio,PG,25,MIN,76,76,2323,3.4,9.1,.374,1.0,2.9,.326,2.4,6.1,.396,4.1,4.9,.847,0.6,4.4,5.1,10.2,2.5,0.2,3.0,3.1,11.9,2016
384,Brandon Rush,SG,30,GSW,72,25,1055,3.8,8.9,.427,2.2,5.4,.414,1.6,3.5,.447,0.6,1.0,.643,0.7,5.5,6.2,1.9,0.7,0.8,1.1,1.9,10.4,2016
385,D'Angelo Russell,PG,19,LAL,80,48,2259,6.2,15.2,.410,2.1,5.9,.351,4.2,9.3,.447,2.2,3.0,.737,0.7,3.6,4.4,4.2,1.5,0.2,3.1,2.3,16.8,2016
387,JaKarr Sampson,SF,22,TOT,73,40,1160,4.3,9.8,.442,0.4,2.0,.222,3.9,7.9,.496,2.5,3.8,.656,1.4,4.5,5.9,1.4,0.7,1.0,2.2,4.4,11.6,2016
388,Dennis Schröder,PG,22,ATL,80,6,1621,7.3,17.3,.421,1.7,5.3,.322,5.6,12.0,.465,3.2,4.0,.791,0.6,4.0,4.5,7.8,1.6,0.2,4.1,3.1,19.5,2016
389,Luis Scola,PF,35,TOR,76,76,1636,5.9,13.2,.450,1.4,3.5,.404,4.5,9.6,.467,1.3,1.8,.726,1.8,6.1,7.9,1.5,1.0,0.6,1.5,3.9,14.6,2016
390,Mike Scott,PF,27,ATL,75,0,1146,5.5,11.8,.468,1.9,5.0,.392,3.6,6.8,.523,1.6,2.0,.794,1.7,4.8,6.5,2.5,0.8,0.5,1.3,3.2,14.6,2016
391,Thabo Sefolosha,SF,31,ATL,75,11,1758,3.8,7.6,.505,0.9,2.5,.339,3.0,5.1,.589,1.3,2.0,.626,1.1,5.8,6.8,2.2,1.7,0.8,1.4,2.2,9.8,2016
392,Kevin Séraphin,C,26,NYK,48,0,526,5.7,14.0,.410,0.0,0.1,.000,5.7,13.9,.414,1.3,1.6,.826,2.1,6.5,8.6,3.2,0.5,2.5,2.9,4.6,12.8,2016
393,Ramon Sessions,PG,29,WAS,82,5,1667,6.0,12.8,.473,0.8,2.4,.324,5.3,10.4,.507,4.6,6.1,.756,0.5,3.8,4.4,5.2,1.0,0.1,2.5,2.2,17.5,2016
394,Iman Shumpert,SG,25,CLE,54,5,1316,3.1,8.3,.374,1.2,4.0,.295,1.9,4.3,.447,1.1,1.4,.784,0.9,4.7,5.6,2.5,1.5,0.5,1.6,3.3,8.5,2016
395,Jonathon Simmons,SG,26,SAS,55,2,813,5.4,10.7,.504,0.8,2.1,.383,4.6,8.6,.533,3.1,4.1,.750,0.7,3.5,4.3,2.6,1.1,0.2,2.3,4.6,14.7,2016
397,Kyle Singler,SF,27,OKC,68,2,977,3.2,8.1,.389,1.1,3.6,.309,2.1,4.6,.452,1.1,1.6,.659,1.8,3.4,5.2,0.9,1.1,0.3,1.2,4.4,8.5,2016
398,Donald Sloan,PG,28,BRK,61,33,1318,4.2,9.6,.440,1.0,2.7,.384,3.2,6.9,.462,2.1,2.8,.750,0.5,4.3,4.7,7.3,0.9,0.1,2.2,2.0,11.6,2016
399,Marcus Smart,PG,21,BOS,61,10,1667,4.0,11.4,.348,1.3,5.2,.253,2.7,6.2,.427,2.8,3.6,.777,1.6,3.9,5.5,4.0,2.0,0.4,1.7,4.0,12.1,2016
401,Ish Smith,PG,27,TOT,77,53,2239,6.4,15.5,.411,0.9,2.7,.329,5.5,12.8,.428,2.0,2.8,.693,0.7,4.2,4.9,8.1,1.4,0.4,2.8,2.1,15.6,2016
402,J.R. Smith,SG,30,CLE,77,77,2362,5.4,13.0,.415,3.1,7.8,.400,2.3,5.2,.438,0.7,1.1,.634,0.7,2.7,3.3,2.0,1.2,0.3,0.9,3.1,14.6,2016
403,Jason Smith,C,29,ORL,76,2,1181,7.4,15.3,.485,0.1,0.5,.250,7.3,14.8,.493,1.6,2.0,.806,1.6,5.1,6.7,1.9,1.0,2.0,1.7,5.0,16.6,2016
404,Josh Smith,PF,30,TOT,55,7,880,5.2,14.3,.364,1.7,5.9,.287,3.5,8.4,.417,1.5,2.7,.552,2.1,5.8,7.9,3.7,1.4,1.9,3.2,4.8,13.6,2016
406,Tony Snell,SF,24,CHI,64,33,1301,3.5,9.4,.372,1.5,4.3,.361,1.9,5.1,.380,0.8,0.9,.909,0.5,5.0,5.5,1.7,0.4,0.5,1.4,2.8,9.4,2016
407,Marreese Speights,C,28,GSW,72,0,832,8.5,19.7,.432,1.0,2.7,.387,7.5,17.0,.439,4.1,4.9,.825,3.3,7.0,10.3,2.6,0.8,1.5,2.9,5.1,22.2,2016
409,Nik Stauskas,SG,22,PHI,73,35,1809,4.2,10.8,.385,2.1,6.5,.326,2.1,4.4,.473,1.8,2.3,.771,0.5,3.2,3.6,2.7,0.9,0.4,1.9,2.3,12.3,2016
410,Lance Stephenson,SF,25,TOT,69,13,1372,6.0,12.4,.481,0.8,2.0,.385,5.2,10.4,.500,2.3,2.9,.784,1.0,4.8,5.9,3.5,1.1,0.2,2.5,3.5,15.0,2016
413,Amar'e Stoudemire,C,33,MIA,52,36,762,5.9,10.4,.566,0.0,0.0,,5.9,10.4,.566,2.4,3.2,.746,3.1,7.4,10.5,1.3,0.9,1.9,2.2,4.3,14.2,2016
414,Rodney Stuckey,PG,29,IND,58,1,1275,5.2,12.5,.413,0.6,2.3,.241,4.6,10.2,.453,3.7,4.5,.829,0.5,3.9,4.4,4.0,1.2,0.2,2.1,2.2,14.6,2016
415,Jared Sullinger,PF,23,BOS,81,73,1915,6.6,15.2,.435,0.5,1.9,.282,6.1,13.2,.458,1.9,3.0,.640,3.6,9.0,12.7,3.5,1.4,0.9,1.9,3.9,15.7,2016
417,Jeff Teague,PG,27,ATL,79,78,2255,6.9,15.8,.439,1.8,4.4,.400,5.2,11.4,.454,4.2,5.0,.837,0.5,2.9,3.4,7.5,1.5,0.4,3.5,2.7,19.8,2016
418,Mirza Teletović,PF,30,PHO,79,1,1686,7.1,16.6,.427,3.9,9.8,.393,3.2,6.8,.476,2.6,3.3,.774,1.2,5.3,6.4,1.9,0.7,0.4,1.8,3.4,20.6,2016
419,Garrett Temple,SF,29,WAS,80,43,1951,3.7,9.3,.398,1.6,4.8,.345,2.1,4.6,.453,1.7,2.3,.728,0.7,3.2,3.9,2.6,1.3,0.3,1.2,3.6,10.7,2016
420,Jason Terry,SG,38,HOU,72,7,1258,4.3,10.8,.402,2.7,7.5,.356,1.7,3.3,.504,0.8,0.9,.818,0.4,1.9,2.3,2.9,1.3,0.3,1.4,2.6,12.1,2016
421,Isaiah Thomas,PG,26,BOS,82,79,2644,8.0,18.8,.428,2.3,6.3,.359,5.8,12.5,.462,6.5,7.4,.871,0.6,2.7,3.3,6.9,1.2,0.1,3.0,2.3,24.8,2016
422,Lance Thomas,PF,27,NYK,59,5,1313,4.6,10.5,.442,1.2,3.0,.404,3.4,7.5,.458,2.8,3.3,.857,0.9,2.7,3.6,1.5,0.6,0.2,1.6,3.0,13.3,2016
423,Hollis Thompson,SG,24,PHI,77,17,2154,4.5,11.4,.397,2.5,6.6,.380,2.0,4.8,.420,1.2,1.6,.719,0.9,3.6,4.5,1.7,0.6,0.4,1.3,3.1,12.7,2016
424,Jason Thompson,C,29,TOT,47,7,471,4.0,8.3,.481,0.4,1.1,.333,3.6,7.1,.505,2.9,4.1,.704,2.4,7.8,10.2,2.2,0.9,1.5,1.1,6.1,11.2,2016
425,Klay Thompson,SG,25,GSW,80,80,2666,8.8,18.7,.470,3.7,8.8,.425,5.1,9.9,.510,2.6,3.0,.873,0.5,3.7,4.1,2.2,0.8,0.7,1.9,2.1,23.9,2016
426,Tristan Thompson,PF,24,CLE,82,34,2269,3.9,6.7,.588,0.0,0.0,,3.9,6.7,.588,2.4,3.8,.616,4.3,7.5,11.7,1.0,0.6,0.8,1.0,3.2,10.2,2016
427,Marcus Thornton,SG,28,TOT,61,8,1109,7.0,17.6,.399,3.0,8.8,.337,4.1,8.8,.460,2.2,2.6,.848,1.2,3.6,4.9,2.8,1.5,0.1,1.7,2.9,19.2,2016
428,Anthony Tolliver,PF,30,DET,72,5,1341,3.4,8.9,.386,2.6,7.3,.360,0.8,1.6,.500,0.8,1.3,.617,1.0,5.1,6.1,1.4,0.7,0.4,0.8,2.3,10.3,2016
430,Karl-Anthony Towns,C,20,MIN,82,82,2627,8.6,15.8,.542,0.4,1.2,.341,8.2,14.6,.559,3.1,3.8,.811,3.1,8.6,11.8,2.2,0.8,1.9,2.5,3.4,20.6,2016
431,P.J. Tucker,SF,30,PHO,82,80,2540,3.4,8.2,.411,1.0,2.9,.330,2.4,5.3,.455,1.5,2.0,.746,2.3,4.9,7.3,2.5,1.5,0.3,1.6,2.9,9.2,2016
432,Evan Turner,SG,27,BOS,81,12,2271,5.4,11.9,.456,0.3,1.3,.241,5.1,10.6,.482,2.3,2.8,.827,0.8,5.5,6.3,5.7,1.3,0.4,2.7,2.2,13.5,2016
433,Myles Turner,C,19,IND,60,30,1367,7.0,14.0,.498,0.1,0.4,.214,6.9,13.6,.506,2.3,3.2,.727,1.8,7.0,8.7,1.1,0.7,2.3,1.8,4.2,16.3,2016
434,Beno Udrih,PG,33,TOT,44,5,707,4.4,10.1,.434,0.8,2.2,.341,3.6,7.8,.461,0.9,1.0,.900,0.4,3.3,3.7,5.9,0.7,0.1,2.7,2.6,10.4,2016
435,Jonas Valančiūnas,C,23,TOR,60,59,1557,7.0,12.4,.565,0.0,0.0,,7.0,12.4,.565,3.7,4.9,.761,4.3,8.4,12.6,1.0,0.6,1.8,2.0,3.7,17.8,2016
436,Anderson Varejão,C,33,TOT,53,0,496,3.8,9.0,.427,0.0,0.1,.000,3.8,8.9,.431,2.3,3.6,.640,2.7,7.5,10.2,2.5,1.2,0.7,1.6,5.1,10.0,2016
438,Rashad Vaughn,SG,19,MIL,70,6,1001,2.9,9.6,.305,1.5,5.3,.293,1.4,4.3,.319,0.4,0.5,.800,0.4,2.8,3.2,1.4,1.0,0.6,1.0,2.6,7.8,2016
439,Charlie Villanueva,PF,31,DAL,62,4,665,6.8,17.7,.382,2.5,9.3,.273,4.2,8.4,.503,1.2,1.3,.917,1.3,6.9,8.2,1.3,1.0,0.8,1.7,3.8,17.3,2016
440,Noah Vonleh,PF,20,POR,78,56,1174,3.6,8.5,.421,0.3,1.4,.239,3.3,7.1,.457,1.2,1.6,.745,2.8,6.6,9.4,0.9,0.8,0.8,1.5,4.7,8.7,2016
441,Nikola Vučević,C,25,ORL,65,60,2037,9.4,18.5,.510,0.0,0.2,.222,9.4,18.3,.512,2.0,2.7,.753,3.1,7.1,10.2,3.2,0.9,1.2,2.2,3.1,20.9,2016
442,Sasha Vujačić,SG,31,NYK,61,25,908,4.2,11.0,.383,2.1,5.7,.364,2.1,5.3,.403,1.3,1.5,.821,1.0,4.9,5.9,3.3,1.3,0.2,1.7,3.3,11.7,2016
443,Dwyane Wade,SG,34,MIA,74,73,2258,8.6,18.9,.456,0.1,0.7,.159,8.5,18.2,.468,5.1,6.5,.793,1.3,3.5,4.8,5.5,1.3,0.7,3.2,1.8,22.5,2016
444,Dion Waiters,SG,24,OKC,78,15,2152,4.7,11.8,.399,1.4,4.0,.358,3.3,7.8,.421,1.9,2.6,.713,0.6,2.8,3.4,2.6,1.4,0.3,2.0,2.4,12.7,2016
445,Kemba Walker,PG,25,CHO,81,81,2885,7.1,16.6,.427,2.3,6.1,.371,4.8,10.5,.459,4.6,5.5,.847,0.7,3.8,4.5,5.3,1.6,0.5,2.1,1.4,21.1,2016
446,John Wall,PG,25,WAS,77,77,2784,7.4,17.4,.424,1.5,4.2,.351,5.9,13.2,.448,3.5,4.4,.791,0.5,4.4,4.9,10.2,1.9,0.8,4.1,2.1,19.8,2016
447,T.J. Warren,SF,22,PHO,47,4,1070,7.4,14.8,.501,0.9,2.4,.400,6.5,12.5,.520,1.5,2.2,.703,1.9,3.0,4.9,1.5,1.2,0.5,1.1,3.2,17.3,2016
450,Sonny Weems,SG-SF,29,TOT,43,0,499,3.0,7.9,.382,1.1,3.0,.366,1.9,5.0,.391,0.6,1.1,.533,0.5,3.3,3.8,3.5,0.7,0.1,3.0,3.4,7.7,2016
451,David West,PF,35,SAS,78,19,1404,6.3,11.5,.545,0.1,0.2,.429,6.2,11.3,.546,1.6,2.1,.788,1.8,6.1,7.9,3.7,1.1,1.4,1.7,3.6,14.2,2016
452,Russell Westbrook,PG,27,OKC,80,80,2750,8.6,18.9,.454,1.3,4.5,.296,7.3,14.4,.503,6.1,7.5,.812,1.9,6.3,8.2,10.9,2.1,0.3,4.5,2.6,24.6,2016
453,Hassan Whiteside,C,26,MIA,73,43,2125,7.0,11.6,.606,0.0,0.0,,7.0,11.6,.606,3.6,5.6,.650,4.0,10.6,14.7,0.5,0.7,4.6,2.3,3.4,17.6,2016
455,Andrew Wiggins,SF,20,MIN,81,81,2845,7.5,16.4,.459,0.7,2.4,.300,6.8,14.0,.486,5.4,7.1,.761,1.3,2.4,3.7,2.1,1.0,0.6,2.3,2.1,21.2,2016
458,Deron Williams,PG,31,DAL,65,63,2106,5.5,13.2,.414,1.7,4.8,.344,3.8,8.4,.454,3.1,3.5,.869,0.3,2.9,3.2,6.5,1.0,0.2,2.6,2.6,15.7,2016
459,Derrick Williams,SF,24,NYK,80,9,1435,6.4,14.2,.450,1.1,3.8,.293,5.3,10.4,.506,4.9,6.4,.758,1.2,6.2,7.4,1.9,0.7,0.2,1.5,1.7,18.7,2016
461,Lou Williams,SG,29,LAL,67,35,1907,5.3,13.1,.408,2.1,6.0,.344,3.3,7.0,.464,6.6,8.0,.830,0.6,2.6,3.2,3.2,1.2,0.4,2.0,2.0,19.4,2016
462,Marvin Williams,PF,29,CHO,81,81,2338,5.2,11.5,.452,2.3,5.8,.402,2.9,5.7,.504,1.8,2.2,.833,2.0,6.1,8.0,1.7,0.9,1.2,1.0,2.0,14.6,2016
464,Justise Winslow,SF,19,MIA,78,8,2232,3.1,7.5,.422,0.5,1.9,.276,2.6,5.6,.471,1.3,1.9,.684,1.3,5.2,6.5,1.9,1.1,0.4,1.5,3.0,8.1,2016
465,Jeff Withey,C,25,UTA,51,10,658,4.8,8.9,.537,0.0,0.1,.000,4.8,8.8,.544,2.4,3.2,.729,3.1,6.4,9.5,1.1,1.1,2.9,1.5,4.1,11.9,2016
473,Nick Young,SG,30,LAL,54,2,1033,4.4,13.0,.339,2.7,8.3,.325,1.7,4.7,.363,2.2,2.6,.829,0.5,2.9,3.4,1.2,0.8,0.2,1.0,1.7,13.7,2016
474,Thaddeus Young,PF,27,BRK,73,73,2407,7.4,14.4,.514,0.1,0.4,.233,7.3,14.0,.523,1.6,2.4,.644,2.6,7.2,9.9,2.0,1.7,0.6,2.0,2.7,16.5,2016
475,Cody Zeller,C,23,CHO,73,60,1774,4.7,8.9,.529,0.0,0.2,.100,4.7,8.7,.539,3.6,4.7,.754,2.8,6.4,9.2,1.4,1.2,1.3,1.4,4.1,12.9,2016
476,Tyler Zeller,C,26,BOS,60,3,710,7.0,14.7,.476,0.0,0.0,,7.0,14.7,.476,4.5,5.5,.815,3.1,5.9,9.0,1.5,0.5,1.1,2.3,4.9,18.5,2016
