Rk,Player,Pos,Age,Tm,G,GS,MP,FG,FGA,FG%,3P,3PA,3P%,2P,2PA,2P%,FT,FTA,FT%,ORB,DRB,TRB,AST,STL,BLK,TOV,PF,PTS,Year
4,Steven Adams,C,25,OKC,80,80,2669,6.5,10.9,.595,0.0,0.0,.000,6.5,10.9,.596,2.0,3.9,.500,5.3,5.0,10.3,1.7,1.6,1.0,1.8,2.8,14.9,2019
5,Bam Adebayo,C,21,MIA,82,28,1913,5.3,9.1,.576,0.1,0.3,.200,5.2,8.9,.588,3.1,4.3,.735,3.1,8.1,11.2,3.5,1.3,1.2,2.3,3.8,13.7,2019
8,LaMarcus Aldridge,C,33,SAS,81,81,2687,9.2,17.7,.519,0.1,0.6,.238,9.0,17.1,.528,4.7,5.5,.847,3.4,6.6,10.0,2.6,0.6,1.4,1.9,2.4,23.1,2019
11,Jarrett Allen,C,20,BRK,80,80,2096,5.8,9.8,.590,0.1,0.8,.133,5.7,9.0,.629,3.4,4.8,.709,3.3,8.3,11.5,1.9,0.7,2.1,1.8,3.2,15.0,2019
13,Al-Farouq Aminu,PF,28,POR,81,81,2292,4.0,9.3,.433,1.5,4.4,.343,2.5,4.9,.514,2.4,2.7,.867,1.8,7.8,9.6,1.6,1.1,0.5,1.1,2.2,11.9,2019
14,Justin Anderson,SF,25,ATL,48,4,463,5.0,12.2,.408,1.9,6.0,.312,3.1,6.2,.500,2.0,2.7,.743,1.9,4.7,6.5,1.8,1.7,1.0,1.8,3.7,13.8,2019
15,Kyle Anderson,SF,25,MEM,43,40,1281,4.2,7.8,.543,0.3,1.0,.265,4.0,6.8,.583,1.0,1.8,.578,1.3,5.7,7.1,3.6,1.5,1.0,1.6,3.1,9.7,2019
18,Giannis Antetokounmpo,PF,24,MIL,72,72,2358,11.0,19.0,.578,0.8,3.1,.256,10.2,15.9,.641,7.6,10.5,.729,2.4,11.3,13.7,6.5,1.4,1.7,4.1,3.5,30.4,2019
21,OG Anunoby,SF,21,TOR,67,6,1352,4.9,10.8,.453,1.8,5.4,.332,3.1,5.4,.574,1.0,1.7,.581,1.5,3.7,5.2,1.3,1.2,0.6,1.5,3.7,12.5,2019
22,Ryan Arcidiacono,PG,24,CHI,81,32,1961,3.4,7.7,.447,1.5,4.0,.373,1.9,3.7,.527,1.6,1.9,.873,0.5,3.5,4.0,4.9,1.2,0.1,1.2,3.1,10.0,2019
23,Trevor Ariza,SF,33,TOT,69,69,2349,4.5,11.3,.399,2.2,6.7,.334,2.3,4.6,.493,2.0,2.5,.793,0.8,4.9,5.7,3.9,1.4,0.3,1.6,2.0,13.2,2019
24,D.J. Augustin,PG,31,ORL,81,81,2269,5.0,10.7,.470,2.1,4.9,.421,3.0,5.8,.511,2.9,3.3,.866,0.7,2.6,3.2,6.8,0.8,0.1,2.0,1.8,15.0,2019
25,Deandre Ayton,C,20,PHO,71,70,2183,8.4,14.3,.585,0.0,0.1,.000,8.4,14.3,.588,2.3,3.1,.746,3.7,8.3,12.0,2.1,1.0,1.1,2.1,3.4,19.1,2019
26,Dwayne Bacon,SG,23,CHO,43,13,759,5.8,12.2,.475,1.8,4.1,.437,4.0,8.1,.494,1.6,2.2,.739,0.4,3.8,4.2,2.2,0.6,0.2,0.9,3.4,15.0,2019
27,Marvin Bagley III,PF,19,SAC,62,4,1567,8.2,16.2,.504,0.7,2.2,.313,7.5,14.0,.534,4.2,6.0,.691,3.7,7.1,10.8,1.4,0.8,1.4,2.3,2.8,21.2,2019
30,Lonzo Ball,PG,21,LAL,47,45,1423,4.7,11.5,.406,1.9,5.8,.329,2.8,5.8,.482,0.5,1.2,.417,1.4,5.0,6.3,6.5,1.7,0.5,2.6,2.9,11.8,2019
31,Mo Bamba,C,20,ORL,47,1,766,5.5,11.4,.481,1.0,3.3,.300,4.5,8.1,.555,1.7,3.0,.587,3.0,7.9,11.0,1.8,0.6,3.0,2.0,4.8,13.7,2019
33,Harrison Barnes,PF-SF,26,TOT,77,77,2533,6.1,14.6,.420,2.5,6.3,.395,3.7,8.3,.439,3.3,4.0,.824,0.8,4.3,5.1,1.6,0.7,0.2,1.4,1.7,18.0,2019
34,Will Barton,SF,28,DEN,43,38,1189,5.6,13.9,.402,2.0,5.9,.342,3.6,8.0,.447,1.7,2.2,.770,1.0,5.1,6.0,3.8,0.5,0.7,2.0,2.5,15.0,2019
36,Nicolas Batum,SF,30,CHO,75,72,2354,3.9,8.6,.450,1.8,4.6,.389,2.1,4.0,.519,1.2,1.4,.865,1.1,4.9,6.0,3.8,1.1,0.7,1.8,2.1,10.7,2019
38,Aron Baynes,C,32,BOS,51,18,821,4.6,9.8,.471,0.9,2.7,.344,3.7,7.1,.519,2.3,2.7,.855,3.9,6.7,10.5,2.5,0.5,1.5,1.8,5.5,12.5,2019
39,Kent Bazemore,SG,29,ATL,67,35,1643,6.1,15.1,.402,2.1,6.6,.320,4.0,8.6,.465,2.8,3.8,.726,0.8,4.9,5.7,3.3,2.0,0.9,2.7,3.7,17.1,2019
40,Bradley Beal,SG,25,WAS,82,82,3028,9.1,19.1,.475,2.5,7.1,.351,6.6,12.0,.548,4.3,5.3,.808,1.1,3.8,4.9,5.3,1.4,0.7,2.7,2.7,25.0,2019
41,Malik Beasley,SG,22,DEN,81,18,1879,6.7,14.1,.474,3.1,7.8,.402,3.6,6.4,.560,1.1,1.3,.848,0.7,3.2,3.8,1.9,1.1,0.2,1.1,2.2,17.6,2019
43,Marco Belinelli,SG,32,SAS,79,1,1815,5.7,13.7,.413,2.9,7.8,.372,2.7,5.9,.468,2.2,2.5,.903,0.3,3.6,3.9,2.6,0.7,0.2,1.4,2.4,16.4,2019
44,Jordan Bell,C,24,GSW,68,3,788,4.5,8.8,.516,0.0,0.1,.000,4.5,8.7,.521,1.1,1.9,.610,2.5,5.9,8.4,3.5,0.9,2.3,1.9,3.7,10.2,2019
45,DeAndre' Bembry,SG,24,ATL,82,15,1931,5.1,11.5,.446,0.9,3.2,.289,4.2,8.3,.508,1.6,2.5,.640,1.0,5.7,6.7,3.8,2.0,0.8,2.6,3.5,12.8,2019
46,Dragan Bender,PF,21,PHO,46,27,826,3.8,8.6,.447,1.0,4.4,.218,2.9,4.2,.688,1.4,2.4,.593,1.5,6.5,8.0,2.4,0.8,1.0,1.6,3.9,10.0,2019
48,Dāvis Bertāns,PF,26,SAS,76,12,1632,4.5,10.0,.450,3.2,7.5,.429,1.3,2.5,.513,1.2,1.3,.883,0.5,5.3,5.8,2.2,0.8,0.7,0.9,2.9,13.4,2019
49,Patrick Beverley,PG,30,LAC,78,49,2137,3.3,8.0,.407,1.9,4.8,.397,1.4,3.3,.421,1.6,2.1,.780,1.3,5.3,6.5,5.1,1.1,0.7,1.4,4.5,10.0,2019
50,Khem Birch,C,26,ORL,50,1,643,5.1,8.5,.603,0.0,0.1,.000,5.1,8.4,.607,3.2,4.6,.699,4.4,6.2,10.6,2.1,1.0,1.6,1.1,4.0,13.4,2019
51,Bismack Biyombo,C,26,CHO,54,32,783,4.1,7.2,.571,0.0,0.0,,4.1,7.2,.571,2.7,4.2,.637,3.7,7.6,11.4,1.5,0.5,1.9,1.6,4.7,10.9,2019
52,Nemanja Bjelica,PF,30,SAC,77,70,1788,5.7,11.9,.479,2.1,5.2,.401,3.6,6.8,.539,1.4,1.9,.761,2.5,6.4,8.9,3.0,1.1,1.1,1.7,4.0,14.9,2019
53,Antonio Blakeney,SG,22,CHI,57,3,829,7.2,17.2,.419,1.6,4.0,.396,5.6,13.2,.426,2.2,3.3,.658,0.3,4.3,4.6,1.8,0.5,0.4,1.5,1.8,18.2,2019
54,Eric Bledsoe,PG,29,MIL,78,78,2272,7.4,15.4,.484,2.0,6.0,.329,5.5,9.4,.582,2.8,3.7,.750,1.3,4.4,5.7,6.8,1.8,0.5,2.6,2.5,19.7,2019
56,Bogdan Bogdanović,SG,26,SAC,70,17,1947,6.7,16.0,.418,2.5,6.9,.360,4.2,9.1,.462,2.5,3.0,.827,0.7,3.8,4.5,4.9,1.3,0.3,2.2,2.6,18.3,2019
57,Bojan Bogdanović,SF,29,IND,81,81,2573,7.3,14.7,.497,2.3,5.4,.425,5.0,9.3,.538,3.4,4.3,.807,0.5,4.2,4.7,2.3,1.0,0.0,1.9,1.9,20.3,2019
59,Jonah Bolden,PF,23,PHI,44,10,639,4.5,9.1,.494,1.9,5.4,.354,2.6,3.7,.697,0.7,1.5,.481,2.6,6.6,9.3,2.3,1.0,2.2,2.0,5.6,11.7,2019
61,Devin Booker,SG,22,PHO,64,64,2242,9.4,20.2,.467,2.2,6.6,.326,7.2,13.5,.536,6.3,7.3,.866,0.6,3.6,4.3,7.0,0.9,0.2,4.2,3.2,27.3,2019
63,Avery Bradley,SG,28,TOT,63,63,1905,4.7,11.5,.408,1.6,4.6,.351,3.1,6.9,.446,0.8,0.9,.860,0.8,2.5,3.3,2.9,0.8,0.3,1.7,3.2,11.8,2019
66,Mikal Bridges,SF,22,PHO,82,56,2417,3.6,8.4,.430,1.6,4.7,.335,2.0,3.7,.548,1.4,1.8,.805,0.8,3.1,3.9,2.6,1.9,0.6,1.0,3.0,10.2,2019
67,Miles Bridges,SF,20,CHO,80,25,1696,5.0,10.8,.464,1.4,4.2,.325,3.7,6.6,.553,1.2,1.6,.753,1.4,5.4,6.9,2.0,1.2,1.0,1.1,2.4,12.7,2019
69,Ryan Broekhoff,SG,28,DAL,42,0,453,4.5,10.0,.452,3.0,7.4,.409,1.5,2.6,.576,1.2,1.5,.789,0.6,4.4,5.0,1.7,0.5,0.3,1.3,2.8,13.3,2019
70,Malcolm Brogdon,SG,26,MIL,64,64,1832,7.4,14.7,.505,2.0,4.8,.426,5.4,9.9,.544,2.8,3.0,.928,1.3,4.4,5.7,4.0,0.9,0.3,1.8,2.0,19.7,2019
73,Bruce Brown,SG,22,DET,74,56,1449,3.1,7.8,.398,0.6,2.3,.258,2.5,5.5,.457,1.1,1.5,.750,1.2,3.4,4.6,2.3,1.0,0.9,1.1,4.4,7.9,2019
74,Jaylen Brown,SG,22,BOS,74,25,1913,6.9,14.9,.465,1.8,5.2,.344,5.1,9.7,.529,2.5,3.8,.658,1.2,4.7,5.9,1.9,1.3,0.6,1.9,3.5,18.1,2019
76,Sterling Brown,SG,23,MIL,58,7,1034,5.0,10.9,.465,1.8,5.1,.361,3.2,5.7,.558,1.0,1.5,.690,1.0,5.4,6.4,2.9,0.9,0.3,1.6,3.1,13.0,2019
77,Troy Brown Jr.,SF,19,WAS,52,10,730,4.8,11.5,.415,1.1,3.4,.319,3.7,8.1,.455,1.6,2.3,.681,1.7,5.4,7.2,3.9,1.0,0.2,1.5,2.8,12.2,2019
78,Jalen Brunson,PG,22,DAL,73,38,1591,6.0,12.8,.467,1.4,4.1,.348,4.5,8.7,.523,2.0,2.7,.725,0.6,3.3,3.8,5.2,0.8,0.1,2.0,2.9,15.3,2019
79,Thomas Bryant,C,21,WAS,72,53,1496,7.4,12.1,.616,0.8,2.4,.333,6.6,9.7,.685,2.6,3.3,.781,2.7,8.2,10.9,2.2,0.6,1.6,1.4,3.0,18.2,2019
80,Reggie Bullock,SG,27,TOT,63,60,1879,4.7,11.4,.412,2.8,7.5,.377,1.9,3.9,.483,1.4,1.6,.859,0.4,2.9,3.3,2.5,0.8,0.2,1.2,2.1,13.6,2019
81,Trey Burke,PG,26,TOT,58,8,1125,7.6,17.5,.431,1.8,5.1,.352,5.8,12.4,.463,3.3,4.0,.831,0.9,2.3,3.2,5.1,1.1,0.2,1.6,1.9,20.2,2019
82,Alec Burks,SG,27,TOT,64,24,1375,5.0,12.4,.405,1.6,4.4,.363,3.4,8.0,.428,3.0,3.7,.823,0.8,5.4,6.2,3.4,1.0,0.5,1.7,2.4,14.7,2019
84,Jimmy Butler,SF-SG,29,TOT,65,65,2185,6.9,14.9,.462,1.1,3.2,.347,5.8,11.7,.494,5.1,6.0,.855,2.0,3.6,5.6,4.3,2.0,0.6,1.6,1.8,20.0,2019
86,José Calderón,PG,37,DET,49,0,632,2.6,6.8,.375,0.8,3.2,.246,1.8,3.6,.492,0.5,0.6,.818,0.6,2.8,3.4,6.6,0.9,0.2,2.0,3.6,6.4,2019
87,Kentavious Caldwell-Pope,SG,25,LAL,82,23,2035,5.7,13.4,.430,2.7,7.7,.347,3.1,5.7,.542,2.4,2.8,.867,0.8,3.4,4.2,1.9,1.3,0.2,1.1,2.4,16.6,2019
89,Clint Capela,C,24,HOU,67,67,2249,7.6,11.7,.648,0.0,0.0,,7.6,11.7,.648,2.7,4.2,.636,4.8,8.8,13.6,1.5,0.7,1.6,1.5,2.7,17.8,2019
90,DeMarre Carroll,PF,32,BRK,67,8,1703,4.8,12.2,.395,2.2,6.6,.342,2.6,5.6,.457,3.9,5.1,.760,1.4,5.9,7.4,1.8,0.7,0.2,1.5,2.4,15.7,2019
92,Vince Carter,PF,42,ATL,76,9,1330,5.3,12.7,.419,3.3,8.6,.389,2.0,4.1,.480,1.3,1.8,.712,0.8,4.4,5.3,2.4,1.2,0.7,1.3,3.8,15.2,2019
93,Wendell Carter Jr.,C,19,CHI,44,44,1110,5.8,12.0,.485,0.2,1.0,.188,5.6,11.0,.513,2.9,3.6,.795,2.8,7.1,10.0,2.5,0.8,1.9,2.1,4.9,14.8,2019
97,Willie Cauley-Stein,C,25,SAC,81,81,2213,6.7,12.1,.556,0.0,0.0,.500,6.7,12.0,.556,2.3,4.1,.551,2.9,8.1,11.0,3.2,1.6,0.8,1.4,3.7,15.7,2019
100,Tyson Chandler,C,36,TOT,55,6,875,2.5,4.1,.616,0.0,0.0,.000,2.5,4.0,.622,2.1,3.6,.586,3.8,8.8,12.6,1.5,0.9,0.9,1.7,4.5,7.1,2019
101,Wilson Chandler,PF-SF,31,TOT,51,33,1177,3.5,8.4,.418,1.8,4.8,.373,1.7,3.5,.478,0.6,0.8,.720,1.5,5.1,6.6,2.5,0.8,0.6,1.4,3.8,9.3,2019
104,Marquese Chriss,PF,21,TOT,43,2,499,4.8,13.0,.372,1.2,5.2,.222,3.7,7.8,.472,2.3,3.2,.711,2.9,7.4,10.2,1.6,1.2,0.8,2.6,5.8,13.1,2019
105,Gary Clark,PF,24,HOU,51,2,641,2.8,8.5,.331,2.3,7.8,.297,0.5,0.7,.692,0.4,0.4,1.000,1.3,5.2,6.5,1.0,1.1,1.5,0.4,2.6,8.3,2019
106,Ian Clark,SG,27,NOP,60,6,973,5.6,14.2,.394,2.4,7.5,.327,3.1,6.7,.470,1.2,1.4,.892,0.5,2.8,3.3,3.5,0.8,0.3,2.1,3.5,14.8,2019
107,Jordan Clarkson,SG,26,CLE,81,0,2214,8.6,19.2,.448,2.3,7.2,.324,6.3,12.0,.524,2.6,3.1,.844,1.3,3.1,4.4,3.2,0.9,0.2,2.2,1.8,22.2,2019
108,John Collins,PF,21,ATL,61,59,1829,9.2,16.4,.560,1.1,3.1,.348,8.1,13.2,.609,4.0,5.2,.763,4.3,7.4,11.7,2.4,0.4,0.8,2.4,3.9,23.4,2019
109,Zach Collins,C,21,POR,77,0,1356,5.0,10.6,.473,1.1,3.2,.331,4.0,7.4,.534,2.5,3.3,.746,2.9,5.7,8.6,1.9,0.7,1.8,2.0,4.6,13.6,2019
110,Darren Collison,PG,31,IND,76,76,2143,5.2,11.1,.467,1.3,3.3,.407,3.8,7.8,.492,2.7,3.2,.832,0.6,3.3,3.9,7.7,1.8,0.2,2.1,2.3,14.3,2019
112,Mike Conley,PG,31,MEM,70,70,2342,7.5,17.2,.438,2.4,6.5,.364,5.1,10.7,.483,5.3,6.2,.845,0.6,3.1,3.7,6.9,1.4,0.3,2.0,1.9,22.7,2019
113,Pat Connaughton,SG,26,MIL,61,2,1261,4.7,10.0,.466,1.9,5.7,.330,2.8,4.3,.647,0.8,1.1,.725,1.7,5.6,7.4,3.5,0.9,0.7,0.9,2.3,12.0,2019
114,Quinn Cook,PG,25,GSW,74,10,1059,6.9,14.9,.465,2.8,6.8,.405,4.2,8.1,.515,0.7,0.9,.769,0.7,4.6,5.3,3.9,0.7,0.1,1.7,3.1,17.3,2019
117,Allen Crabbe,SG,26,BRK,43,20,1133,4.4,11.9,.367,3.1,8.2,.378,1.2,3.6,.342,1.3,1.8,.732,0.5,4.2,4.7,1.5,0.7,0.4,1.5,3.2,13.1,2019
118,Torrey Craig,SF,28,DEN,75,37,1503,3.8,8.7,.442,1.5,4.5,.324,2.4,4.2,.569,1.2,1.7,.700,2.1,4.2,6.3,1.7,0.9,1.1,1.1,4.2,10.3,2019
119,Jamal Crawford,SG,38,PHO,64,0,1211,5.2,13.0,.397,2.0,6.0,.332,3.2,7.0,.453,2.8,3.3,.845,0.2,2.3,2.5,6.8,1.0,0.4,2.9,2.2,15.1,2019
121,Jae Crowder,SF,28,UTA,80,11,2166,5.3,13.2,.399,2.9,8.7,.331,2.4,4.6,.527,2.4,3.3,.721,1.0,5.4,6.4,2.2,1.1,0.5,1.4,2.8,15.8,2019
122,Dante Cunningham,PF,31,SAS,64,21,928,2.9,6.1,.475,1.2,2.5,.462,1.7,3.6,.484,0.5,0.7,.778,1.9,5.4,7.3,1.9,1.0,0.5,0.9,2.8,7.5,2019
123,Seth Curry,SG,28,POR,74,2,1399,5.5,12.0,.456,2.9,6.5,.450,2.5,5.5,.463,1.1,1.3,.846,0.7,2.4,3.1,1.7,0.9,0.3,1.6,2.5,15.0,2019
124,Stephen Curry,PG,30,GSW,69,69,2331,9.8,20.7,.472,5.5,12.5,.437,4.3,8.2,.525,4.1,4.4,.916,0.7,5.0,5.7,5.6,1.4,0.4,3.0,2.6,29.1,2019
125,Troy Daniels,SG,27,PHO,51,1,760,5.4,13.0,.411,3.5,9.2,.381,1.8,3.8,.481,0.9,1.1,.783,0.6,2.8,3.5,1.2,1.2,0.2,1.3,3.7,15.1,2019
126,Anthony Davis,C,25,NOP,56,56,1850,10.3,20.0,.517,0.9,2.8,.331,9.4,17.1,.547,6.7,8.4,.794,3.4,9.7,13.1,4.2,1.7,2.6,2.2,2.6,28.3,2019
128,Ed Davis,C,29,BRK,81,1,1446,4.6,7.5,.616,0.0,0.0,.000,4.6,7.5,.620,2.5,4.0,.617,5.4,11.9,17.3,1.5,0.9,0.8,1.6,5.6,11.8,2019
130,Dewayne Dedmon,C,29,ATL,64,52,1609,5.8,11.8,.492,1.9,4.9,.382,3.9,6.9,.570,2.1,2.5,.814,2.3,8.4,10.7,2.0,1.5,1.6,1.9,4.8,15.5,2019
131,Sam Dekker,PF,24,TOT,47,5,788,5.5,11.7,.469,0.9,2.8,.306,4.6,8.9,.521,1.3,2.1,.609,2.4,4.3,6.8,2.1,1.7,0.3,1.1,2.1,13.1,2019
133,Matthew Dellavedova,PG,28,TOT,48,0,812,4.3,10.7,.405,2.0,5.8,.338,2.4,5.0,.482,1.9,2.3,.808,0.3,3.1,3.4,8.0,0.6,0.1,3.0,3.3,12.5,2019
135,DeMar DeRozan,SG,29,SAS,77,77,2688,8.5,17.6,.481,0.1,0.6,.156,8.4,17.0,.492,4.9,5.9,.830,0.7,5.5,6.2,6.4,1.2,0.5,2.7,2.4,21.9,2019
137,Cheick Diallo,PF,22,NOP,64,1,896,6.8,10.9,.620,0.0,0.2,.250,6.7,10.7,.625,2.0,2.7,.746,3.0,10.3,13.3,1.3,1.2,1.3,2.0,4.5,15.5,2019
138,Hamidou Diallo,SG,20,OKC,51,3,526,5.1,11.3,.455,0.3,1.6,.167,4.9,9.7,.504,2.5,4.0,.610,2.6,4.0,6.6,1.2,1.4,0.7,1.6,5.3,13.0,2019
139,Gorgui Dieng,C,29,MIN,76,2,1031,6.6,13.2,.501,0.7,2.0,.339,5.9,11.2,.530,3.1,3.7,.830,2.8,8.0,10.9,2.5,1.7,1.4,2.0,4.7,16.9,2019
140,Spencer Dinwiddie,PG,25,BRK,68,4,1914,6.9,15.6,.442,2.3,7.0,.335,4.6,8.6,.528,5.4,6.7,.806,0.5,2.6,3.1,5.8,0.8,0.3,2.9,3.5,21.5,2019
142,Luka Dončić,SG,19,DAL,72,72,2318,7.9,18.4,.427,2.6,8.0,.327,5.2,10.4,.503,5.4,7.5,.713,1.3,7.4,8.7,6.7,1.2,0.4,3.8,2.1,23.7,2019
143,Tyler Dorsey,SG,22,TOT,48,11,698,5.5,13.6,.405,2.3,6.8,.333,3.2,6.8,.477,2.0,3.1,.623,1.4,4.4,5.8,2.9,0.7,0.1,1.4,2.7,15.3,2019
144,Damyean Dotson,SG,24,NYK,73,40,2004,5.2,12.5,.415,2.3,6.1,.368,2.9,6.4,.461,1.3,1.8,.745,0.6,4.1,4.7,2.4,1.0,0.2,1.3,2.4,14.0,2019
147,Andre Drummond,C,25,DET,79,79,2647,7.6,14.3,.533,0.1,0.5,.132,7.6,13.8,.548,3.3,5.6,.590,5.8,11.0,16.8,1.5,1.8,1.9,2.4,3.7,18.6,2019
148,Jared Dudley,PF,33,BRK,59,25,1220,3.0,7.1,.423,1.6,4.5,.351,1.4,2.6,.545,0.9,1.4,.696,1.0,3.6,4.6,2.4,1.1,0.5,1.3,3.9,8.5,2019
149,Kris Dunn,PG,24,CHI,46,44,1389,5.6,13.1,.425,0.9,2.5,.354,4.7,10.6,.441,1.4,1.8,.797,0.5,4.4,4.8,7.2,1.8,0.5,2.7,4.3,13.5,2019
150,Kevin Durant,SF,30,GSW,78,78,2702,9.6,18.4,.521,1.8,5.2,.353,7.8,13.3,.587,6.0,6.7,.885,0.4,6.2,6.6,6.1,0.8,1.1,3.0,2.1,27.0,2019
154,Wayne Ellington,SG,31,TOT,53,38,1297,5.1,12.7,.403,3.8,10.3,.371,1.3,2.4,.541,1.1,1.4,.796,0.4,2.6,3.0,2.0,1.5,0.2,1.1,2.6,15.1,2019
155,Joel Embiid,C,24,PHI,64,64,2154,9.7,20.0,.484,1.3,4.4,.300,8.4,15.6,.535,8.7,10.8,.804,2.7,11.9,14.6,3.9,0.8,2.0,3.8,3.5,29.4,2019
156,James Ennis III,SF,28,TOT,58,27,1230,4.0,8.6,.469,1.6,4.6,.353,2.4,4.0,.601,1.7,2.4,.716,1.8,3.6,5.3,1.2,1.2,0.7,1.0,4.4,11.4,2019
160,Tyreke Evans,SG,29,IND,69,18,1402,6.6,16.9,.389,2.0,5.5,.356,4.6,11.4,.405,3.0,4.1,.719,0.8,4.3,5.2,4.3,1.5,0.5,3.0,3.0,18.1,2019
161,Dante Exum,PG,23,UTA,42,1,664,5.5,13.1,.419,1.0,3.4,.290,4.5,9.7,.464,3.7,4.7,.791,0.9,2.8,3.7,6.0,0.8,0.3,2.8,3.7,15.6,2019
163,Derrick Favors,C,27,UTA,76,70,1766,7.4,12.6,.586,0.3,1.6,.218,7.1,11.0,.640,3.1,4.6,.675,4.2,7.2,11.4,1.8,1.1,2.2,1.7,3.3,18.3,2019
164,Cristiano Felício,C,26,CHI,60,0,746,4.6,8.6,.531,0.0,0.2,.000,4.6,8.4,.543,2.4,3.5,.685,3.8,6.7,10.5,1.8,0.5,0.3,1.6,3.3,11.6,2019
166,Terrance Ferguson,SG,20,OKC,74,74,1931,3.4,8.0,.429,2.0,5.4,.366,1.5,2.6,.560,0.7,1.0,.725,0.6,2.0,2.6,1.3,0.7,0.3,0.9,4.3,9.6,2019
167,Yogi Ferrell,PG,25,SAC,71,3,1067,5.2,11.9,.435,1.8,5.0,.362,3.3,6.8,.488,2.0,2.3,.896,0.4,3.2,3.7,4.6,1.2,0.1,1.3,2.2,14.2,2019
168,Dorian Finney-Smith,SF,25,DAL,81,26,1985,4.1,9.6,.432,1.4,4.6,.311,2.7,5.0,.544,1.3,1.9,.709,2.5,4.6,7.1,1.7,1.3,0.7,1.3,3.4,11.0,2019
169,Bryn Forbes,SG,25,SAS,82,81,2293,5.7,12.4,.456,2.8,6.5,.426,2.9,5.9,.489,1.1,1.2,.885,0.3,3.5,3.8,2.7,0.7,0.1,1.3,2.5,15.2,2019
170,Evan Fournier,SG,26,ORL,81,81,2553,6.6,15.1,.438,2.2,6.3,.340,4.4,8.7,.509,1.9,2.4,.806,0.5,3.1,3.6,4.2,1.0,0.2,2.2,3.2,17.3,2019
171,De'Aaron Fox,PG,21,SAC,81,81,2546,7.1,15.6,.458,1.2,3.3,.371,5.9,12.3,.482,4.3,5.9,.727,0.6,3.7,4.3,8.3,1.9,0.6,3.2,2.9,19.8,2019
173,Tim Frazier,PG,28,TOT,59,19,1120,3.7,8.4,.444,1.2,3.2,.366,2.5,5.1,.494,1.3,1.7,.759,1.3,4.1,5.4,8.0,1.0,0.2,2.4,3.6,10.0,2019
175,Enes Freedom,C,26,TOT,67,31,1640,8.2,15.0,.549,0.2,0.7,.294,8.0,14.2,.562,3.4,4.3,.787,5.6,8.8,14.5,2.5,0.7,0.6,2.6,3.7,20.1,2019
178,Danilo Gallinari,SF,30,LAC,68,68,2059,7.2,15.5,.463,2.8,6.5,.433,4.3,9.0,.484,6.4,7.1,.904,0.9,6.3,7.3,3.1,0.9,0.4,1.7,2.3,23.5,2019
179,Langston Galloway,SG,27,DET,80,4,1745,4.7,12.1,.388,2.8,7.8,.355,1.9,4.3,.449,1.7,2.0,.844,1.0,2.5,3.5,1.8,0.8,0.2,0.5,2.8,13.9,2019
181,Marc Gasol,C,34,TOT,79,72,2436,5.8,12.9,.448,1.5,4.0,.363,4.3,8.8,.487,2.8,3.7,.759,1.2,8.1,9.3,5.2,1.2,1.3,2.3,3.2,15.8,2019
183,Rudy Gay,PF,32,SAS,69,51,1842,7.3,14.6,.504,1.4,3.6,.402,5.9,11.0,.537,2.3,2.9,.816,1.2,8.0,9.2,3.6,1.1,0.7,2.2,3.1,18.5,2019
184,Paul George,SF,28,OKC,77,77,2841,9.0,20.5,.438,3.7,9.6,.386,5.3,10.9,.484,5.7,6.8,.839,1.3,6.6,8.0,4.0,2.2,0.4,2.6,2.7,27.4,2019
185,Taj Gibson,PF,33,MIN,70,57,1686,6.5,11.5,.566,0.2,0.7,.324,6.3,10.7,.583,2.9,3.8,.757,3.7,6.1,9.8,1.8,1.1,0.8,1.6,4.0,16.1,2019
186,Harry Giles,PF,20,SAC,58,0,820,7.7,15.3,.503,0.0,0.3,.000,7.7,15.0,.512,2.5,4.0,.637,2.9,6.8,9.7,3.7,1.4,1.0,3.2,6.6,17.9,2019
187,Shai Gilgeous-Alexander,PG,20,LAC,82,73,2174,5.6,11.9,.476,0.8,2.3,.367,4.8,9.6,.503,2.6,3.2,.800,0.9,2.9,3.8,4.5,1.6,0.7,2.3,2.9,14.7,2019
188,Rudy Gobert,C,26,UTA,81,80,2577,6.6,9.9,.669,0.0,0.0,,6.6,9.9,.669,4.6,7.3,.636,4.3,10.2,14.5,2.2,0.9,2.6,1.8,3.2,17.9,2019
190,Aaron Gordon,PF,23,ORL,78,78,2633,6.4,14.3,.449,1.7,4.7,.349,4.8,9.6,.499,2.5,3.5,.731,1.8,6.1,7.8,4.0,0.8,0.8,2.2,2.4,17.0,2019
191,Eric Gordon,SG,30,HOU,68,53,2158,6.4,15.6,.409,3.6,10.0,.360,2.8,5.6,.497,2.0,2.5,.783,0.3,2.2,2.5,2.2,0.7,0.5,1.5,2.4,18.4,2019
192,Marcin Gortat,C,34,LAC,47,43,751,4.7,8.9,.532,0.0,0.0,,4.7,8.9,.532,1.7,2.3,.729,3.2,9.3,12.5,3.1,0.3,1.2,2.4,4.4,11.2,2019
193,Devonte' Graham,PG,23,CHO,46,3,676,3.9,11.5,.343,1.8,6.4,.281,2.1,5.1,.421,1.9,2.4,.761,0.5,2.8,3.4,6.4,1.2,0.1,1.6,2.6,11.6,2019
195,Jerami Grant,PF,24,OKC,80,77,2612,5.6,11.3,.497,1.6,4.0,.392,4.1,7.3,.555,2.2,3.0,.710,1.3,4.4,5.7,1.1,0.8,1.4,0.9,2.9,15.0,2019
196,Jerian Grant,PG,26,ORL,60,1,939,3.5,8.4,.418,1.5,4.2,.364,2.0,4.2,.473,1.0,1.5,.650,0.7,3.0,3.8,6.0,1.7,0.2,2.0,3.0,9.6,2019
198,Danny Green,SG,31,TOR,80,80,2216,4.8,10.2,.465,3.2,7.1,.455,1.5,3.2,.487,0.6,0.7,.841,1.0,4.2,5.1,2.0,1.2,0.9,1.2,2.8,13.3,2019
199,Draymond Green,PF,28,GSW,66,66,2065,3.3,7.4,.445,0.8,2.9,.285,2.5,4.5,.549,1.1,1.6,.692,1.0,7.3,8.4,7.9,1.7,1.2,2.9,3.4,8.5,2019
200,Gerald Green,SG,33,HOU,73,0,1473,5.6,14.1,.400,3.8,10.8,.354,1.8,3.3,.547,1.4,1.7,.838,0.7,3.7,4.4,1.0,0.8,0.7,1.3,3.1,16.5,2019
201,JaMychal Green,PF,28,TOT,65,6,1371,6.0,12.5,.483,1.9,4.6,.403,4.2,7.9,.530,2.1,2.7,.792,2.7,8.0,10.7,1.3,1.2,0.9,2.3,5.1,16.0,2019
202,Jeff Green,PF,32,WAS,77,44,2097,5.6,11.8,.475,1.9,5.5,.347,3.7,6.3,.586,3.1,3.5,.888,1.0,4.3,5.3,2.4,0.7,0.7,1.7,2.7,16.2,2019
203,Blake Griffin,PF,29,DET,75,75,2622,8.5,18.4,.462,2.6,7.2,.362,5.9,11.2,.525,5.7,7.6,.753,1.4,6.4,7.8,5.5,0.7,0.4,3.5,2.7,25.3,2019
206,Tim Hardaway Jr.,SG,26,TOT,65,63,2057,6.8,17.4,.393,2.8,8.3,.340,4.0,9.0,.442,4.1,4.8,.841,0.6,3.3,3.9,2.8,0.9,0.1,1.8,2.5,20.5,2019
207,James Harden,PG,29,HOU,78,78,2867,10.6,24.0,.442,4.7,12.9,.368,5.8,11.1,.528,9.5,10.8,.879,0.8,5.7,6.5,7.4,2.0,0.7,4.9,3.1,35.4,2019
208,Maurice Harkless,SF,25,POR,60,53,1415,4.8,9.9,.487,0.8,3.1,.275,4.0,6.8,.582,1.2,1.9,.671,2.0,4.9,6.8,1.9,1.7,1.3,1.1,4.1,11.7,2019
209,Montrezl Harrell,C,25,LAC,82,5,2158,9.1,14.8,.615,0.1,0.3,.176,9.1,14.5,.623,4.4,6.9,.643,3.1,5.9,8.9,2.7,1.2,1.8,2.2,4.3,22.7,2019
210,Devin Harris,PG,35,DAL,68,2,1071,4.4,11.7,.380,2.1,6.7,.310,2.4,4.9,.476,3.4,4.5,.761,0.4,3.4,3.8,4.1,1.2,0.5,1.9,4.5,14.4,2019
211,Gary Harris,SG,24,DEN,57,48,1639,5.9,14.0,.424,1.8,5.3,.339,4.1,8.7,.476,2.5,3.2,.799,0.9,2.6,3.5,2.8,1.2,0.4,1.5,2.5,16.2,2019
212,Joe Harris,SG,27,BRK,76,76,2293,5.9,11.7,.500,2.9,6.1,.474,3.0,5.7,.528,1.7,2.1,.827,0.8,3.8,4.6,2.8,0.6,0.3,1.9,2.9,16.3,2019
213,Tobias Harris,PF,26,TOT,82,82,2847,7.7,15.9,.487,2.0,5.0,.397,5.8,10.9,.528,3.4,3.9,.866,0.9,7.3,8.2,2.9,0.6,0.5,1.9,2.3,20.8,2019
215,Shaquille Harrison,SG,25,CHI,73,11,1430,4.6,10.7,.432,0.6,2.2,.270,4.0,8.5,.475,2.1,3.1,.667,0.8,4.8,5.6,3.5,2.2,0.8,1.5,3.1,11.9,2019
216,Josh Hart,SG,23,LAL,67,22,1715,4.0,9.7,.407,1.9,5.8,.336,2.0,4.0,.511,1.2,1.7,.688,0.7,4.5,5.2,2.0,1.3,0.8,1.2,3.1,11.0,2019
219,Gordon Hayward,PF,28,BOS,72,18,1863,5.7,12.3,.466,1.5,4.5,.333,4.2,7.8,.542,3.0,3.6,.834,1.0,5.2,6.2,4.7,1.2,0.4,2.0,2.0,15.9,2019
221,Juancho Hernangómez,PF,23,DEN,70,25,1358,3.7,8.3,.439,1.7,4.8,.365,1.9,3.5,.541,1.7,2.3,.767,1.7,5.3,7.0,1.5,0.7,0.6,1.0,2.5,10.8,2019
222,Willy Hernangómez,C,24,CHO,58,3,812,6.8,13.1,.519,0.7,1.7,.385,6.1,11.3,.539,4.4,6.4,.694,5.2,8.6,13.8,2.7,0.7,0.9,2.6,4.3,18.7,2019
223,Mario Hezonja,SF,23,NYK,58,24,1206,5.7,13.9,.412,1.3,4.5,.276,4.4,9.3,.478,2.6,3.4,.763,0.8,6.3,7.1,2.6,1.7,0.2,2.6,3.3,15.3,2019
225,Buddy Hield,SG,26,SAC,82,82,2615,8.6,18.7,.458,3.8,9.0,.427,4.7,9.8,.487,2.4,2.7,.886,1.5,4.2,5.7,2.8,0.8,0.5,2.0,2.8,23.3,2019
227,Nenê,C,36,HOU,42,2,546,4.0,7.6,.517,0.0,0.2,.000,4.0,7.5,.531,2.0,3.1,.660,2.2,5.9,8.1,1.7,1.2,1.0,0.7,5.7,10.0,2019
228,George Hill,PG,32,TOT,60,13,1302,4.7,10.4,.452,1.3,4.2,.314,3.4,6.2,.547,1.9,2.4,.824,1.1,3.0,4.1,3.7,1.4,0.2,1.4,2.8,12.7,2019
229,Solomon Hill,SF,27,NOP,44,15,878,2.8,7.3,.382,1.3,4.1,.317,1.5,3.2,.468,0.9,1.3,.719,1.4,4.1,5.5,2.3,0.9,0.4,1.3,3.3,7.8,2019
230,Aaron Holiday,PG,22,IND,50,0,646,5.9,14.6,.401,2.4,7.1,.339,3.5,7.5,.459,2.3,2.8,.820,0.3,3.5,3.7,4.8,1.2,0.7,2.2,4.0,16.4,2019
231,Jrue Holiday,SG,28,NOP,67,67,2402,8.2,17.4,.472,1.8,5.4,.325,6.4,11.9,.539,3.1,4.1,.768,1.1,3.9,5.0,7.8,1.6,0.8,3.1,2.2,21.3,2019
232,Justin Holiday,SG,29,TOT,82,77,2607,4.1,10.7,.386,2.2,6.4,.348,1.9,4.3,.442,1.3,1.5,.896,0.6,3.8,4.5,2.0,1.7,0.5,1.4,2.3,11.8,2019
234,Rondae Hollis-Jefferson,SF,24,BRK,59,21,1234,5.8,14.2,.411,0.3,1.4,.184,5.6,12.8,.436,3.4,5.3,.645,2.4,6.6,9.0,2.8,1.3,0.8,2.0,3.1,15.4,2019
235,Richaun Holmes,C,25,PHO,70,4,1184,6.8,11.1,.608,0.0,0.0,,6.8,11.1,.608,3.9,5.3,.731,3.5,6.6,10.1,1.8,1.3,2.4,1.6,5.9,17.4,2019
236,Rodney Hood,SG,26,TOT,72,49,1893,5.6,12.8,.435,1.6,4.5,.356,4.0,8.3,.478,2.6,2.9,.884,0.5,2.5,3.0,2.4,1.1,0.2,1.0,2.8,15.3,2019
237,Al Horford,C,32,BOS,68,68,1973,7.1,13.2,.535,1.3,3.7,.360,5.7,9.5,.604,1.4,1.7,.821,2.2,6.2,8.4,5.2,1.1,1.6,1.9,2.3,16.9,2019
240,Kevin Huerter,SG,20,ATL,75,59,2048,4.8,11.5,.419,2.4,6.2,.385,2.4,5.3,.457,0.7,1.0,.732,1.1,3.3,4.3,3.8,1.1,0.4,1.9,2.7,12.8,2019
243,Chandler Hutchison,SF,22,CHI,44,14,895,3.9,8.4,.459,0.6,2.0,.280,3.3,6.4,.516,0.9,1.5,.605,1.2,6.2,7.4,1.4,0.9,0.2,1.0,2.4,9.2,2019
244,Serge Ibaka,C,29,TOR,74,51,2010,8.3,15.7,.529,0.9,3.0,.290,7.4,12.7,.586,2.4,3.2,.763,2.8,8.0,10.8,1.8,0.5,1.8,2.0,3.8,19.9,2019
245,Andre Iguodala,SF,35,GSW,68,13,1578,3.4,6.9,.500,1.1,3.3,.333,2.3,3.6,.652,0.9,1.5,.582,1.1,4.7,5.7,4.9,1.4,1.2,1.2,2.2,8.9,2019
246,Ersan İlyasova,PF,31,MIL,67,7,1231,4.9,11.1,.438,1.7,4.7,.363,3.2,6.5,.493,1.8,2.2,.824,2.7,6.1,8.8,1.5,0.9,0.6,1.4,5.0,13.2,2019
247,Joe Ingles,PF,31,UTA,82,82,2568,5.0,11.2,.448,2.6,6.8,.391,2.4,4.5,.533,1.2,1.7,.707,0.5,4.1,4.6,6.6,1.4,0.3,2.7,2.5,13.9,2019
249,Brandon Ingram,SF,21,LAL,52,52,1760,7.4,14.9,.497,0.6,1.9,.330,6.8,13.0,.521,4.0,5.9,.675,0.8,4.6,5.5,3.2,0.6,0.6,2.6,3.0,19.4,2019
250,Kyrie Irving,PG,26,BOS,67,67,2214,9.8,20.2,.487,2.8,7.1,.401,7.0,13.1,.533,3.5,4.0,.873,1.2,4.3,5.4,7.5,1.7,0.6,2.8,2.7,26.0,2019
251,Jonathan Isaac,PF,21,ORL,75,64,1996,4.7,11.0,.429,1.6,4.8,.323,3.2,6.2,.510,2.0,2.4,.815,1.8,5.6,7.4,1.4,1.1,1.8,1.4,2.6,13.0,2019
252,Wes Iwundu,SF,24,ORL,68,13,1233,3.3,8.0,.412,0.8,2.3,.367,2.5,5.7,.431,2.5,3.0,.816,1.1,4.3,5.4,2.1,0.8,0.6,1.3,3.6,9.9,2019
254,Frank Jackson,PG,20,NOP,61,16,1169,6.0,13.8,.434,1.6,5.2,.314,4.3,8.6,.507,1.7,2.2,.740,0.8,3.4,4.1,2.1,0.8,0.1,1.5,2.8,15.2,2019
255,Jaren Jackson Jr.,PF,19,MEM,58,56,1515,7.1,14.0,.506,1.2,3.4,.359,5.9,10.6,.553,3.6,4.7,.766,1.7,4.7,6.5,1.5,1.2,1.9,2.3,5.2,19.0,2019
256,Josh Jackson,SG,21,PHO,79,29,1988,6.3,15.2,.413,1.3,4.1,.324,5.0,11.2,.445,2.6,3.9,.671,1.2,5.1,6.3,3.3,1.3,1.0,3.1,3.8,16.5,2019
257,Justin Jackson,SF,23,TOT,81,14,1614,4.8,10.8,.447,1.9,5.5,.355,2.9,5.4,.542,1.4,1.8,.785,1.0,3.7,4.7,2.1,0.7,0.3,0.6,2.2,13.0,2019
258,Reggie Jackson,PG,28,DET,82,82,2289,6.9,16.5,.421,2.7,7.4,.369,4.2,9.1,.464,3.2,3.7,.864,0.7,2.7,3.4,5.4,0.9,0.1,2.3,3.3,19.8,2019
259,LeBron James,SF,34,LAL,55,55,1937,10.4,20.4,.510,2.1,6.1,.339,8.3,14.3,.582,5.2,7.8,.665,1.1,7.6,8.6,8.4,1.3,0.6,3.7,1.7,28.0,2019
262,Jonas Jerebko,PF,31,GSW,73,6,1218,4.8,10.5,.459,2.0,5.6,.367,2.8,4.9,.563,1.9,2.4,.800,2.1,6.4,8.5,2.8,0.8,0.5,1.3,4.0,13.6,2019
264,Amir Johnson,C,31,PHI,51,6,529,5.4,10.7,.503,0.8,2.7,.300,4.6,8.0,.573,2.1,2.8,.756,3.2,6.8,10.0,4.1,1.1,0.9,3.1,6.7,13.7,2019
266,James Johnson,PF,31,MIA,55,33,1164,5.1,11.7,.433,1.5,4.6,.336,3.5,7.1,.496,1.5,2.2,.714,0.7,4.8,5.4,4.2,1.1,0.8,2.3,3.5,13.2,2019
267,Stanley Johnson,SF,22,TOT,66,7,1208,5.1,13.1,.389,1.8,6.4,.288,3.2,6.7,.484,1.5,1.9,.781,1.0,5.5,6.5,2.6,1.8,0.4,2.4,3.4,13.5,2019
268,Tyler Johnson,PG,26,TOT,57,22,1529,5.1,12.4,.413,2.1,6.1,.346,3.0,6.3,.477,2.2,3.0,.748,0.8,3.3,4.1,3.9,1.3,0.6,1.8,2.3,14.6,2019
270,Nikola Jokić,C,23,DEN,80,80,2504,8.9,17.3,.511,1.2,3.9,.307,7.7,13.5,.569,4.2,5.1,.821,3.3,9.2,12.4,8.3,1.6,0.8,3.6,3.3,23.1,2019
272,Derrick Jones Jr.,SF,21,MIA,60,14,1153,5.0,10.1,.494,0.9,2.8,.308,4.1,7.3,.567,2.3,3.8,.607,3.0,4.5,7.5,1.2,1.4,1.3,1.3,3.8,13.2,2019
276,Tyus Jones,PG,22,MIN,68,23,1560,4.3,10.3,.415,0.9,2.9,.317,3.3,7.4,.453,1.3,1.6,.841,0.5,2.6,3.1,7.5,1.9,0.1,1.1,1.8,10.8,2019
277,DeAndre Jordan,C,30,TOT,69,69,2047,5.0,7.8,.641,0.0,0.0,,5.0,7.8,.641,3.3,4.6,.705,4.0,11.9,15.9,2.7,0.7,1.3,2.7,2.9,13.3,2019
278,Cory Joseph,PG,27,IND,82,9,2063,3.9,9.6,.412,1.0,3.0,.322,3.0,6.6,.454,0.5,0.8,.698,0.7,4.2,4.9,5.6,1.6,0.4,1.4,2.3,9.4,2019
279,Frank Kaminsky,C,25,CHO,47,0,755,6.6,14.2,.463,2.4,6.6,.360,4.2,7.6,.553,3.8,5.1,.738,1.9,5.9,7.8,3.0,0.6,0.6,2.0,3.2,19.3,2019
280,Luke Kennard,SG,22,DET,63,10,1437,5.7,13.0,.438,2.7,6.7,.394,3.1,6.3,.486,1.3,1.5,.836,0.3,4.3,4.6,2.9,0.7,0.3,1.4,2.3,15.4,2019
281,Michael Kidd-Gilchrist,PF,25,CHO,64,3,1179,4.8,10.1,.476,0.5,1.4,.340,4.3,8.7,.498,2.9,3.8,.772,2.7,4.8,7.5,1.9,1.0,1.2,1.3,4.8,13.0,2019
283,Maxi Kleber,PF,27,DAL,71,18,1502,4.2,9.3,.453,1.8,5.2,.353,2.3,4.0,.583,1.4,1.8,.784,2.2,5.7,7.9,1.7,0.9,1.9,1.3,3.4,11.6,2019
285,Kevin Knox,PF,19,NYK,75,57,2158,5.6,15.2,.370,2.1,6.1,.343,3.6,9.2,.387,2.7,3.8,.717,1.0,4.6,5.6,1.4,0.7,0.4,1.9,2.9,16.1,2019
286,Furkan Korkmaz,SG,21,PHI,48,7,679,5.2,13.0,.400,2.5,7.6,.326,2.7,5.4,.505,1.9,2.3,.818,0.8,4.8,5.7,2.8,1.5,0.1,1.3,3.3,14.8,2019
287,Luke Kornet,PF,23,NYK,46,18,784,4.9,13.0,.378,3.2,8.9,.363,1.7,4.1,.411,1.7,2.1,.826,1.3,4.9,6.2,2.5,1.2,1.9,1.1,1.9,14.8,2019
288,Kyle Korver,SG-PF,37,TOT,70,0,1334,5.4,13.0,.416,3.7,9.4,.397,1.7,3.6,.467,1.6,2.0,.822,0.2,4.1,4.4,2.2,0.7,0.3,1.6,2.9,16.2,2019
289,Kosta Koufos,C,29,SAC,42,1,502,5.2,11.0,.477,0.0,0.0,,5.2,11.0,.477,0.7,1.7,.417,3.7,9.0,12.7,2.6,1.1,1.3,1.9,4.9,11.2,2019
290,Rodions Kurucs,SF,20,BRK,63,46,1294,5.6,12.5,.450,1.6,5.1,.315,4.0,7.4,.543,2.0,2.6,.783,1.6,5.3,6.8,1.4,1.1,0.7,2.1,4.1,14.9,2019
291,Kyle Kuzma,PF,23,LAL,70,68,2314,7.7,16.9,.456,2.0,6.6,.303,5.7,10.3,.553,2.9,3.9,.752,0.9,5.0,5.9,2.8,0.6,0.4,2.1,2.6,20.3,2019
293,Jeremy Lamb,SG,26,CHO,79,55,2250,6.9,15.7,.440,1.8,5.3,.348,5.1,10.4,.487,3.7,4.2,.888,1.0,5.9,6.9,2.8,1.4,0.5,1.3,2.2,19.3,2019
294,Zach LaVine,SG,23,CHI,63,62,2171,8.8,18.8,.467,2.0,5.3,.374,6.8,13.5,.504,5.2,6.2,.832,0.7,4.2,4.9,4.7,1.0,0.4,3.6,2.3,24.7,2019
295,Jake Layman,SF,24,POR,71,33,1327,5.9,11.5,.509,1.6,4.9,.326,4.3,6.6,.646,1.4,1.9,.704,1.5,4.4,5.9,1.4,0.8,0.8,1.2,3.1,14.7,2019
296,T.J. Leaf,PF,21,IND,58,1,522,6.8,12.6,.541,0.6,2.1,.258,6.3,10.5,.599,1.3,2.1,.613,3.0,5.7,8.6,1.7,0.6,1.3,0.8,2.4,15.5,2019
300,Alex Len,C,25,ATL,77,31,1544,7.5,15.1,.494,1.7,4.8,.363,5.7,10.4,.554,3.3,5.0,.648,3.7,6.2,9.9,2.0,0.6,1.6,2.3,4.7,19.9,2019
301,Kawhi Leonard,SF,27,TOR,60,60,2040,9.9,19.9,.496,2.0,5.3,.371,7.9,14.6,.542,6.4,7.5,.854,1.4,6.4,7.7,3.5,1.9,0.4,2.1,1.5,28.2,2019
302,Meyers Leonard,C,26,POR,61,2,878,5.4,9.9,.545,2.1,4.6,.450,3.4,5.4,.626,1.8,2.1,.843,2.0,7.5,9.6,3.1,0.5,0.4,1.8,4.3,14.6,2019
305,Damian Lillard,PG,28,POR,80,80,2838,8.6,19.4,.444,3.0,8.2,.369,5.6,11.3,.499,5.9,6.5,.912,0.9,3.8,4.7,7.0,1.1,0.4,2.7,1.9,26.2,2019
306,Jeremy Lin,PG,30,TOT,74,4,1436,6.0,13.6,.440,1.4,4.7,.294,4.6,8.9,.517,4.4,5.3,.838,0.6,3.9,4.5,5.8,1.2,0.3,3.1,3.6,17.7,2019
307,Shaun Livingston,PG,33,GSW,64,0,967,4.1,7.8,.519,0.0,0.1,.000,4.1,7.7,.524,1.5,1.9,.784,1.6,2.8,4.4,4.2,1.2,1.0,1.4,2.8,9.6,2019
309,Kevon Looney,C,22,GSW,80,24,1481,5.3,8.4,.625,0.0,0.2,.100,5.3,8.2,.641,1.6,2.6,.619,4.7,5.4,10.1,3.0,1.1,1.3,1.2,5.1,12.2,2019
310,Brook Lopez,C,30,MIL,81,81,2322,5.5,12.2,.452,2.9,7.9,.365,2.6,4.2,.613,1.7,2.1,.842,0.5,5.6,6.1,1.5,0.8,2.8,1.3,2.9,15.6,2019
311,Robin Lopez,C,30,CHI,74,36,1606,6.8,12.0,.568,0.2,0.7,.226,6.7,11.3,.589,2.0,2.8,.724,3.1,3.3,6.4,2.0,0.2,1.7,2.2,2.8,15.8,2019
313,Kyle Lowry,PG,32,TOR,65,65,2213,4.9,12.0,.411,2.6,7.4,.347,2.4,4.7,.514,2.6,3.2,.830,0.7,4.4,5.1,9.2,1.5,0.5,3.0,2.7,15.1,2019
316,Timothé Luwawu-Cabarrot,SF,23,TOT,50,7,669,4.4,11.7,.376,1.9,6.2,.310,2.5,5.5,.451,1.7,2.2,.756,0.6,4.6,5.2,1.4,1.0,0.4,1.1,3.9,12.4,2019
318,Trey Lyles,PF,23,DEN,64,2,1120,6.7,15.9,.418,1.6,6.4,.255,5.0,9.5,.529,2.6,3.7,.698,1.4,6.5,7.9,2.8,1.0,0.7,2.2,3.0,17.6,2019
320,Shelvin Mack,PG,28,TOT,57,3,1246,4.7,11.6,.404,1.3,3.8,.354,3.4,7.9,.429,1.7,2.4,.690,0.5,2.5,3.0,5.3,1.4,0.1,1.9,2.4,12.4,2019
324,Thon Maker,C-PF,21,TOT,64,5,972,4.0,9.9,.407,1.8,5.7,.320,2.2,4.3,.522,2.1,3.1,.667,1.5,6.0,7.5,1.7,0.8,1.9,1.2,3.9,12.0,2019
325,Boban Marjanović,C,30,TOT,58,12,681,8.5,13.7,.615,0.2,0.5,.400,8.2,13.2,.624,5.2,6.9,.748,4.6,9.4,14.0,2.9,0.8,1.4,3.1,4.8,22.3,2019
326,Lauri Markkanen,PF,21,CHI,52,51,1682,7.3,17.0,.430,2.6,7.1,.361,4.8,9.9,.479,3.6,4.2,.872,1.6,8.5,10.1,1.6,0.8,0.7,1.8,2.6,20.8,2019
327,Jarell Martin,PF,24,ORL,42,1,328,4.7,11.4,.413,2.2,6.3,.351,2.5,5.2,.489,1.0,1.2,.818,1.2,6.8,8.0,2.0,0.3,0.9,1.2,5.6,12.6,2019
330,Wesley Matthews,SF-SG,32,TOT,69,68,2091,4.8,12.0,.400,2.6,6.9,.372,2.2,5.1,.437,2.3,2.8,.810,0.6,2.4,2.9,2.8,0.9,0.3,1.6,2.8,14.5,2019
334,CJ McCollum,SG,27,POR,70,70,2375,8.7,18.8,.459,2.5,6.7,.375,6.1,12.1,.506,2.4,2.9,.828,0.9,3.3,4.3,3.1,0.8,0.4,1.6,2.6,22.3,2019
335,T.J. McConnell,PG,26,PHI,76,3,1470,5.4,10.3,.525,0.3,1.0,.333,5.0,9.2,.546,0.7,0.9,.784,0.7,3.6,4.3,6.3,1.9,0.4,2.2,2.6,11.8,2019
336,Doug McDermott,SF,27,IND,77,1,1340,5.6,11.3,.491,2.3,5.5,.408,3.3,5.8,.569,1.8,2.1,.835,0.5,2.5,2.9,1.8,0.5,0.2,1.1,2.8,15.2,2019
337,JaVale McGee,C,31,LAL,75,62,1671,8.6,13.8,.624,0.0,0.3,.083,8.6,13.6,.634,2.1,3.3,.632,4.2,8.0,12.2,1.1,1.0,3.2,2.3,4.5,19.3,2019
338,Rodney McGruder,SG,27,MIA,66,45,1550,4.3,10.7,.403,1.8,5.2,.351,2.5,5.5,.453,1.2,1.7,.722,1.4,4.1,5.5,2.6,0.8,0.3,1.5,2.7,11.7,2019
339,Alfonzo McKinnie,SF,26,GSW,72,5,1003,4.8,9.9,.487,1.5,4.2,.356,3.3,5.6,.586,1.0,1.7,.563,2.9,6.0,8.9,1.1,0.6,0.5,1.1,4.8,12.1,2019
344,De'Anthony Melton,PG,20,PHO,50,31,984,3.7,9.4,.391,1.1,3.5,.305,2.6,5.9,.441,0.8,1.0,.750,0.9,4.0,4.9,5.8,2.5,0.8,2.7,4.1,9.1,2019
346,Khris Middleton,SF,27,MIL,77,77,2393,7.6,17.3,.441,2.7,7.1,.378,4.9,10.1,.485,3.2,3.9,.837,0.8,6.2,6.9,5.0,1.2,0.1,2.6,2.6,21.2,2019
347,C.J. Miles,SF,31,TOT,53,1,856,4.7,13.1,.360,2.8,8.5,.330,1.9,4.5,.417,2.0,2.4,.828,0.5,3.4,4.0,1.5,1.1,0.6,1.3,3.3,14.3,2019
348,Darius Miller,SF,28,NOP,69,15,1757,3.9,9.9,.390,2.7,7.5,.365,1.1,2.5,.467,1.1,1.5,.789,0.3,2.3,2.6,3.0,0.8,0.5,1.2,3.4,11.6,2019
350,Patty Mills,PG,30,SAS,82,1,1908,5.3,12.5,.425,3.0,7.6,.394,2.3,4.9,.475,1.7,1.9,.854,0.5,3.0,3.4,4.6,0.9,0.2,1.8,2.4,15.3,2019
351,Paul Millsap,PF,33,DEN,70,65,1895,6.1,12.6,.484,1.1,3.0,.365,5.0,9.6,.522,3.4,4.7,.727,2.9,6.7,9.6,2.7,1.6,1.0,1.8,3.5,16.8,2019
353,Nikola Mirotić,PF,27,TOT,46,25,1245,6.9,15.7,.439,3.4,9.2,.365,3.5,6.5,.545,3.0,3.6,.847,1.7,8.1,9.8,1.6,0.9,1.0,1.4,3.1,20.2,2019
354,Donovan Mitchell,SG,22,UTA,77,77,2598,9.2,21.2,.432,2.6,7.2,.362,6.6,14.0,.468,4.4,5.5,.806,0.8,3.6,4.4,4.5,1.5,0.4,3.0,2.9,25.3,2019
356,Malik Monk,SG,20,CHO,73,0,1258,6.5,16.8,.387,3.1,9.4,.330,3.4,7.3,.461,2.6,2.9,.882,0.5,3.5,3.9,3.3,1.1,0.5,2.5,3.0,18.7,2019
357,Greg Monroe,C,28,TOT,43,2,480,6.9,14.2,.487,0.1,0.4,.200,6.8,13.8,.495,3.4,5.4,.625,5.0,7.9,12.9,1.8,1.0,0.6,2.4,5.0,17.2,2019
358,E'Twaun Moore,SG,29,NOP,53,36,1463,6.3,13.1,.481,1.9,4.3,.432,4.4,8.8,.506,1.1,1.5,.763,0.9,2.3,3.1,2.5,1.0,0.2,1.5,2.8,15.6,2019
361,Marcus Morris,PF,29,BOS,75,53,2091,6.5,14.5,.447,2.5,6.7,.375,4.0,7.8,.508,2.5,3.0,.844,1.3,6.6,7.9,1.9,0.7,0.4,1.6,3.1,18.0,2019
362,Markieff Morris,PF,29,TOT,58,16,1270,5.8,13.7,.421,1.9,5.8,.335,3.9,8.0,.484,2.0,2.6,.772,1.7,5.8,7.5,2.2,1.0,0.6,1.5,5.0,15.5,2019
363,Monte Morris,PG,23,DEN,82,6,1970,6.3,12.8,.493,1.7,4.1,.414,4.6,8.7,.531,1.2,1.5,.802,0.6,2.9,3.5,5.4,1.3,0.1,1.0,1.9,15.6,2019
366,Emmanuel Mudiay,PG,22,NYK,59,42,1607,7.4,16.6,.446,1.5,4.7,.329,5.8,11.9,.492,3.2,4.2,.774,0.7,3.7,4.4,5.1,1.0,0.4,3.1,2.3,19.6,2019
367,Jamal Murray,PG,21,DEN,75,74,2447,7.5,17.3,.437,2.2,6.1,.367,5.3,11.2,.476,2.8,3.3,.848,1.0,3.7,4.7,5.3,1.0,0.4,2.3,2.3,20.1,2019
369,Mike Muscala,PF,27,TOT,64,10,1306,4.0,10.0,.402,2.5,7.1,.348,1.5,2.9,.533,1.9,2.3,.824,1.6,5.2,6.7,2.1,0.6,1.0,1.3,3.6,12.4,2019
370,Svi Mykhailiuk,SF,21,TOT,42,0,440,3.8,11.5,.329,2.4,7.3,.326,1.4,4.2,.333,1.0,1.6,.600,0.7,2.2,2.9,3.0,1.1,0.1,1.7,2.0,10.9,2019
371,Abdel Nader,SF,25,OKC,61,1,694,4.7,11.2,.423,1.7,5.2,.320,3.1,6.0,.513,1.4,1.9,.750,0.7,5.3,6.0,1.0,1.0,0.6,1.3,3.5,12.5,2019
372,Larry Nance Jr.,C,26,CLE,67,30,1795,5.0,9.6,.520,0.7,2.0,.337,4.3,7.6,.567,1.9,2.7,.716,3.4,7.7,11.1,4.3,2.0,0.8,1.9,3.9,12.6,2019
373,Shabazz Napier,PG,27,BRK,56,2,983,6.2,15.9,.389,2.8,8.3,.333,3.4,7.6,.449,4.2,5.1,.833,0.7,3.0,3.7,5.2,1.5,0.6,2.4,2.5,19.4,2019
375,Georges Niang,PF,25,UTA,59,0,516,6.0,12.6,.475,3.0,7.3,.410,3.0,5.3,.566,1.4,1.7,.833,0.8,5.3,6.1,2.4,0.7,0.4,1.6,4.0,16.4,2019
376,Joakim Noah,C,33,MEM,42,1,693,5.7,11.1,.516,0.0,0.1,.000,5.7,11.0,.519,4.1,5.7,.716,3.0,9.4,12.4,4.6,1.0,1.6,2.6,5.0,15.5,2019
377,Nerlens Noel,C,24,OKC,77,2,1055,5.5,9.4,.587,0.0,0.0,,5.5,9.4,.587,1.8,2.7,.684,4.3,6.8,11.1,1.5,2.3,3.3,1.6,5.7,12.9,2019
378,Dirk Nowitzki,PF,40,DAL,51,20,795,6.1,17.0,.359,2.9,9.3,.312,3.2,7.7,.415,1.8,2.3,.780,0.2,6.9,7.2,1.6,0.4,0.8,0.8,3.4,16.9,2019
379,Frank Ntilikina,PG,20,NYK,43,16,904,3.8,11.2,.337,1.3,4.6,.287,2.5,6.7,.371,0.9,1.2,.767,0.5,3.0,3.5,4.8,1.2,0.6,2.2,4.1,9.8,2019
381,Jusuf Nurkić,C,24,POR,72,72,1974,7.7,15.1,.508,0.1,0.5,.103,7.6,14.5,.523,5.1,6.7,.773,4.4,9.2,13.6,4.2,1.3,1.9,3.1,4.6,20.5,2019
382,David Nwaba,SF,26,CLE,51,14,984,4.6,9.6,.481,0.9,2.7,.320,3.7,6.8,.545,2.1,3.1,.682,1.5,4.5,6.0,2.0,1.3,0.6,1.1,3.9,12.2,2019
383,Royce O'Neale,SF,25,UTA,82,16,1671,3.5,7.4,.475,1.5,3.8,.386,2.0,3.6,.569,0.7,0.9,.762,0.5,5.7,6.1,2.7,1.2,0.5,1.5,3.7,9.2,2019
384,Kyle O'Quinn,C,28,IND,45,3,371,6.7,13.2,.507,0.1,1.2,.083,6.6,12.0,.548,1.6,2.0,.810,2.8,8.7,11.5,5.4,0.9,2.4,3.0,6.6,15.1,2019
385,Semi Ojeleye,PF,24,BOS,56,3,594,4.1,9.6,.424,1.7,5.4,.315,2.4,4.2,.565,1.5,2.4,.615,1.5,3.8,5.2,1.4,0.6,0.2,1.2,2.6,11.3,2019
386,Jahlil Okafor,C,23,NOP,59,24,935,8.2,13.9,.586,0.0,0.2,.200,8.1,13.7,.591,2.3,3.4,.663,3.2,7.5,10.7,1.5,0.6,1.5,2.0,3.7,18.6,2019
387,Elie Okobo,PG,21,PHO,53,16,958,4.3,10.9,.393,1.5,5.0,.295,2.8,5.9,.475,1.4,1.8,.787,0.5,3.2,3.7,4.8,1.2,0.3,2.6,4.1,11.4,2019
388,Josh Okogie,SG,20,MIN,74,52,1757,4.0,10.4,.386,1.2,4.4,.279,2.8,6.0,.464,2.4,3.3,.728,0.8,3.6,4.5,1.9,1.8,0.7,1.3,3.4,11.7,2019
390,Kelly Olynyk,PF,27,MIA,79,36,1812,5.2,11.2,.463,2.2,6.3,.354,2.9,4.9,.604,3.0,3.7,.822,1.4,6.0,7.5,2.8,1.1,0.7,2.3,3.6,15.6,2019
391,Cedi Osman,SF,23,CLE,76,75,2444,5.3,12.4,.427,1.9,5.5,.348,3.4,6.9,.489,2.1,2.7,.779,0.7,4.6,5.3,2.9,0.9,0.2,1.7,2.9,14.6,2019
392,Kelly Oubre Jr.,SF,23,TOT,69,19,1935,7.0,15.7,.445,2.0,6.3,.320,5.0,9.4,.530,3.5,4.5,.775,1.3,4.7,6.0,1.6,1.6,1.1,1.9,3.4,19.5,2019
393,Zaza Pachulia,C,34,DET,68,3,878,3.5,7.9,.440,0.0,0.2,.000,3.5,7.7,.450,4.0,5.1,.782,4.1,6.8,10.9,3.7,1.3,0.7,2.3,6.2,10.9,2019
394,Jabari Parker,PF,23,TOT,64,17,1724,7.7,15.6,.493,1.3,4.1,.313,6.4,11.6,.556,2.7,3.8,.712,1.6,7.1,8.8,3.2,1.0,0.6,3.2,3.0,19.4,2019
395,Tony Parker,PG,36,CHO,56,0,1003,7.6,16.6,.460,0.5,1.8,.255,7.2,14.8,.485,3.3,4.5,.734,0.5,2.5,3.0,7.4,0.8,0.3,2.7,1.9,19.0,2019
397,Patrick Patterson,PF,29,OKC,63,5,861,3.4,9.2,.374,1.9,5.7,.336,1.5,3.4,.439,0.8,1.3,.633,1.8,4.4,6.1,1.3,0.7,0.5,0.9,1.9,9.6,2019
399,Chris Paul,PG,33,HOU,58,58,1857,5.9,14.0,.419,2.5,6.9,.358,3.4,7.1,.479,3.4,3.9,.862,0.7,4.4,5.1,9.2,2.2,0.3,2.9,2.8,17.6,2019
401,Elfrid Payton,PG,24,NOP,42,42,1250,5.2,11.9,.434,1.0,3.0,.314,4.2,8.8,.476,1.6,2.1,.743,1.4,4.9,6.3,9.2,1.3,0.5,3.2,2.3,12.8,2019
404,Mason Plumlee,C,28,DEN,82,17,1731,5.4,9.2,.593,0.0,0.2,.200,5.4,9.0,.602,2.3,4.1,.561,3.4,7.5,10.9,5.1,1.4,1.6,2.6,5.2,13.2,2019
406,Jakob Poeltl,C,23,SAS,77,24,1273,5.3,8.2,.645,0.0,0.0,,5.3,8.2,.645,1.4,2.6,.533,5.0,6.6,11.6,2.6,0.8,1.9,1.4,3.5,12.0,2019
407,Quincy Pondexter,SF,30,SAS,53,0,292,3.6,7.2,.500,0.7,2.2,.333,2.8,4.9,.575,4.2,5.2,.810,1.0,4.7,5.7,3.0,1.4,0.1,1.6,3.0,12.1,2019
408,Otto Porter Jr.,SF,25,TOT,56,43,1683,6.4,13.8,.465,2.2,5.5,.406,4.2,8.3,.504,1.7,2.1,.813,1.2,5.6,6.7,2.6,1.8,0.7,1.4,2.3,16.7,2019
409,Bobby Portis,PF,23,TOT,50,28,1299,7.7,17.4,.444,2.1,5.3,.393,5.7,12.1,.467,2.1,2.7,.794,3.0,8.1,11.2,2.0,1.0,0.6,2.1,4.0,19.7,2019
410,Dwight Powell,C,27,DAL,77,22,1662,6.3,10.5,.597,0.8,2.8,.307,5.4,7.8,.699,4.2,5.5,.772,3.0,5.9,8.9,2.4,1.0,1.1,1.5,4.4,17.7,2019
411,Norman Powell,SG,25,TOR,60,3,1126,6.2,12.8,.483,2.2,5.4,.400,4.0,7.4,.543,2.0,2.4,.827,0.5,3.9,4.4,2.9,1.2,0.4,2.1,3.1,16.5,2019
413,Taurean Prince,SF,24,ATL,55,47,1552,6.1,13.8,.441,2.9,7.3,.390,3.2,6.5,.498,2.2,2.7,.819,0.5,4.1,4.6,2.7,1.2,0.4,2.3,3.3,17.2,2019
415,Ivan Rabb,PF,21,MEM,49,13,721,5.8,10.6,.547,0.1,0.7,.200,5.6,9.8,.574,2.4,3.4,.710,3.5,6.8,10.3,2.7,0.8,0.7,1.7,4.5,14.2,2019
416,Chasson Randle,PG,25,WAS,49,2,743,4.4,10.5,.419,2.2,5.6,.400,2.2,4.9,.441,2.1,3.0,.694,0.5,2.2,2.7,4.7,1.2,0.1,2.1,4.4,13.1,2019
417,Julius Randle,PF,24,NOP,73,49,2232,9.2,17.6,.524,1.1,3.1,.344,8.1,14.4,.564,5.7,7.9,.731,2.6,7.6,10.2,3.7,0.8,0.7,3.4,4.0,25.2,2019
418,J.J. Redick,SG,34,PHI,76,63,2379,6.8,15.5,.440,3.6,9.2,.397,3.2,6.4,.502,3.5,3.9,.894,0.3,2.5,2.8,3.1,0.5,0.3,1.5,2.0,20.8,2019
421,Josh Richardson,SG,25,MIA,73,73,2539,6.0,14.5,.412,2.3,6.5,.357,3.7,8.0,.458,2.8,3.3,.861,0.8,3.0,3.7,4.2,1.1,0.5,1.6,2.8,17.1,2019
423,Austin Rivers,SG,26,TOT,76,15,2028,4.1,10.2,.406,1.8,5.8,.318,2.3,4.3,.522,0.9,1.7,.526,0.4,2.4,2.9,3.0,0.8,0.4,1.2,3.7,11.0,2019
426,Glenn Robinson III,SF,25,DET,47,18,610,4.4,10.4,.420,1.1,3.7,.290,3.3,6.7,.491,1.9,2.4,.800,1.0,3.2,4.2,1.2,0.8,0.5,1.1,2.7,11.7,2019
428,Mitchell Robinson,C,20,NYK,66,19,1360,5.3,7.7,.694,0.0,0.0,,5.3,7.7,.694,2.1,3.6,.600,4.7,6.5,11.2,1.0,1.4,4.3,0.9,5.7,12.8,2019
429,Rajon Rondo,PG,32,LAL,46,29,1369,4.6,11.4,.405,1.3,3.7,.359,3.3,7.6,.428,0.6,0.9,.639,0.9,5.5,6.4,9.7,1.5,0.2,3.3,2.6,11.1,2019
430,Derrick Rose,PG,30,MIN,51,13,1392,9.4,19.5,.482,1.4,3.8,.370,8.0,15.7,.509,3.5,4.1,.856,0.9,2.8,3.6,5.7,0.8,0.3,2.1,1.5,23.7,2019
431,Terrence Ross,SG,27,ORL,81,0,2150,7.4,17.2,.428,3.6,9.5,.383,3.7,7.7,.484,2.1,2.4,.875,0.5,4.2,4.7,2.3,1.2,0.5,1.5,2.0,20.5,2019
432,Terry Rozier,PG,24,BOS,79,14,1791,5.2,13.4,.387,2.4,6.8,.353,2.8,6.6,.422,1.5,1.9,.785,0.6,5.5,6.2,4.6,1.4,0.4,1.4,2.0,14.2,2019
433,Ricky Rubio,PG,28,UTA,68,67,1899,5.6,13.8,.404,1.5,4.8,.311,4.1,9.0,.454,3.7,4.3,.855,0.6,4.0,4.6,7.9,1.7,0.2,3.4,3.4,16.4,2019
434,D'Angelo Russell,PG,22,BRK,81,81,2448,9.7,22.3,.434,3.4,9.3,.369,6.2,13.0,.482,2.4,3.0,.780,0.8,3.9,4.6,8.3,1.5,0.3,3.7,2.1,25.2,2019
435,Domantas Sabonis,C,22,IND,74,5,1838,8.1,13.7,.590,0.2,0.3,.529,7.9,13.4,.592,4.1,5.7,.715,3.6,9.9,13.5,4.2,0.9,0.6,3.1,4.7,20.4,2019
438,Dario Šarić,PF,24,TOT,81,41,2023,5.4,12.4,.437,2.1,5.7,.365,3.3,6.6,.499,2.3,2.7,.880,2.2,5.9,8.1,2.3,0.8,0.2,1.7,3.2,15.3,2019
439,Tomáš Satoranský,PG,27,WAS,80,54,2164,4.3,8.8,.485,1.1,2.7,.395,3.2,6.1,.524,2.2,2.7,.819,1.4,3.3,4.6,6.6,1.4,0.2,2.0,2.9,11.8,2019
440,Dennis Schröder,PG,25,OKC,79,14,2314,7.1,17.2,.414,1.9,5.7,.341,5.2,11.5,.450,2.9,3.5,.819,0.6,3.8,4.4,5.0,1.0,0.2,2.7,2.9,19.0,2019
441,Mike Scott,PF,30,TOT,79,3,1395,4.3,10.8,.400,2.6,6.5,.401,1.7,4.3,.399,0.6,0.9,.667,1.1,6.0,7.1,1.7,0.7,0.3,1.1,4.0,11.8,2019
442,Thabo Sefolosha,SF,34,UTA,50,2,609,4.2,8.8,.477,2.0,4.6,.436,2.2,4.2,.521,0.8,1.3,.636,0.5,6.8,7.3,1.6,2.5,0.3,1.5,2.4,11.2,2019
443,Wayne Selden,SG,24,TOT,75,13,1439,4.9,12.1,.406,1.4,4.4,.316,3.5,7.7,.456,1.7,2.3,.728,0.9,3.6,4.5,2.7,0.8,0.3,2.0,3.3,12.9,2019
444,Collin Sexton,PG,20,CLE,82,72,2605,7.2,16.7,.430,1.6,4.1,.402,5.5,12.6,.440,3.0,3.5,.839,0.8,2.5,3.3,3.4,0.6,0.1,2.6,2.6,18.9,2019
445,Landry Shamet,SG,21,TOT,79,27,1802,4.8,11.1,.431,3.3,7.9,.422,1.5,3.2,.453,1.5,1.9,.806,0.4,2.3,2.7,2.3,0.7,0.2,0.9,3.1,14.4,2019
446,Iman Shumpert,SG,28,TOT,62,41,1481,4.1,10.8,.374,2.3,6.6,.348,1.8,4.2,.416,0.9,1.1,.800,0.7,3.8,4.4,2.7,1.4,0.6,1.2,3.1,11.3,2019
447,Pascal Siakam,PF,24,TOR,80,79,2548,7.3,13.4,.549,1.1,3.0,.369,6.2,10.3,.602,3.3,4.3,.785,1.8,6.0,7.8,3.5,1.0,0.7,2.2,3.4,19.1,2019
449,Ben Simmons,PG,22,PHI,79,79,2700,7.2,12.8,.563,0.0,0.1,.000,7.2,12.7,.566,3.4,5.7,.600,2.3,7.0,9.3,8.1,1.5,0.8,3.7,2.8,17.8,2019
450,Jonathon Simmons,SG-SF,29,TOT,56,9,1064,4.5,11.8,.380,0.9,3.5,.269,3.6,8.3,.427,2.4,3.3,.742,0.9,3.3,4.3,4.3,1.0,0.5,2.3,3.0,12.4,2019
453,Marcus Smart,SG,24,BOS,80,60,2200,3.9,9.3,.422,2.1,5.7,.364,1.8,3.6,.511,1.7,2.1,.806,0.9,2.9,3.8,5.3,2.3,0.5,2.0,3.3,11.6,2019
454,Dennis Smith Jr.,PG,21,TOT,53,50,1508,6.6,15.5,.428,1.6,5.0,.322,5.0,10.6,.477,2.4,3.7,.635,0.8,2.9,3.7,6.0,1.6,0.5,3.7,3.1,17.2,2019
455,Ish Smith,PG,30,DET,56,0,1251,5.9,14.1,.419,1.3,3.9,.326,4.6,10.2,.455,1.4,1.8,.758,0.7,3.5,4.2,5.8,0.8,0.3,1.8,3.1,14.4,2019
459,Tony Snell,SF,27,MIL,74,12,1304,4.5,10.0,.452,2.2,5.6,.397,2.3,4.3,.522,1.0,1.2,.881,0.8,3.5,4.3,1.9,0.7,0.5,0.6,2.5,12.3,2019
461,Omari Spellman,PF,21,ATL,46,11,805,4.4,10.9,.402,2.0,5.7,.344,2.4,5.2,.466,1.4,2.0,.711,3.2,5.5,8.7,2.1,1.2,1.1,1.4,3.0,12.2,2019
462,Nik Stauskas,SG,25,TOT,68,0,1015,4.8,12.0,.402,2.5,6.7,.372,2.3,5.3,.440,2.0,2.3,.891,0.6,3.9,4.5,2.9,0.7,0.2,1.8,1.8,14.2,2019
464,Lance Stephenson,SG,28,LAL,68,3,1123,5.9,13.8,.426,2.3,6.3,.371,3.6,7.5,.472,1.6,2.3,.685,1.0,5.9,6.9,4.5,1.3,0.2,2.8,3.6,15.7,2019
467,Jayson Tatum,SF,20,BOS,79,79,2455,6.8,15.2,.450,1.7,4.6,.373,5.1,10.6,.483,2.9,3.3,.855,1.0,6.0,7.0,2.5,1.2,0.8,1.8,2.5,18.2,2019
468,Jeff Teague,PG,30,MIN,42,41,1264,5.0,11.8,.423,1.0,3.0,.333,4.0,8.9,.453,3.5,4.4,.804,0.5,2.6,3.0,9.8,1.2,0.5,2.8,2.6,14.5,2019
469,Garrett Temple,SG,32,TOT,75,55,2040,3.7,8.7,.422,1.6,4.7,.341,2.1,4.0,.515,1.4,1.9,.748,0.5,3.3,3.8,1.9,1.3,0.5,1.2,3.6,10.3,2019
473,Daniel Theis,C,26,BOS,66,2,908,5.8,10.5,.549,1.0,2.7,.388,4.8,7.9,.603,2.2,3.0,.737,3.4,5.5,8.9,2.7,0.8,1.7,1.3,6.4,14.8,2019
476,Lance Thomas,PF,30,NYK,46,17,783,3.6,9.1,.396,1.0,3.6,.278,2.6,5.4,.475,1.2,1.7,.750,1.0,4.4,5.4,1.2,0.8,0.3,1.1,3.8,9.4,2019
477,Klay Thompson,SG,28,GSW,78,78,2652,8.9,19.0,.467,3.3,8.1,.402,5.6,10.9,.516,1.8,2.1,.816,0.5,3.6,4.1,2.5,1.1,0.6,1.6,2.1,22.8,2019
478,Tristan Thompson,C,27,CLE,43,40,1198,6.0,11.4,.529,0.0,0.0,,6.0,11.4,.529,2.0,3.2,.642,5.2,8.0,13.2,2.6,0.8,0.5,1.8,2.7,14.1,2019
479,Sindarius Thornwell,SG,24,LAC,64,1,313,2.0,5.6,.347,0.3,1.7,.200,1.6,3.9,.412,2.9,3.9,.735,0.6,4.5,5.1,2.1,1.6,0.8,2.3,4.7,7.1,2019
480,Anthony Tolliver,PF,33,MIN,65,0,1079,3.3,8.6,.382,2.7,7.2,.377,0.6,1.5,.409,1.6,2.0,.783,0.5,5.4,5.9,1.5,0.6,0.7,1.2,3.0,10.9,2019
481,Karl-Anthony Towns,C,23,MIN,77,77,2545,9.6,18.6,.518,2.0,5.0,.400,7.6,13.6,.562,5.3,6.4,.836,3.7,9.8,13.5,3.7,0.9,1.8,3.4,4.1,26.6,2019
483,Allonzo Trier,SG,23,NYK,64,3,1459,5.7,12.8,.448,1.3,3.3,.394,4.4,9.5,.466,4.4,5.5,.803,0.8,4.1,4.9,2.9,0.7,0.3,2.9,2.9,17.1,2019
484,P.J. Tucker,PF,33,HOU,82,82,2802,2.7,6.7,.396,1.9,5.0,.377,0.8,1.7,.449,0.5,0.8,.695,1.6,4.6,6.2,1.2,1.7,0.5,0.8,3.2,7.7,2019
485,Evan Turner,PG,30,POR,73,2,1605,4.6,9.9,.460,0.2,1.2,.212,4.3,8.8,.494,1.7,2.4,.708,0.8,6.5,7.4,6.3,0.7,0.4,2.6,2.5,11.1,2019
486,Myles Turner,C,22,IND,74,74,2119,6.5,13.3,.487,1.3,3.3,.388,5.2,9.9,.521,2.5,3.4,.736,1.7,7.3,9.0,2.0,1.0,3.4,1.7,3.3,16.7,2019
487,Ekpe Udoh,C,31,UTA,51,1,320,5.6,8.1,.694,0.0,0.0,,5.6,8.1,.694,2.1,3.4,.633,3.0,7.1,10.1,3.2,1.1,3.5,1.5,4.1,13.4,2019
489,Jonas Valančiūnas,C,26,TOT,49,27,1091,9.9,17.8,.559,0.5,1.6,.292,9.5,16.2,.586,4.9,6.1,.795,3.5,10.3,13.8,2.3,0.6,1.7,3.0,4.8,25.2,2019
491,Fred VanVleet,PG,24,TOR,64,28,1760,5.0,12.3,.410,2.3,6.1,.378,2.7,6.2,.441,2.0,2.4,.843,0.4,3.0,3.4,6.3,1.2,0.4,1.7,2.3,14.3,2019
492,Noah Vonleh,PF,23,NYK,68,57,1722,4.3,9.2,.470,1.0,2.9,.336,3.4,6.3,.531,2.3,3.3,.712,2.4,8.7,11.0,2.7,1.0,1.1,1.8,3.6,11.9,2019
493,Nikola Vučević,C,28,ORL,80,80,2510,10.1,19.4,.518,1.2,3.3,.364,8.8,16.1,.549,2.6,3.3,.789,3.2,10.6,13.8,4.4,1.2,1.3,2.3,2.3,23.9,2019
494,Dwyane Wade,SG,37,MIA,72,2,1885,7.9,18.3,.433,1.6,5.0,.330,6.3,13.3,.472,3.2,4.4,.708,1.3,4.1,5.4,5.7,1.1,0.7,3.2,2.3,20.7,2019
495,Moritz Wagner,C,21,LAL,43,5,446,5.7,13.8,.415,1.8,6.2,.286,4.0,7.6,.521,3.5,4.3,.811,1.4,5.5,6.9,1.9,0.9,1.0,3.1,4.6,16.7,2019
496,Dion Waiters,SG,27,MIA,44,28,1138,6.3,15.1,.414,3.4,9.1,.377,2.8,6.0,.471,0.7,1.4,.500,0.2,3.4,3.7,3.8,0.9,0.3,2.0,2.3,16.7,2019
497,Kemba Walker,PG,28,CHO,82,82,2863,9.2,21.2,.434,3.3,9.2,.356,5.9,12.0,.494,4.8,5.7,.844,0.7,3.9,4.5,6.1,1.3,0.4,2.7,1.6,26.4,2019
500,Tyrone Wallace,PG,24,LAC,62,0,628,5.3,12.4,.424,0.2,1.1,.211,5.0,11.4,.444,1.7,3.3,.526,1.1,4.6,5.8,2.4,1.2,0.4,2.1,4.8,12.5,2019
502,T.J. Warren,SF,25,PHO,43,36,1360,7.9,16.2,.486,2.0,4.8,.428,5.8,11.4,.510,2.7,3.3,.815,0.8,3.8,4.6,1.7,1.4,0.8,1.4,3.2,20.4,2019
506,Russell Westbrook,PG,30,OKC,73,73,2630,8.6,20.2,.428,1.6,5.6,.290,7.0,14.5,.481,4.1,6.2,.656,1.5,9.6,11.0,10.7,1.9,0.5,4.4,3.4,22.9,2019
507,Derrick White,PG,24,SAS,67,55,1728,5.4,11.3,.479,1.0,3.0,.338,4.4,8.4,.529,2.0,2.6,.772,0.7,4.4,5.1,5.5,1.4,1.0,2.0,3.0,13.8,2019
509,Hassan Whiteside,C,29,MIA,72,53,1674,8.3,14.6,.571,0.0,0.3,.125,8.3,14.3,.581,2.3,5.2,.449,5.5,12.0,17.6,1.2,1.0,2.9,2.1,4.1,19.1,2019
510,Andrew Wiggins,SF,23,MIN,73,73,2543,7.0,17.1,.412,1.7,4.9,.339,5.4,12.2,.441,2.9,4.2,.699,1.2,3.8,5.0,2.6,1.0,0.7,2.0,2.2,18.7,2019
514,Kenrich Williams,SF,24,NOP,46,29,1079,3.6,9.3,.384,1.7,5.2,.333,1.8,4.1,.447,0.4,0.6,.684,1.8,5.5,7.3,2.8,1.5,0.6,1.2,3.2,9.3,2019
515,Lou Williams,SG,32,LAC,75,1,1993,8.7,20.6,.425,1.9,5.3,.361,6.8,15.3,.447,7.7,8.8,.876,0.7,3.3,4.0,7.3,1.0,0.2,3.3,1.4,27.1,2019
516,Marvin Williams,PF,32,CHO,75,75,2133,4.6,11.0,.422,2.4,6.4,.366,2.3,4.6,.500,1.1,1.5,.767,1.3,5.6,6.9,1.6,1.2,1.0,0.8,2.6,12.8,2019
519,D.J. Wilson,PF,22,MIL,48,3,882,4.2,10.2,.414,1.9,5.2,.362,2.4,5.1,.468,1.1,1.9,.553,1.8,7.2,9.1,2.1,0.7,0.8,1.3,3.5,11.4,2019
520,Justise Winslow,SF,22,MIA,66,52,1959,6.0,13.8,.433,1.8,4.7,.375,4.2,9.1,.462,1.6,2.5,.628,1.2,5.4,6.5,5.2,1.3,0.3,2.6,3.3,15.3,2019
522,Delon Wright,PG,26,TOT,75,13,1699,5.1,11.8,.434,1.1,3.6,.298,4.1,8.3,.492,2.5,3.2,.793,1.4,4.2,5.6,5.3,1.9,0.6,1.6,2.2,13.8,2019
525,Thaddeus Young,PF,30,IND,81,81,2489,6.4,12.2,.527,0.7,2.1,.349,5.7,10.1,.564,1.3,2.0,.644,2.8,4.8,7.6,3.0,1.8,0.5,1.8,2.8,14.8,2019
526,Trae Young,PG,20,ATL,81,81,2503,7.6,18.1,.418,2.2,6.9,.324,5.3,11.1,.477,4.9,6.0,.829,0.9,3.4,4.3,9.4,1.0,0.2,4.4,2.0,22.3,2019
527,Cody Zeller,C,26,CHO,49,47,1243,5.5,10.0,.551,0.2,0.6,.273,5.3,9.4,.570,3.2,4.1,.787,3.2,6.5,9.6,3.0,1.1,1.2,1.8,4.7,14.4,2019
529,Ante Žižić,C,22,CLE,59,25,1082,6.1,11.0,.553,0.0,0.0,,6.1,11.0,.553,3.1,4.4,.705,3.6,7.1,10.6,1.8,0.4,0.7,2.0,3.8,15.3,2019
530,Ivica Zubac,C,21,TOT,59,37,1040,7.3,13.1,.559,0.0,0.0,,7.3,13.1,.559,3.5,4.4,.802,4.0,8.6,12.5,2.2,0.5,1.8,2.4,4.7,18.2,2019
