Rk,Player,Pos,Age,Tm,G,GS,MP,FG,FGA,FG%,3P,3PA,3P%,2P,2PA,2P%,FT,FTA,FT%,ORB,DRB,TRB,AST,STL,BLK,TOV,PF,PTS,Year
1,Álex Abrines,SG,24,OKC,75,8,1134,3.7,9.2,.395,2.7,7.0,.380,1.0,2.2,.443,1.2,1.5,.848,0.8,2.8,3.6,0.9,1.2,0.3,0.8,3.9,11.2,2018
2,Quincy Acy,PF,27,BRK,70,8,1359,3.4,9.7,.356,2.7,7.7,.349,0.7,1.9,.384,1.3,1.6,.817,1.1,5.7,6.8,1.5,0.9,0.8,1.6,3.9,10.9,2018
3,Steven Adams,C,24,OKC,76,76,2487,6.5,10.3,.629,0.0,0.0,.000,6.5,10.3,.631,2.3,4.1,.559,5.6,4.4,9.9,1.3,1.3,1.1,1.9,3.1,15.3,2018
4,Bam Adebayo,C,20,MIA,69,19,1368,4.6,8.9,.512,0.0,0.2,.000,4.6,8.8,.523,3.4,4.7,.721,3.1,6.9,10.0,2.7,0.8,1.1,1.7,3.6,12.6,2018
5,Arron Afflalo,SG,32,ORL,53,3,682,3.4,8.6,.401,1.4,3.7,.386,2.0,4.9,.413,1.2,1.4,.846,0.2,3.3,3.5,1.6,0.2,0.5,1.1,3.0,9.4,2018
7,LaMarcus Aldridge,C,32,SAS,75,75,2509,9.9,19.3,.510,0.4,1.3,.293,9.5,18.0,.526,4.8,5.7,.837,3.5,5.6,9.1,2.2,0.6,1.3,1.6,2.3,24.9,2018
8,Jarrett Allen,C,19,BRK,72,31,1441,5.8,9.9,.589,0.1,0.4,.333,5.7,9.5,.599,2.8,3.7,.776,3.6,6.1,9.7,1.2,0.7,2.2,2.0,3.7,14.7,2018
11,Al-Farouq Aminu,PF,27,POR,69,67,2072,4.0,10.1,.395,2.2,5.9,.369,1.8,4.2,.432,1.0,1.4,.738,1.7,7.4,9.1,1.5,1.4,0.7,1.4,2.4,11.2,2018
13,Kyle Anderson,SF,24,SAS,74,67,1978,4.2,8.0,.527,0.3,1.0,.333,3.9,6.9,.556,1.9,2.7,.712,1.5,5.7,7.2,3.7,2.1,1.1,1.7,2.1,10.6,2018
14,Ryan Anderson,PF,29,HOU,66,50,1725,4.3,10.0,.431,2.7,7.1,.386,1.6,2.9,.539,1.5,1.9,.774,2.0,4.9,6.9,1.3,0.5,0.4,0.9,2.6,12.9,2018
16,Giannis Antetokounmpo,PF,23,MIL,75,75,2756,9.7,18.3,.529,0.6,1.8,.307,9.1,16.5,.554,6.4,8.4,.760,2.0,7.8,9.8,4.7,1.4,1.4,2.9,3.0,26.3,2018
17,Carmelo Anthony,PF,33,OKC,78,78,2501,6.8,16.8,.404,2.4,6.8,.357,4.4,10.0,.437,2.1,2.8,.767,1.0,5.6,6.5,1.5,0.7,0.7,1.4,2.8,18.2,2018
18,OG Anunoby,SF,20,TOR,74,62,1481,4.0,8.4,.471,1.8,4.8,.371,2.2,3.6,.604,0.9,1.5,.629,1.1,3.4,4.5,1.3,1.3,0.3,1.1,3.2,10.6,2018
20,Trevor Ariza,SF,32,HOU,67,67,2269,4.3,10.3,.412,2.7,7.3,.368,1.6,3.0,.519,1.2,1.4,.854,0.5,4.1,4.7,1.7,1.6,0.2,0.8,2.1,12.4,2018
24,D.J. Augustin,PG,30,ORL,75,36,1760,5.0,11.0,.452,2.3,5.6,.419,2.7,5.5,.485,3.4,3.9,.868,0.6,2.7,3.3,5.9,1.1,0.0,2.5,1.9,15.7,2018
25,Luke Babbitt,SF,28,TOT,50,14,715,4.6,10.8,.423,3.0,7.9,.385,1.6,3.0,.525,0.9,1.1,.773,0.4,4.5,4.8,1.6,0.4,0.4,1.0,2.7,13.0,2018
26,Dwayne Bacon,SG,22,CHO,53,6,713,3.6,9.7,.375,0.6,2.2,.256,3.1,7.5,.409,1.0,1.3,.800,0.2,6.1,6.3,1.9,0.8,0.1,1.2,2.3,8.8,2018
29,Lonzo Ball,PG,20,LAL,52,50,1780,4.1,11.4,.360,1.8,6.0,.305,2.3,5.4,.420,0.6,1.4,.451,1.4,5.9,7.3,7.6,1.8,0.9,2.8,2.4,10.7,2018
30,J.J. Barea,PG,33,DAL,69,10,1603,6.8,15.5,.439,2.6,7.0,.367,4.2,8.5,.499,1.8,2.3,.784,0.3,4.2,4.5,9.7,0.8,0.1,3.2,1.9,18.0,2018
31,Harrison Barnes,PF,25,DAL,77,77,2634,7.3,16.5,.445,1.6,4.6,.357,5.7,12.0,.478,3.5,4.3,.827,1.1,5.3,6.4,2.1,0.7,0.2,1.6,1.3,19.8,2018
32,Will Barton,SG,27,DEN,81,40,2683,6.2,13.8,.452,2.1,5.7,.370,4.1,8.1,.510,2.4,3.0,.805,0.9,4.5,5.5,4.4,1.1,0.7,2.0,2.3,17.0,2018
33,Nicolas Batum,SG,29,CHO,64,64,1981,4.9,11.8,.415,1.7,5.0,.336,3.2,6.8,.473,2.0,2.4,.831,1.0,4.5,5.6,6.3,1.2,0.4,2.4,1.3,13.4,2018
35,Aron Baynes,C,31,BOS,81,67,1485,5.1,10.8,.471,0.1,0.5,.143,5.0,10.3,.487,1.4,1.9,.756,3.2,7.4,10.5,2.3,0.5,1.2,1.9,4.8,11.7,2018
36,Kent Bazemore,SG,28,ATL,65,65,1789,5.7,13.6,.420,2.2,5.5,.394,3.5,8.1,.438,3.2,4.0,.796,0.5,4.5,5.0,4.6,2.0,0.9,3.2,3.0,16.8,2018
37,Bradley Beal,SG,24,WAS,82,82,2977,8.3,17.9,.460,2.4,6.4,.375,5.9,11.5,.507,3.5,4.5,.791,0.7,3.7,4.4,4.5,1.2,0.4,2.6,1.9,22.5,2018
38,Malik Beasley,SG,21,DEN,62,0,583,4.5,11.0,.410,1.7,5.1,.341,2.8,5.9,.469,1.4,2.0,.667,0.9,3.5,4.4,1.9,0.9,0.4,1.5,2.2,12.1,2018
39,Michael Beasley,PF,29,NYK,74,30,1653,8.9,17.6,.507,0.7,1.9,.395,8.2,15.7,.520,2.7,3.5,.780,2.1,6.9,9.0,2.7,0.8,0.9,3.1,3.2,21.3,2018
40,Marco Belinelli,SG,31,TOT,80,2,1947,6.2,14.1,.441,2.8,7.3,.377,3.5,6.8,.509,2.7,3.0,.908,0.4,2.4,2.8,2.7,1.2,0.2,1.7,1.7,18.0,2018
41,Jordan Bell,C,23,GSW,57,13,809,5.2,8.2,.627,0.0,0.2,.000,5.2,8.1,.641,1.3,2.0,.682,2.7,6.5,9.2,4.5,1.6,2.5,2.3,4.1,11.7,2018
43,Dragan Bender,PF,20,PHO,82,37,2069,3.3,8.4,.386,2.1,5.6,.366,1.2,2.8,.426,0.7,0.9,.765,0.7,5.6,6.3,2.3,0.4,0.9,1.9,2.9,9.2,2018
44,Dāvis Bertāns,PF,25,SAS,77,10,1086,5.3,12.1,.440,3.1,8.4,.373,2.2,3.8,.588,1.3,1.6,.816,0.6,4.5,5.1,2.5,0.9,0.9,1.2,3.1,15.1,2018
46,Khem Birch,C,25,ORL,42,0,578,4.2,7.8,.540,0.0,0.0,,4.2,7.8,.540,2.6,3.8,.689,4.4,6.9,11.2,2.1,0.9,1.3,1.3,3.5,11.1,2018
48,Bismack Biyombo,C,25,ORL,82,25,1495,4.4,8.5,.520,0.0,0.0,.000,4.4,8.5,.521,2.5,3.8,.650,3.5,7.8,11.3,1.6,0.5,2.3,2.0,3.8,11.3,2018
49,Nemanja Bjelica,PF,29,MIN,67,21,1371,4.5,9.7,.461,2.0,4.8,.415,2.5,4.9,.505,0.9,1.2,.800,1.4,5.8,7.2,2.3,1.3,0.4,1.4,3.7,11.9,2018
50,Tarik Black,C,26,HOU,51,2,536,5.0,8.5,.591,0.1,0.7,.091,5.0,7.8,.638,1.9,4.2,.460,4.2,6.7,10.9,0.9,1.4,2.0,2.4,7.2,12.1,2018
52,Eric Bledsoe,PG,28,TOT,74,74,2322,7.3,15.3,.473,1.9,5.6,.347,5.3,9.8,.545,3.9,4.9,.795,0.8,3.6,4.4,5.7,2.3,0.7,3.3,2.9,20.4,2018
54,Bogdan Bogdanović,SG,25,SAC,78,53,2175,5.7,12.8,.446,2.1,5.4,.392,3.6,7.3,.485,1.7,2.0,.840,0.5,3.2,3.7,4.3,1.2,0.3,2.1,2.8,15.2,2018
55,Bojan Bogdanović,SF,28,IND,80,80,2464,5.9,12.4,.474,2.3,5.6,.402,3.6,6.8,.534,2.6,3.0,.868,0.4,3.5,3.9,1.7,0.8,0.1,1.5,1.9,16.7,2018
58,Devin Booker,SG,21,PHO,54,54,1865,8.8,20.3,.432,2.8,7.4,.383,5.9,12.9,.460,5.6,6.4,.878,0.5,4.2,4.7,4.9,0.9,0.3,3.7,3.2,26.0,2018
59,Trevor Booker,PF,30,TOT,68,7,1158,5.5,10.7,.516,0.2,1.0,.242,5.3,9.6,.545,2.1,2.9,.710,3.6,6.2,9.9,2.5,0.9,0.7,1.8,3.7,13.3,2018
61,Avery Bradley,SG,27,TOT,46,46,1433,6.5,15.7,.414,1.9,5.1,.369,4.6,10.6,.436,1.6,2.1,.768,0.6,2.4,2.9,2.4,1.3,0.2,2.5,2.3,16.5,2018
63,Corey Brewer,SF-SG,31,TOT,72,18,1208,4.2,9.4,.449,0.9,3.3,.282,3.3,6.1,.539,1.9,2.7,.722,1.3,3.3,4.6,1.9,2.4,0.4,1.5,4.1,11.3,2018
64,Malcolm Brogdon,PG,25,MIL,48,20,1436,6.1,12.6,.485,1.6,4.0,.385,4.6,8.6,.532,1.9,2.1,.882,0.6,3.3,3.9,3.8,1.0,0.3,1.7,3.2,15.7,2018
66,Dillon Brooks,SF,22,MEM,82,74,2350,5.2,11.8,.440,1.4,4.0,.356,3.8,7.8,.484,1.9,2.5,.747,0.8,3.2,3.9,2.1,1.1,0.3,1.9,3.6,13.8,2018
70,Jaylen Brown,SG,21,BOS,70,70,2152,6.2,13.4,.465,2.0,5.1,.395,4.2,8.3,.507,2.5,3.9,.644,1.1,4.7,5.8,1.9,1.2,0.4,2.1,3.0,17.0,2018
73,Sterling Brown,SG,22,MIL,54,4,776,3.8,9.5,.400,1.5,4.2,.352,2.3,5.3,.439,1.0,1.1,.875,1.3,5.4,6.6,1.2,1.4,0.6,1.2,3.7,10.1,2018
76,Reggie Bullock,SF,26,DET,62,52,1732,5.5,11.3,.489,2.6,5.8,.445,3.0,5.5,.536,0.8,1.0,.796,0.6,2.6,3.2,2.0,1.0,0.3,1.0,1.5,14.5,2018
78,Alec Burks,SG,26,UTA,64,1,1059,5.8,14.1,.411,1.6,4.8,.331,4.2,9.2,.452,3.6,4.2,.863,0.6,5.9,6.5,2.3,1.3,0.3,2.0,2.5,16.8,2018
79,Jimmy Butler,SG,28,MIN,59,59,2164,7.3,15.3,.474,1.2,3.3,.350,6.1,12.0,.509,6.0,7.1,.854,1.3,3.9,5.2,4.8,1.9,0.4,1.8,1.3,21.7,2018
82,José Calderón,PG,36,CLE,57,32,914,3.7,7.3,.503,1.8,3.8,.464,1.9,3.5,.545,0.9,1.2,.800,0.6,2.8,3.3,4.6,1.1,0.1,1.6,3.2,10.0,2018
83,Kentavious Caldwell-Pope,SG,24,LAL,74,74,2458,5.0,11.7,.426,2.3,6.1,.383,2.7,5.6,.473,2.2,2.8,.789,0.9,4.8,5.7,2.4,1.6,0.2,1.4,2.1,14.5,2018
85,Clint Capela,C,23,HOU,74,74,2034,7.8,12.0,.652,0.0,0.0,.000,7.8,11.9,.653,2.5,4.5,.560,4.3,9.9,14.2,1.2,1.0,2.4,1.8,3.3,18.2,2018
86,DeMarre Carroll,PF,31,BRK,73,73,2180,5.4,13.0,.414,2.4,6.5,.371,3.0,6.5,.457,3.1,4.1,.764,1.7,6.2,7.9,2.4,1.0,0.5,1.7,2.7,16.2,2018
87,Vince Carter,SF,41,SAC,58,5,1026,4.0,9.9,.403,2.0,5.8,.345,2.0,4.1,.483,1.0,1.3,.757,0.6,4.6,5.2,2.4,1.5,0.9,1.3,3.4,11.0,2018
88,Michael Carter-Williams,PG,26,CHO,52,2,835,3.3,9.9,.332,0.6,2.5,.237,2.7,7.3,.365,3.1,3.8,.820,1.6,4.4,5.9,5.0,1.9,1.0,2.2,4.3,10.3,2018
90,Omri Casspi,SF,29,GSW,53,7,740,5.8,10.1,.580,0.5,1.1,.455,5.4,9.0,.595,2.4,3.4,.725,1.5,8.3,9.7,2.5,0.9,0.9,1.8,3.5,14.6,2018
91,Willie Cauley-Stein,C,24,SAC,73,58,2044,6.8,13.6,.502,0.1,0.2,.250,6.8,13.4,.506,2.7,4.4,.619,2.3,6.7,9.0,3.0,1.4,1.2,1.9,3.3,16.4,2018
93,Mario Chalmers,PG,31,MEM,66,10,1421,4.3,11.2,.379,1.3,4.8,.277,2.9,6.4,.456,3.0,3.5,.855,0.3,3.6,4.0,5.0,2.0,0.4,3.0,4.5,12.8,2018
94,Tyson Chandler,C,35,PHO,46,46,1151,3.8,5.8,.647,0.0,0.0,,3.8,5.8,.647,1.8,2.9,.624,4.2,8.9,13.1,1.7,0.5,0.8,1.8,3.3,9.4,2018
95,Wilson Chandler,SF,30,DEN,74,71,2346,4.3,9.7,.445,1.4,3.8,.358,3.0,5.9,.501,1.4,1.7,.772,1.6,4.5,6.1,2.4,0.7,0.6,1.4,2.4,11.3,2018
96,Marquese Chriss,PF,20,PHO,72,49,1527,4.8,11.2,.423,1.3,4.5,.295,3.4,6.8,.509,2.3,3.7,.608,1.8,7.5,9.3,2.0,1.2,1.7,2.5,4.8,13.1,2018
97,Ian Clark,SG,26,NOP,74,2,1455,5.5,12.2,.448,1.5,4.8,.318,4.0,7.4,.533,1.1,1.5,.763,0.2,2.9,3.1,2.7,0.8,0.2,1.4,3.0,13.6,2018
98,Jordan Clarkson,SG,25,TOT,81,2,1888,8.2,18.2,.451,2.1,6.1,.352,6.1,12.1,.500,2.9,3.6,.800,1.1,3.1,4.1,4.2,1.1,0.1,2.4,2.0,21.4,2018
101,John Collins,PF,20,ATL,74,26,1785,6.3,11.0,.576,0.3,0.9,.340,6.0,10.0,.598,2.7,3.8,.715,3.5,7.4,10.9,2.0,0.9,1.6,2.1,4.3,15.7,2018
102,Zach Collins,C,20,POR,66,1,1045,4.0,10.0,.398,1.2,3.9,.310,2.8,6.1,.455,0.9,1.4,.643,1.6,6.1,7.6,1.8,0.6,1.1,2.0,4.6,10.1,2018
104,Darren Collison,PG,30,IND,69,64,2018,5.6,11.4,.495,1.7,3.7,.468,3.9,7.7,.508,2.3,2.6,.882,0.7,2.5,3.2,6.6,1.6,0.3,1.5,2.2,15.3,2018
107,Pat Connaughton,SG,25,POR,82,5,1488,4.0,9.4,.423,1.8,5.1,.352,2.2,4.4,.506,0.9,1.1,.841,0.9,3.0,3.9,2.2,0.6,0.5,1.0,2.9,10.7,2018
112,DeMarcus Cousins,C,27,NOP,48,48,1737,8.4,17.9,.470,2.2,6.1,.354,6.3,11.8,.530,6.1,8.2,.746,2.2,10.6,12.8,5.3,1.6,1.6,5.0,3.8,25.1,2018
113,Robert Covington,SF,27,PHI,80,80,2532,4.9,11.9,.413,2.9,7.8,.369,2.0,4.1,.497,1.6,1.9,.853,0.8,5.4,6.2,2.2,1.9,1.0,1.8,3.4,14.3,2018
114,Allen Crabbe,SG,25,BRK,75,68,2197,5.5,13.6,.407,3.3,8.7,.378,2.2,4.8,.461,1.9,2.2,.852,0.5,4.9,5.3,1.9,0.8,0.6,1.3,2.8,16.2,2018
116,Jamal Crawford,SG,37,MIN,80,0,1653,6.7,16.2,.415,2.3,6.8,.331,4.4,9.3,.477,2.2,2.5,.903,0.5,1.7,2.2,4.0,0.9,0.2,2.1,1.9,17.9,2018
118,Jae Crowder,SF,27,TOT,80,47,2090,4.7,11.6,.404,1.9,5.9,.323,2.8,5.7,.488,2.1,2.5,.818,1.0,3.7,4.7,1.7,1.1,0.4,1.3,3.2,13.3,2018
119,Dante Cunningham,SF,30,TOT,73,25,1562,3.8,8.4,.451,1.3,3.9,.345,2.4,4.5,.541,0.7,1.2,.596,1.8,5.1,6.9,1.1,0.9,0.7,0.8,2.6,9.6,2018
120,Stephen Curry,PG,29,GSW,51,51,1631,9.4,19.1,.495,4.7,11.1,.423,4.8,8.0,.595,6.1,6.7,.921,0.8,5.0,5.8,6.8,1.8,0.2,3.4,2.5,29.7,2018
121,Troy Daniels,SG,26,PHO,79,15,1622,5.1,12.8,.403,4.1,10.2,.400,1.1,2.6,.419,1.2,1.4,.875,0.3,2.6,2.8,1.1,0.6,0.1,1.2,3.0,15.6,2018
122,Anthony Davis,PF,24,NOP,75,75,2727,10.3,19.3,.534,0.7,2.1,.340,9.6,17.2,.558,6.5,7.9,.828,2.5,8.5,11.0,2.3,1.5,2.5,2.1,2.1,27.9,2018
123,Deyonta Davis,C,21,MEM,62,6,943,6.1,10.1,.608,0.0,0.0,,6.1,10.1,.608,1.5,2.2,.667,2.9,6.7,9.5,1.5,0.6,1.5,1.2,4.8,13.7,2018
124,Ed Davis,C,28,POR,78,0,1471,4.2,7.1,.582,0.0,0.0,.000,4.2,7.1,.584,1.8,2.7,.667,4.5,9.6,14.1,1.0,0.8,1.3,1.6,4.6,10.1,2018
125,Dewayne Dedmon,C,28,ATL,62,46,1542,5.8,11.1,.524,1.2,3.3,.355,4.7,7.8,.595,1.6,2.0,.779,2.3,9.1,11.4,2.1,0.9,1.2,2.0,3.8,14.4,2018
126,Sam Dekker,PF,23,LAC,73,1,883,5.2,10.6,.494,0.4,2.4,.167,4.8,8.1,.593,1.5,2.3,.661,1.8,5.3,7.1,1.5,1.0,0.4,1.3,2.9,12.4,2018
127,Malcolm Delaney,PG,28,ATL,54,3,1014,3.9,10.1,.382,1.6,4.4,.371,2.2,5.7,.391,2.6,3.3,.804,0.3,3.2,3.6,5.8,1.2,0.2,2.3,2.9,12.0,2018
130,DeMar DeRozan,SG,28,TOR,80,80,2711,8.6,18.8,.456,1.2,3.8,.310,7.4,15.0,.494,6.1,7.4,.825,0.8,3.4,4.2,5.5,1.1,0.3,2.3,2.0,24.4,2018
131,Cheick Diallo,PF,21,NOP,52,0,581,6.3,10.9,.580,0.0,0.0,,6.3,10.9,.580,3.1,4.1,.758,2.9,10.2,13.1,1.2,0.7,1.3,1.7,5.1,15.7,2018
132,Gorgui Dieng,C,28,MIN,79,0,1333,5.0,10.5,.479,0.5,1.6,.311,4.5,8.8,.511,2.1,2.8,.775,2.9,6.9,9.7,1.9,1.2,1.1,1.6,4.0,12.7,2018
133,Spencer Dinwiddie,PG,24,BRK,80,58,2306,5.1,13.1,.387,2.2,6.8,.326,2.9,6.3,.452,3.4,4.2,.813,0.6,3.4,4.0,8.2,1.1,0.4,2.0,2.9,15.7,2018
134,Tyler Dorsey,SG,21,ATL,56,5,974,5.3,14.1,.377,2.7,7.4,.362,2.7,6.8,.393,1.7,2.3,.714,0.6,4.2,4.8,2.9,0.6,0.2,1.4,2.3,15.0,2018
135,Damyean Dotson,SG,23,NYK,44,2,474,5.5,12.2,.447,1.7,5.2,.324,3.8,7.1,.538,1.2,1.7,.696,0.7,5.7,6.4,2.4,0.9,0.2,1.3,2.6,13.8,2018
138,Goran Dragić,PG,31,MIA,75,75,2378,7.3,16.3,.450,1.7,4.5,.370,5.6,11.7,.481,3.3,4.1,.801,0.8,3.8,4.6,5.4,1.0,0.2,2.5,2.7,19.6,2018
140,Andre Drummond,C,24,DET,78,78,2625,6.4,12.1,.529,0.0,0.2,.000,6.4,11.9,.536,3.3,5.4,.605,5.5,11.6,17.1,3.3,1.6,1.7,2.7,3.4,16.1,2018
141,Jared Dudley,PF,32,PHO,48,0,686,2.5,6.4,.393,1.5,4.2,.363,1.0,2.2,.452,1.4,1.8,.771,0.4,4.5,4.9,4.1,1.3,0.6,1.5,4.5,8.0,2018
142,Kris Dunn,PG,23,CHI,52,43,1525,6.8,15.7,.429,1.0,3.2,.321,5.7,12.6,.457,2.0,2.7,.737,0.6,4.7,5.2,7.3,2.5,0.6,3.5,4.1,16.5,2018
143,Kevin Durant,SF,29,GSW,68,68,2325,9.8,18.9,.516,2.7,6.4,.419,7.1,12.5,.565,5.6,6.3,.889,0.5,6.7,7.2,5.7,0.8,1.8,3.2,2.1,27.7,2018
146,Wayne Ellington,SG,30,MIA,77,2,2041,5.0,12.3,.407,4.0,10.2,.392,1.0,2.1,.479,1.2,1.4,.859,0.4,3.4,3.8,1.4,0.9,0.1,0.9,1.7,15.2,2018
147,Joel Embiid,C,23,PHI,63,63,1912,9.6,19.9,.483,1.2,4.0,.308,8.4,15.9,.527,6.8,8.8,.769,2.7,10.3,13.0,3.7,0.8,2.1,4.4,3.9,27.2,2018
148,James Ennis III,SF,27,TOT,72,22,1604,4.1,8.6,.474,1.1,3.4,.333,2.9,5.2,.567,2.2,2.6,.836,1.6,3.4,5.0,1.6,1.1,0.4,1.3,3.0,11.5,2018
149,Tyler Ennis,PG,23,LAL,54,11,683,5.0,11.8,.420,0.7,3.0,.250,4.2,8.9,.476,1.2,1.5,.759,1.0,4.0,5.0,5.5,1.6,0.5,2.0,4.0,11.8,2018
150,Jawun Evans,PG,21,LAC,48,4,778,4.1,11.7,.352,0.7,2.5,.278,3.4,9.2,.372,1.8,2.3,.776,0.4,3.5,3.9,4.6,1.7,0.3,2.0,4.5,10.7,2018
152,Tyreke Evans,PG,28,MEM,52,32,1607,8.2,18.1,.452,2.6,6.4,.399,5.6,11.7,.482,3.7,4.7,.785,1.0,5.0,5.9,6.0,1.3,0.4,2.6,2.2,22.6,2018
155,Derrick Favors,C,26,UTA,77,77,2153,6.6,11.7,.563,0.2,1.1,.222,6.4,10.7,.596,2.3,3.6,.651,3.3,5.9,9.2,1.7,0.9,1.4,1.5,2.7,15.8,2018
157,Cristiano Felício,C,25,CHI,55,16,977,4.7,7.9,.591,0.0,0.1,.000,4.7,7.8,.596,2.0,3.0,.667,3.1,5.5,8.6,2.0,0.6,0.4,2.0,3.8,11.3,2018
158,Raymond Felton,PG,33,OKC,82,2,1365,5.9,14.6,.406,2.1,6.1,.352,3.8,8.5,.444,0.9,1.2,.818,0.7,3.5,4.1,5.4,1.3,0.4,2.0,2.4,14.9,2018
159,Terrance Ferguson,SG,19,OKC,61,12,763,3.3,8.0,.414,1.9,5.7,.333,1.4,2.3,.612,0.4,0.5,.900,0.9,1.3,2.2,0.9,1.1,0.5,0.5,3.9,8.9,2018
160,Yogi Ferrell,SG,24,DAL,82,21,2282,4.9,11.5,.426,2.1,5.7,.373,2.8,5.9,.477,1.3,1.6,.796,0.4,3.5,3.9,3.2,1.0,0.1,1.2,2.4,13.2,2018
162,Bryn Forbes,SG,24,SAS,80,12,1517,5.0,11.8,.421,2.1,5.4,.390,2.8,6.4,.446,1.1,1.7,.667,0.3,2.3,2.6,1.9,0.7,0.0,0.9,2.6,13.2,2018
163,Evan Fournier,SF,25,ORL,57,57,1837,7.2,15.7,.459,2.5,6.6,.379,4.7,9.2,.516,2.9,3.4,.867,0.5,3.1,3.5,3.2,0.9,0.3,1.9,2.7,19.9,2018
164,De'Aaron Fox,PG,20,SAC,73,60,2026,5.8,14.2,.412,0.8,2.7,.307,5.0,11.4,.436,2.5,3.5,.723,0.6,3.0,3.6,5.7,1.2,0.4,3.1,2.9,15.0,2018
165,Tim Frazier,PG,27,WAS,59,11,838,2.9,7.4,.395,0.7,2.4,.304,2.2,5.0,.440,1.0,1.3,.767,0.8,4.2,4.9,8.3,2.0,0.3,2.4,4.2,7.6,2018
166,Enes Freedom,C,25,NYK,71,71,1830,8.3,14.0,.592,0.0,0.0,.000,8.3,14.0,.594,3.1,3.6,.848,5.4,10.0,15.3,2.1,0.7,0.7,2.4,3.7,19.7,2018
167,Channing Frye,C,34,TOT,53,1,695,5.4,11.0,.491,2.0,6.0,.339,3.4,5.0,.670,0.9,1.0,.895,0.6,6.4,7.0,2.0,0.9,0.7,1.1,3.6,13.7,2018
170,Langston Galloway,SG,26,DET,58,2,863,5.3,14.2,.371,3.1,9.1,.344,2.1,5.1,.418,1.4,1.7,.805,0.5,3.3,3.8,2.4,1.5,0.2,0.8,1.6,15.0,2018
171,Marc Gasol,C,33,MEM,73,73,2408,6.5,15.4,.420,1.6,4.8,.341,4.9,10.7,.456,4.2,5.0,.834,1.2,7.7,8.9,4.6,0.8,1.5,2.9,2.8,18.8,2018
172,Pau Gasol,C,37,SAS,77,63,1812,5.7,12.5,.458,0.9,2.4,.358,4.8,10.1,.481,3.1,4.2,.756,2.6,9.7,12.3,4.7,0.5,1.6,2.1,2.4,15.4,2018
173,Rudy Gay,PF,31,SAS,57,6,1231,7.4,15.7,.471,1.1,3.5,.314,6.3,12.3,.516,3.3,4.2,.772,2.2,6.3,8.5,2.1,1.3,1.1,2.3,2.9,19.2,2018
174,Paul George,SF,27,OKC,79,79,2891,7.2,16.7,.430,3.0,7.6,.401,4.1,9.1,.454,4.2,5.1,.822,0.9,4.7,5.6,3.3,2.0,0.5,2.6,2.9,21.6,2018
175,Marcus Georges-Hunt,SG,23,MIN,42,0,224,3.4,7.7,.438,0.6,2.4,.267,2.7,5.3,.515,2.1,3.4,.619,1.1,1.4,2.6,1.1,1.0,0.0,0.5,5.1,9.5,2018
177,Taj Gibson,PF,32,MIN,82,82,2726,5.6,9.7,.577,0.1,0.5,.200,5.5,9.3,.595,1.9,2.4,.768,2.6,5.2,7.7,1.3,0.8,0.8,1.2,2.9,13.2,2018
178,Manu Ginóbili*,SG,40,SAS,65,0,1299,5.6,12.8,.434,1.8,5.3,.333,3.8,7.5,.506,3.0,3.6,.840,0.5,3.4,3.9,4.5,1.2,0.4,2.9,3.5,16.0,2018
179,Rudy Gobert,C,25,UTA,56,56,1816,5.5,8.8,.622,0.0,0.0,,5.5,8.8,.622,4.0,5.9,.682,3.3,8.6,11.9,1.6,0.9,2.6,2.1,3.0,15.0,2018
180,Aaron Gordon,PF,22,ORL,58,57,1909,7.1,16.3,.434,2.2,6.4,.336,4.9,9.9,.497,3.0,4.2,.698,1.6,7.0,8.6,2.6,1.1,0.8,2.0,2.1,19.3,2018
181,Eric Gordon,SG,29,HOU,69,30,2154,6.9,16.2,.428,3.6,10.2,.359,3.3,6.1,.544,3.3,4.0,.809,0.4,2.4,2.8,2.6,0.7,0.5,2.2,1.9,20.8,2018
182,Marcin Gortat,C,33,WAS,82,82,2075,5.0,9.7,.518,0.0,0.0,,5.0,9.7,.518,1.9,2.8,.675,3.1,7.7,10.8,2.6,0.7,1.1,1.7,3.0,12.0,2018
183,Treveon Graham,SG,24,CHO,63,2,1050,3.3,7.6,.434,1.4,3.3,.412,1.9,4.3,.452,1.4,2.0,.695,1.4,2.7,4.1,2.0,1.1,0.1,0.9,3.7,9.4,2018
184,Jerami Grant,PF,23,OKC,81,1,1647,5.3,10.0,.535,0.7,2.4,.291,4.6,7.6,.613,3.5,5.2,.675,1.9,5.1,7.0,1.2,0.7,1.7,1.2,3.4,14.9,2018
185,Jerian Grant,PG,25,CHI,74,26,1686,4.5,10.7,.416,1.3,4.0,.326,3.2,6.7,.468,3.0,4.0,.745,0.7,3.0,3.7,7.3,1.3,0.2,1.9,2.8,13.2,2018
187,Danny Green,SG,30,SAS,70,60,1791,4.4,11.3,.387,2.3,6.4,.363,2.0,4.8,.419,1.0,1.3,.769,0.8,4.2,5.0,2.2,1.3,1.6,1.5,2.5,12.1,2018
188,Draymond Green,PF,27,GSW,70,70,2287,4.4,9.7,.454,1.2,4.0,.301,3.2,5.7,.562,2.1,2.7,.775,1.2,7.2,8.4,8.0,1.5,1.4,3.2,2.9,12.2,2018
190,JaMychal Green,PF,27,MEM,55,54,1542,5.2,11.4,.457,1.0,3.0,.339,4.2,8.4,.499,1.9,2.6,.721,3.4,7.4,10.8,1.8,0.7,0.6,1.8,3.6,13.3,2018
191,Jeff Green,PF,31,CLE,78,13,1828,5.8,12.2,.477,1.0,3.3,.312,4.8,8.8,.540,4.0,4.6,.868,1.2,3.7,4.8,1.9,0.8,0.7,1.5,2.9,16.7,2018
192,Blake Griffin,PF,28,TOT,58,58,1970,8.0,18.2,.438,2.0,5.9,.345,5.9,12.3,.482,4.7,6.0,.785,1.3,6.5,7.8,6.1,0.7,0.3,3.0,2.5,22.7,2018
194,Tim Hardaway Jr.,SG,25,NYK,57,54,1885,6.9,16.3,.421,2.5,7.8,.317,4.4,8.5,.516,2.8,3.4,.816,0.6,3.7,4.3,3.0,1.2,0.2,1.8,2.3,19.0,2018
195,James Harden,SG,28,HOU,72,72,2551,9.2,20.4,.449,3.7,10.2,.367,5.4,10.3,.531,8.8,10.3,.858,0.6,4.9,5.5,8.9,1.8,0.7,4.4,2.4,30.9,2018
196,Maurice Harkless,SF,24,POR,59,36,1264,4.2,8.5,.495,1.4,3.4,.415,2.8,5.1,.547,1.2,1.7,.712,1.3,3.3,4.6,1.5,1.4,1.2,1.1,2.9,11.0,2018
197,Montrezl Harrell,C,24,LAC,76,3,1293,9.7,15.3,.635,0.0,0.2,.143,9.7,15.1,.641,3.9,6.2,.626,2.9,5.7,8.5,2.1,1.0,1.4,1.9,4.0,23.3,2018
198,Devin Harris,PG,34,TOT,71,1,1340,5.0,12.2,.412,2.1,6.1,.348,2.9,6.1,.476,3.8,4.6,.835,0.3,3.1,3.4,4.1,1.3,0.3,2.0,4.2,16.0,2018
199,Gary Harris,SG,23,DEN,67,65,2304,6.9,14.2,.485,2.4,6.2,.396,4.4,8.0,.553,2.1,2.5,.827,0.6,2.2,2.7,3.0,1.9,0.2,1.9,1.9,18.3,2018
200,Joe Harris,SG,26,BRK,78,14,1975,5.6,11.3,.491,2.7,6.5,.419,2.8,4.8,.589,1.6,1.9,.827,0.9,3.8,4.7,2.3,0.6,0.4,1.7,2.8,15.4,2018
201,Tobias Harris,PF,25,TOT,80,80,2668,7.6,16.5,.460,2.5,6.0,.411,5.1,10.5,.488,2.4,2.9,.829,0.8,5.1,5.9,2.6,1.0,0.5,1.4,2.2,20.1,2018
203,Andrew Harrison,PG,23,MEM,56,46,1326,4.9,11.6,.422,1.3,3.9,.331,3.6,7.8,.467,3.4,4.3,.780,0.6,2.9,3.6,4.8,1.0,0.7,2.2,3.7,14.5,2018
205,Josh Hart,SG,22,LAL,63,23,1461,4.3,9.2,.469,1.9,4.9,.396,2.4,4.4,.551,1.6,2.3,.702,1.0,5.4,6.5,2.0,1.2,0.4,1.2,2.6,12.2,2018
211,John Henson,C,27,MIL,76,69,1970,5.2,9.2,.572,0.0,0.1,.143,5.2,9.0,.578,1.6,2.9,.570,2.7,6.6,9.4,2.1,0.8,2.0,1.5,3.7,12.2,2018
213,Willy Hernangómez,C,23,TOT,48,1,495,6.6,11.9,.555,0.4,0.9,.417,6.3,11.1,.566,4.3,6.5,.656,4.4,8.9,13.3,2.4,1.3,1.2,2.5,4.7,17.9,2018
214,Mario Hezonja,SF,22,ORL,75,30,1657,5.9,13.4,.442,2.0,5.8,.337,4.0,7.6,.523,1.9,2.3,.819,0.9,5.2,6.1,2.3,1.8,0.7,1.9,2.9,15.7,2018
216,Buddy Hield,SG,25,SAC,80,12,2024,7.4,16.6,.446,3.1,7.3,.431,4.3,9.3,.457,1.3,1.4,.877,1.0,4.5,5.5,2.8,1.5,0.4,2.2,2.6,19.2,2018
217,Nenê,C,35,HOU,52,4,758,6.5,11.4,.569,0.0,0.1,.000,6.5,11.3,.574,3.2,5.1,.636,2.6,5.8,8.4,2.1,1.3,0.7,1.8,5.8,16.1,2018
218,George Hill,PG,31,TOT,67,60,1812,4.7,10.2,.460,1.7,4.1,.415,3.0,6.1,.490,2.2,2.8,.786,0.8,2.8,3.6,3.7,1.2,0.5,1.7,2.5,13.3,2018
221,Jrue Holiday,SG,27,NOP,81,81,2927,7.6,15.3,.494,1.5,4.4,.337,6.1,10.9,.557,2.3,2.9,.786,0.8,3.7,4.5,6.0,1.5,0.8,2.6,2.5,18.9,2018
222,Justin Holiday,SG,28,CHI,72,72,2265,4.6,12.4,.371,2.6,7.1,.359,2.1,5.3,.387,2.1,2.6,.823,0.5,4.1,4.6,2.4,1.3,0.5,1.5,2.1,13.9,2018
224,Rondae Hollis-Jefferson,SF,23,BRK,68,59,1920,6.4,13.6,.472,0.2,1.0,.241,6.2,12.6,.491,4.7,5.9,.788,1.9,6.7,8.6,3.1,1.2,0.9,2.3,2.7,17.7,2018
225,Richaun Holmes,C,24,PHI,48,2,746,6.5,11.6,.560,0.2,1.5,.129,6.3,10.1,.624,1.8,2.7,.661,2.8,7.4,10.2,2.9,1.0,1.4,1.2,4.7,15.0,2018
226,Rodney Hood,SG,25,TOT,60,23,1616,7.2,16.7,.429,2.8,7.4,.381,4.3,9.3,.467,2.5,2.9,.860,0.5,3.2,3.7,2.1,1.0,0.3,1.6,2.3,19.6,2018
228,Al Horford,C,31,BOS,72,72,2277,5.8,11.9,.489,1.5,3.6,.429,4.3,8.3,.514,1.5,1.9,.783,1.6,6.8,8.4,5.4,0.7,1.2,2.1,2.2,14.7,2018
230,Dwight Howard,C,32,CHO,81,81,2463,7.4,13.3,.555,0.0,0.1,.143,7.4,13.2,.559,4.9,8.5,.574,3.7,11.1,14.8,1.5,0.7,1.9,3.0,3.6,19.7,2018
231,Josh Huestis,PF,26,OKC,69,10,982,2.2,6.7,.330,1.2,4.2,.287,1.0,2.5,.403,0.2,0.7,.300,1.5,4.4,5.9,0.7,0.5,1.6,1.0,3.0,5.8,2018
234,Serge Ibaka,PF,28,TOR,76,76,2093,6.5,13.5,.483,1.8,5.1,.360,4.7,8.4,.559,1.6,2.0,.797,1.3,6.9,8.2,1.1,0.5,1.7,1.5,3.6,16.5,2018
235,Andre Iguodala,SF,34,GSW,64,7,1622,3.3,7.1,.463,0.7,2.6,.282,2.6,4.5,.567,1.2,1.9,.632,1.1,4.4,5.5,4.7,1.2,0.8,1.5,2.2,8.5,2018
236,Ersan İlyasova,PF,30,TOT,69,43,1729,5.8,12.8,.452,1.9,5.3,.360,3.9,7.5,.517,2.2,2.8,.778,2.5,6.0,8.4,1.9,1.3,0.5,1.5,3.3,15.6,2018
237,Joe Ingles,SF,30,UTA,82,81,2578,4.7,10.0,.467,2.8,6.5,.440,1.8,3.5,.516,0.9,1.2,.795,0.3,4.5,4.8,5.5,1.3,0.3,2.2,2.5,13.1,2018
239,Brandon Ingram,SF,20,LAL,59,59,1975,6.5,13.9,.470,0.7,1.9,.390,5.8,12.0,.483,3.5,5.1,.681,1.0,4.7,5.7,4.2,0.8,0.8,2.7,3.0,17.3,2018
240,Kyrie Irving,PG,25,BOS,60,60,1931,10.0,20.3,.491,3.1,7.6,.408,6.9,12.7,.541,4.3,4.9,.889,0.6,3.6,4.2,5.7,1.2,0.3,2.6,2.3,27.3,2018
242,Wes Iwundu,SF,23,ORL,62,12,1020,3.3,7.7,.427,0.3,1.6,.196,3.0,6.1,.488,1.2,1.7,.723,1.3,3.6,4.8,2.0,1.2,0.4,1.1,2.9,8.1,2018
243,Jarrett Jack,PG,34,NYK,62,56,1548,4.4,10.3,.427,0.6,2.0,.291,3.8,8.3,.459,1.5,1.7,.840,0.5,3.9,4.4,8.1,0.8,0.1,2.7,2.3,10.8,2018
246,Josh Jackson,SF,20,PHO,77,35,1959,7.1,17.1,.417,1.0,4.0,.263,6.1,13.1,.464,3.3,5.1,.634,1.7,4.7,6.5,2.2,1.5,0.6,2.7,4.0,18.6,2018
247,Justin Jackson,SF,22,SAC,68,41,1506,4.4,10.0,.442,1.4,4.4,.308,3.1,5.6,.547,0.6,0.9,.722,0.6,3.8,4.5,1.8,0.7,0.3,1.0,1.9,10.8,2018
248,Reggie Jackson,PG,27,DET,45,45,1201,7.4,17.3,.426,1.6,5.1,.308,5.8,12.2,.475,3.4,4.0,.836,0.9,2.9,3.7,7.1,0.8,0.1,3.0,2.6,19.7,2018
249,LeBron James,PF,33,CLE,82,82,3026,10.2,18.8,.542,1.8,4.8,.367,8.4,14.0,.603,4.6,6.3,.731,1.2,7.3,8.4,8.9,1.4,0.8,4.1,1.6,26.8,2018
254,Jonas Jerebko,PF,30,UTA,74,19,1134,5.0,10.8,.466,2.1,5.0,.414,3.0,5.8,.511,1.5,1.8,.807,1.7,6.1,7.8,1.3,0.8,0.4,0.9,4.0,13.6,2018
255,Amir Johnson,C,30,PHI,74,18,1171,4.3,8.0,.538,0.3,1.0,.313,4.0,7.0,.570,1.6,2.6,.612,3.8,6.4,10.1,3.6,1.4,1.4,1.7,5.9,10.5,2018
258,James Johnson,PF,30,MIA,73,41,1943,5.7,11.4,.503,1.1,3.4,.308,4.7,7.9,.587,2.1,3.0,.698,1.1,5.5,6.6,5.2,1.3,0.9,2.6,3.6,14.6,2018
259,Joe Johnson,SF,36,TOT,55,4,1205,4.4,10.8,.406,1.2,4.3,.276,3.2,6.4,.493,1.2,1.3,.889,0.4,4.7,5.1,2.5,0.5,0.2,1.5,2.0,11.1,2018
261,Stanley Johnson,SF,21,DET,69,50,1894,4.0,10.6,.375,1.3,4.4,.286,2.7,6.2,.439,2.1,2.8,.772,0.6,4.2,4.8,2.1,1.8,0.3,1.5,3.2,11.4,2018
262,Tyler Johnson,PG,25,MIA,72,39,2052,5.4,12.5,.435,2.1,5.7,.367,3.3,6.8,.491,1.9,2.3,.822,0.6,3.8,4.4,2.9,1.1,0.6,1.4,2.6,14.8,2018
263,Wesley Johnson,SF,30,LAC,74,40,1486,3.6,8.9,.408,1.5,4.3,.339,2.2,4.6,.471,1.0,1.4,.741,0.7,4.5,5.2,1.5,1.8,1.5,1.3,3.5,9.8,2018
264,Nikola Jokić,C,22,DEN,75,73,2443,7.4,14.9,.499,1.6,4.1,.396,5.8,10.8,.538,3.9,4.6,.850,2.9,9.0,11.8,6.7,1.3,0.9,3.1,3.1,20.4,2018
268,Tyus Jones,PG,21,MIN,82,11,1467,3.7,8.0,.457,1.1,3.2,.349,2.6,4.9,.528,1.7,2.0,.877,0.4,2.8,3.2,5.7,2.3,0.1,1.4,2.7,10.2,2018
269,DeAndre Jordan,C,29,LAC,77,77,2424,5.5,8.6,.645,0.0,0.0,,5.5,8.6,.645,2.7,4.6,.580,4.9,12.5,17.4,1.7,0.6,1.1,2.0,3.0,13.8,2018
270,Cory Joseph,PG,26,IND,82,17,2210,4.2,9.8,.424,1.1,3.1,.353,3.1,6.7,.457,1.1,1.5,.745,0.6,3.6,4.3,4.2,1.3,0.3,1.4,2.3,10.6,2018
271,Frank Kaminsky,PF,24,CHO,79,4,1835,6.0,14.0,.429,2.0,5.4,.380,4.0,8.7,.459,3.0,3.8,.799,0.9,4.7,5.7,2.5,0.7,0.4,1.3,1.9,17.1,2018
272,Luke Kennard,SG,21,DET,73,9,1463,5.1,11.4,.443,2.0,4.8,.415,3.1,6.6,.463,1.6,1.9,.855,0.5,3.8,4.3,3.1,1.1,0.3,1.7,2.1,13.7,2018
273,Michael Kidd-Gilchrist,SF,24,CHO,74,74,1850,5.5,10.9,.504,0.0,0.0,.000,5.5,10.9,.505,2.3,3.3,.684,1.6,4.2,5.9,1.4,1.0,0.6,1.0,2.8,13.3,2018
274,Sean Kilpatrick,SG,28,TOT,52,1,640,6.2,16.5,.374,2.6,8.1,.319,3.6,8.4,.427,3.6,4.1,.889,0.3,4.6,4.9,2.6,0.7,0.3,2.1,1.9,18.6,2018
275,Maxi Kleber,PF,26,DAL,72,36,1206,4.5,9.2,.489,1.2,3.8,.313,3.3,5.4,.613,1.3,1.8,.746,2.1,4.9,7.0,1.5,0.8,1.4,0.9,3.4,11.5,2018
278,Kyle Korver,SG,36,CLE,73,4,1574,5.1,11.1,.459,3.8,8.6,.436,1.3,2.5,.537,1.5,1.6,.889,0.2,3.6,3.8,2.0,0.7,0.6,1.3,3.0,15.4,2018
279,Kosta Koufos,C,28,SAC,71,13,1391,5.7,10.1,.571,0.0,0.0,,5.7,10.1,.571,0.9,1.9,.446,3.9,8.4,12.2,2.3,1.2,0.8,1.3,3.8,12.3,2018
280,Kyle Kuzma,PF,22,LAL,77,37,2401,7.0,15.6,.450,2.4,6.5,.366,4.6,9.1,.511,2.2,3.1,.707,1.3,5.9,7.2,2.1,0.7,0.5,2.1,2.4,18.6,2018
282,Skal Labissière,PF,21,SAC,60,28,1240,6.0,13.3,.448,0.5,1.5,.353,5.4,11.8,.459,2.8,3.4,.805,2.9,5.5,8.4,2.1,0.7,1.4,2.1,3.8,15.2,2018
283,Jeremy Lamb,SG,25,CHO,80,18,1967,7.0,15.2,.457,1.7,4.6,.370,5.2,10.6,.495,3.3,3.8,.861,0.9,5.0,5.9,3.4,1.1,0.6,1.7,2.5,18.9,2018
284,Shane Larkin,PG,25,BOS,54,2,775,3.9,10.2,.384,1.4,4.0,.360,2.5,6.2,.398,1.5,1.7,.865,0.7,3.6,4.3,4.6,1.3,0.1,1.5,2.7,10.7,2018
285,Joffrey Lauvergne,C,26,SAS,55,1,534,6.6,12.8,.516,0.0,0.3,.000,6.6,12.5,.530,2.0,3.2,.638,4.2,7.3,11.5,2.8,0.6,0.2,2.2,3.0,15.2,2018
288,T.J. Leaf,PF,20,IND,53,0,459,5.0,10.7,.471,1.4,3.3,.429,3.6,7.4,.489,0.8,1.3,.625,2.3,4.2,6.4,0.7,0.4,0.3,0.8,3.5,12.2,2018
289,Courtney Lee,SG,32,NYK,76,69,2310,5.3,11.8,.454,1.8,4.3,.406,3.6,7.4,.482,1.8,1.9,.919,0.5,3.0,3.5,2.8,1.2,0.3,1.3,1.7,14.2,2018
292,Alex Len,C,24,PHO,69,13,1395,5.5,9.8,.566,0.0,0.1,.333,5.5,9.7,.568,4.1,6.0,.684,4.5,8.9,13.4,2.1,0.7,1.6,2.0,4.1,15.1,2018
296,Caris LeVert,SF,23,BRK,71,10,1864,6.2,14.2,.435,1.6,4.7,.347,4.5,9.5,.480,2.6,3.6,.711,1.0,4.0,5.0,5.8,1.6,0.4,3.0,3.1,16.6,2018
297,DeAndre Liggins,SG,29,TOT,58,4,724,2.0,5.3,.377,0.9,2.6,.358,1.0,2.6,.396,0.1,0.2,.400,0.3,3.4,3.7,2.4,1.8,0.7,1.0,4.0,5.0,2018
298,Damian Lillard,PG,27,POR,73,73,2670,8.4,19.1,.439,3.1,8.5,.361,5.3,10.6,.501,6.6,7.3,.916,0.8,3.5,4.4,6.5,1.0,0.4,2.8,1.6,26.5,2018
300,Shaun Livingston,PG,32,GSW,71,7,1129,5.5,10.9,.501,0.0,0.2,.000,5.5,10.8,.509,1.6,1.9,.820,1.0,3.2,4.2,4.5,1.1,0.7,1.8,3.7,12.6,2018
301,Kevon Looney,C,21,GSW,66,4,910,4.4,7.6,.580,0.0,0.2,.200,4.4,7.4,.590,1.7,3.0,.545,3.3,5.2,8.5,1.7,1.3,2.2,1.2,4.2,10.6,2018
302,Brook Lopez,C,29,LAL,74,72,1735,7.7,16.5,.465,2.3,6.7,.345,5.3,9.7,.549,2.3,3.3,.703,1.5,4.6,6.1,2.6,0.6,2.0,2.0,4.0,19.9,2018
303,Robin Lopez,C,29,CHI,64,64,1690,7.3,13.7,.530,0.1,0.3,.286,7.2,13.4,.536,1.4,1.9,.756,2.9,3.3,6.2,2.6,0.3,1.1,2.3,2.3,16.1,2018
304,Kevin Love,C,29,CLE,59,59,1651,7.3,15.9,.458,3.0,7.2,.415,4.3,8.7,.494,5.1,5.8,.880,2.2,9.7,11.9,2.2,0.9,0.5,2.0,2.6,22.7,2018
305,Kyle Lowry,PG,31,TOR,78,78,2510,5.8,13.5,.427,3.4,8.5,.399,2.4,5.0,.474,3.2,3.7,.854,0.9,5.3,6.2,7.7,1.2,0.3,2.6,2.8,18.2,2018
306,Timothé Luwawu-Cabarrot,SF,22,PHI,52,7,807,4.5,11.9,.375,2.4,7.0,.335,2.1,4.9,.431,2.1,2.6,.793,0.6,2.6,3.2,2.4,0.5,0.2,1.7,4.3,13.3,2018
308,Trey Lyles,PF,22,DEN,73,2,1391,7.0,14.2,.491,2.1,5.6,.381,4.8,8.6,.563,2.6,3.7,.706,1.4,7.6,9.0,2.4,0.8,0.9,1.6,2.9,18.7,2018
309,Shelvin Mack,PG,27,ORL,69,3,1365,4.7,10.9,.430,1.3,3.7,.345,3.4,7.3,.473,1.8,2.6,.711,0.6,3.8,4.4,7.2,1.4,0.2,2.3,2.4,12.5,2018
311,Ian Mahinmi,C,31,WAS,77,0,1145,4.3,7.8,.556,0.0,0.1,.000,4.3,7.7,.561,2.8,4.0,.703,4.2,5.6,9.8,1.7,1.2,1.3,3.1,7.2,11.5,2018
312,Thon Maker,C,20,MIL,74,12,1238,3.8,9.2,.411,0.9,3.0,.298,2.9,6.2,.467,1.9,2.7,.699,2.2,4.4,6.5,1.3,1.1,1.5,1.3,4.7,10.4,2018
314,Lauri Markkanen,PF,20,CHI,68,68,2020,6.7,15.4,.434,2.6,7.1,.362,4.1,8.2,.497,2.5,3.0,.843,1.4,7.6,9.1,1.4,0.7,0.7,1.5,1.8,18.4,2018
315,Jarell Martin,PF,23,MEM,73,36,1661,4.8,10.8,.446,0.7,2.1,.347,4.1,8.6,.470,1.9,2.5,.767,2.1,4.8,6.9,1.6,0.8,1.1,1.9,4.6,12.2,2018
316,Frank Mason III,PG,23,SAC,52,2,984,5.3,13.9,.379,1.1,3.1,.360,4.1,10.8,.384,3.4,4.2,.817,1.1,3.7,4.8,5.4,1.2,0.4,2.4,2.6,15.1,2018
318,Wesley Matthews,SF,31,DAL,63,62,2131,4.8,11.8,.406,2.6,6.8,.381,2.2,5.0,.441,1.4,1.7,.822,0.5,2.9,3.3,2.9,1.3,0.3,1.4,2.4,13.5,2018
319,Luc Mbah a Moute,PF,31,HOU,61,15,1564,3.8,7.9,.481,1.5,4.0,.364,2.4,4.0,.599,1.5,2.2,.684,0.5,3.8,4.3,1.3,1.7,0.6,1.6,2.3,10.6,2018
321,Patrick McCaw,SG,22,GSW,57,10,961,3.4,8.4,.409,0.7,3.0,.238,2.7,5.4,.503,1.0,1.3,.765,0.6,2.5,3.1,3.0,1.6,0.4,1.5,2.5,8.6,2018
322,CJ McCollum,SG,26,POR,81,81,2923,8.2,18.5,.443,2.3,5.9,.397,5.9,12.7,.465,2.6,3.1,.836,0.7,3.3,4.0,3.3,0.9,0.4,1.9,2.1,21.3,2018
323,T.J. McConnell,PG,25,PHI,76,1,1706,4.4,8.9,.499,0.6,1.3,.435,3.9,7.6,.510,0.7,0.8,.795,0.8,4.0,4.8,6.4,1.9,0.3,2.4,2.6,10.1,2018
326,Doug McDermott,SF,26,TOT,81,4,1768,4.8,10.3,.467,1.9,4.4,.426,3.0,5.9,.497,1.3,1.6,.790,0.8,3.3,4.1,1.6,0.4,0.3,1.1,2.5,12.8,2018
327,JaVale McGee,C,30,GSW,65,17,615,8.0,12.8,.621,0.0,0.4,.000,8.0,12.5,.638,2.2,3.0,.731,3.5,6.4,9.9,1.9,1.2,3.3,1.6,5.3,18.1,2018
331,Ben McLemore,SG,24,MEM,56,17,1091,5.2,12.3,.421,1.8,5.2,.346,3.4,7.1,.477,1.7,2.1,.828,1.1,3.5,4.6,1.7,1.3,0.5,2.0,4.6,13.9,2018
333,Jodie Meeks,SG,30,WAS,77,0,1119,5.1,12.6,.399,2.3,6.8,.343,2.7,5.9,.464,3.2,3.8,.863,0.5,3.6,4.1,2.3,0.9,0.1,1.2,1.8,15.7,2018
334,Salah Mejri,C,31,DAL,61,1,729,4.3,6.8,.642,0.0,0.1,.000,4.3,6.6,.657,1.9,3.3,.576,4.2,8.0,12.1,1.7,1.1,3.3,1.9,6.0,10.6,2018
336,Khris Middleton,SF,26,MIL,82,82,2982,7.2,15.4,.466,1.8,4.9,.359,5.4,10.4,.517,3.9,4.4,.884,0.5,4.6,5.2,4.0,1.4,0.3,2.3,3.3,19.9,2018
337,C.J. Miles,SF,30,TOR,70,3,1337,6.1,16.1,.379,4.4,12.2,.361,1.7,3.9,.434,2.2,2.6,.835,0.5,3.6,4.1,1.5,1.0,0.6,1.1,3.6,18.8,2018
338,Darius Miller,SF,27,NOP,82,3,1944,4.0,9.0,.444,2.7,6.6,.411,1.3,2.4,.535,1.1,1.2,.866,0.3,2.7,3.0,2.1,0.5,0.3,1.1,3.0,11.8,2018
340,Patty Mills,PG,29,SAS,82,36,2107,4.8,11.7,.411,2.6,7.1,.372,2.2,4.6,.470,1.8,2.0,.890,0.4,2.2,2.6,3.9,0.9,0.2,1.8,2.2,14.0,2018
342,Nikola Mirotić,PF,26,TOT,55,14,1494,7.4,16.5,.447,3.3,8.6,.377,4.1,7.9,.525,2.7,3.3,.818,1.4,8.3,9.8,1.9,1.1,0.9,1.5,2.6,20.7,2018
343,Donovan Mitchell,SG,21,UTA,79,71,2638,8.1,18.6,.437,2.6,7.5,.340,5.6,11.1,.502,3.3,4.1,.805,0.7,3.3,4.0,4.0,1.6,0.4,2.9,2.9,22.1,2018
345,Malik Monk,SG,19,CHO,63,0,854,6.4,17.9,.360,3.5,10.2,.342,3.0,7.7,.385,1.3,1.6,.842,0.3,2.4,2.8,3.8,0.8,0.4,2.1,2.5,17.7,2018
346,Greg Monroe,C,27,TOT,51,14,1040,7.5,13.4,.565,0.0,0.0,,7.5,13.4,.565,3.0,4.1,.739,3.8,8.3,12.1,3.9,1.5,0.8,3.3,3.3,18.1,2018
349,E'Twaun Moore,SG,28,NOP,82,80,2586,5.9,11.6,.508,1.8,4.2,.425,4.1,7.4,.556,0.7,0.9,.706,0.8,2.5,3.3,2.6,1.1,0.2,1.4,2.5,14.2,2018
350,Eric Moreland,PF,26,DET,67,3,805,3.0,5.5,.541,0.0,0.0,,3.0,5.5,.541,0.5,1.3,.379,3.6,8.8,12.4,3.5,1.4,2.3,1.9,5.2,6.4,2018
352,Marcus Morris,PF,28,BOS,54,21,1442,6.5,15.3,.429,2.1,5.8,.368,4.4,9.4,.467,3.1,3.8,.805,1.1,6.1,7.2,1.8,0.9,0.3,1.6,2.5,18.3,2018
353,Markieff Morris,PF,28,WAS,73,73,1968,6.0,12.6,.480,1.4,3.8,.367,4.6,8.8,.529,1.9,2.3,.820,1.4,6.1,7.5,2.6,1.0,0.7,2.3,4.0,15.4,2018
357,Emmanuel Mudiay,PG,21,TOT,64,14,1245,5.9,15.2,.388,1.4,4.3,.318,4.5,10.9,.415,2.8,3.7,.760,0.8,3.6,4.4,6.0,1.2,0.3,3.3,2.3,16.0,2018
358,Shabazz Muhammad,SF-SG,25,TOT,43,2,418,7.2,16.2,.447,0.6,2.3,.259,6.6,13.9,.478,3.4,4.3,.780,2.0,4.6,6.5,1.2,0.8,0.3,0.5,2.6,18.4,2018
360,Dejounte Murray,PG,21,SAS,81,48,1743,5.6,12.6,.443,0.2,0.7,.265,5.4,11.9,.454,2.2,3.1,.709,2.3,7.2,9.5,4.8,2.0,0.6,2.8,3.1,13.5,2018
361,Jamal Murray,PG,20,DEN,81,80,2565,6.7,14.9,.451,2.3,6.1,.378,4.4,8.8,.502,3.2,3.6,.905,1.2,3.0,4.2,3.8,1.1,0.4,2.4,2.4,19.0,2018
362,Mike Muscala,C,26,ATL,53,7,1060,4.9,10.6,.458,2.1,5.7,.371,2.8,4.9,.559,1.9,2.1,.919,1.9,5.9,7.8,1.7,1.1,0.9,1.4,2.7,13.8,2018
363,Abdel Nader,SF,24,BOS,48,1,522,3.4,10.3,.336,1.6,4.5,.354,1.9,5.8,.321,1.6,2.7,.590,0.9,4.0,4.9,1.8,1.0,0.7,2.3,3.1,10.1,2018
364,Larry Nance Jr.,C,25,TOT,66,27,1421,6.1,10.5,.581,0.1,0.3,.167,6.0,10.2,.594,2.3,3.5,.664,4.1,7.4,11.5,2.1,2.2,1.0,1.3,4.4,14.5,2018
365,Shabazz Napier,PG,26,POR,74,10,1535,5.2,12.5,.420,1.9,5.1,.376,3.3,7.3,.450,2.7,3.2,.841,0.6,3.4,4.0,3.5,1.9,0.3,2.1,2.0,15.1,2018
366,Jameer Nelson,PG,35,TOT,50,0,1013,3.4,8.7,.389,1.5,4.4,.331,1.9,4.3,.450,0.6,0.7,.800,0.5,3.2,3.7,6.4,1.0,0.1,2.4,2.9,8.8,2018
371,Lucas Nogueira,C,25,TOR,49,3,418,4.2,6.9,.613,0.4,1.6,.263,3.8,5.3,.721,1.6,2.4,.679,1.6,5.9,7.5,1.9,2.0,3.7,1.4,4.2,10.5,2018
372,Dirk Nowitzki,C,39,DAL,77,77,1900,6.6,14.4,.456,2.6,6.4,.409,3.9,8.0,.494,1.8,2.0,.898,0.4,7.9,8.3,2.3,0.8,0.9,1.0,2.8,17.6,2018
373,Frank Ntilikina,PG,19,NYK,78,9,1706,3.8,10.6,.364,1.1,3.3,.318,2.8,7.2,.385,1.0,1.4,.721,0.8,3.0,3.7,5.3,1.4,0.4,2.8,3.8,9.8,2018
374,Jusuf Nurkić,C,23,POR,79,79,2088,8.3,16.4,.505,0.0,0.1,.000,8.3,16.3,.508,3.0,4.7,.630,3.3,8.9,12.2,2.5,1.1,1.9,3.2,4.3,19.5,2018
375,David Nwaba,SG,25,CHI,70,21,1646,4.4,9.3,.478,0.4,1.1,.346,4.0,8.1,.496,2.9,4.4,.655,1.9,5.2,7.1,2.3,1.3,0.6,1.7,3.5,12.1,2018
377,Royce O'Neale,SF,24,UTA,69,4,1150,3.8,8.9,.423,1.3,3.7,.356,2.4,5.2,.470,1.9,2.4,.803,0.8,6.6,7.4,3.0,1.1,0.5,1.7,3.3,10.7,2018
378,Kyle O'Quinn,C,27,NYK,77,10,1387,5.8,10.0,.583,0.1,0.4,.235,5.7,9.5,.599,2.5,3.3,.772,3.1,9.1,12.2,4.1,0.9,2.5,2.6,5.0,14.3,2018
379,Semi Ojeleye,PF,23,BOS,73,0,1150,2.0,5.9,.346,1.3,3.9,.320,0.8,2.0,.397,0.8,1.3,.610,1.2,3.9,5.0,0.6,0.7,0.1,0.8,2.8,6.1,2018
382,Victor Oladipo,SG,25,IND,75,75,2552,9.0,18.9,.477,2.3,6.1,.371,6.8,12.8,.528,4.1,5.2,.799,0.7,4.8,5.5,4.6,2.5,0.8,3.1,2.5,24.5,2018
383,Kelly Olynyk,PF,26,MIA,76,22,1779,6.4,12.9,.497,2.1,5.7,.379,4.2,7.2,.590,2.7,3.5,.770,1.8,6.9,8.7,4.2,1.3,0.7,3.0,4.5,17.6,2018
385,Cedi Osman,SF,22,CLE,61,12,672,4.8,10.0,.484,1.7,4.7,.368,3.1,5.3,.586,1.4,2.5,.565,1.0,5.4,6.4,2.2,1.2,0.2,1.7,4.2,12.7,2018
386,Kelly Oubre Jr.,SF,22,WAS,81,11,2231,5.1,12.7,.403,2.0,6.0,.341,3.1,6.8,.456,3.1,3.8,.820,1.0,4.9,5.9,1.6,1.3,0.6,1.5,3.8,15.4,2018
387,Zaza Pachulia,C,33,GSW,69,57,972,5.5,9.8,.564,0.0,0.0,.000,5.5,9.7,.567,2.8,3.4,.806,3.3,8.6,11.9,4.0,1.4,0.6,2.7,4.5,13.8,2018
391,Tony Parker,PG,35,SAS,55,21,1071,6.0,13.0,.459,0.3,1.2,.270,5.6,11.8,.479,1.8,2.6,.705,0.2,3.0,3.2,6.6,0.9,0.0,2.3,1.7,14.2,2018
393,Patrick Patterson,PF,28,OKC,82,3,1270,3.0,7.5,.398,1.9,4.8,.386,1.1,2.7,.421,1.1,1.3,.870,0.9,4.6,5.5,1.6,1.4,0.7,0.9,2.5,9.0,2018
395,Brandon Paul,SG,26,SAS,64,2,576,3.4,7.9,.433,0.9,3.4,.278,2.5,4.6,.548,1.4,2.7,.512,0.4,3.9,4.2,2.3,1.6,0.4,1.8,3.6,9.2,2018
396,Chris Paul,PG,32,HOU,58,58,1847,7.2,15.6,.460,2.8,7.4,.380,4.3,8.2,.532,4.0,4.3,.919,0.7,5.4,6.1,8.9,1.9,0.3,2.5,2.7,21.1,2018
399,Elfrid Payton,PG,23,TOT,63,63,1808,6.6,13.3,.493,0.6,1.8,.326,6.0,11.4,.520,2.2,3.3,.649,1.3,4.2,5.5,7.8,1.7,0.4,3.3,2.9,15.9,2018
405,Mason Plumlee,C,27,DEN,74,26,1439,5.5,9.2,.601,0.0,0.0,.000,5.5,9.2,.602,2.1,4.5,.458,3.3,6.7,10.0,3.6,1.2,2.0,2.6,4.6,13.1,2018
406,Miles Plumlee,C,29,ATL,55,35,918,4.1,7.1,.583,0.0,0.0,,4.1,7.1,.583,1.1,2.4,.450,3.0,5.9,8.9,1.8,0.7,1.2,2.5,3.1,9.3,2018
407,Jakob Poeltl,C,22,TOR,82,0,1524,6.0,9.1,.659,0.0,0.0,.500,6.0,9.0,.660,1.4,2.4,.594,3.9,5.4,9.3,1.3,0.9,2.4,2.0,5.0,13.4,2018
409,Otto Porter Jr.,SF,24,WAS,77,77,2432,6.6,13.1,.503,2.0,4.6,.441,4.5,8.5,.537,1.6,1.9,.828,1.5,5.8,7.3,2.3,1.7,0.6,1.1,2.2,16.8,2018
410,Bobby Portis,PF,22,CHI,73,4,1643,8.4,17.8,.471,1.8,4.9,.359,6.6,12.9,.514,2.6,3.4,.769,3.5,7.4,10.9,2.7,1.1,0.5,2.3,2.8,21.1,2018
411,Kristaps Porziņģis,PF,22,NYK,48,48,1553,9.0,20.6,.439,2.1,5.3,.395,7.0,15.3,.454,5.1,6.4,.793,1.4,5.9,7.3,1.3,0.8,2.7,2.2,3.3,25.2,2018
412,Dwight Powell,C,26,DAL,79,25,1672,5.5,9.3,.593,0.6,1.8,.333,4.9,7.4,.656,2.9,4.0,.719,2.9,6.7,9.6,2.0,1.4,0.7,1.3,4.0,14.4,2018
413,Norman Powell,SG,24,TOR,70,18,1062,5.1,12.7,.401,1.8,6.3,.285,3.3,6.4,.516,1.1,1.3,.821,0.5,3.6,4.0,3.0,1.3,0.5,2.2,3.8,13.1,2018
415,Taurean Prince,SF,23,ATL,82,82,2464,6.1,14.2,.426,2.6,6.7,.385,3.5,7.6,.461,2.2,2.6,.844,0.7,5.0,5.7,3.1,1.2,0.6,2.8,2.5,16.9,2018
421,Julius Randle,C,23,LAL,82,49,2190,8.3,14.9,.558,0.2,0.7,.222,8.1,14.1,.575,5.0,7.0,.718,3.0,7.8,10.8,3.5,0.7,0.7,3.5,4.5,21.7,2018
422,Zach Randolph,PF,36,SAC,59,57,1508,8.6,18.2,.473,1.2,3.5,.347,7.4,14.7,.503,2.0,2.6,.785,2.3,7.2,9.5,3.0,1.0,0.2,2.8,2.8,20.5,2018
424,J.J. Redick,SG,33,PHI,70,70,2116,6.9,15.0,.460,3.3,7.8,.420,3.6,7.1,.504,3.4,3.7,.904,0.2,2.9,3.0,3.6,0.6,0.1,1.8,2.1,20.4,2018
426,Willie Reed,C,27,TOT,42,5,428,6.8,10.2,.669,0.1,0.2,.500,6.7,10.0,.672,2.7,4.6,.582,2.9,7.2,10.2,0.8,0.8,1.9,1.6,4.7,16.4,2018
427,Josh Richardson,SF,24,MIA,81,81,2689,5.3,11.8,.451,1.7,4.5,.378,3.6,7.3,.495,1.6,1.9,.845,0.9,2.9,3.8,3.1,1.6,1.0,1.9,2.7,14.0,2018
429,Austin Rivers,SG,25,LAC,61,59,2057,6.0,14.1,.424,2.4,6.3,.378,3.6,7.8,.461,1.8,2.8,.642,0.5,2.1,2.5,4.2,1.3,0.3,1.9,2.7,16.1,2018
433,Rajon Rondo,PG,31,NOP,65,63,1705,4.9,10.4,.468,1.1,3.2,.333,3.8,7.3,.526,0.5,1.0,.543,0.7,4.9,5.6,11.3,1.5,0.2,3.2,2.5,11.3,2018
436,Terry Rozier,PG,23,BOS,80,16,2068,5.5,13.9,.395,2.7,7.0,.381,2.8,6.9,.410,2.0,2.6,.772,1.1,5.4,6.5,4.0,1.4,0.3,1.4,2.1,15.7,2018
437,Ricky Rubio,PG,27,UTA,77,77,2254,5.5,13.2,.418,1.5,4.4,.352,4.0,8.8,.451,3.5,4.1,.866,0.7,4.9,5.6,6.5,1.9,0.2,3.3,3.3,16.1,2018
438,D'Angelo Russell,PG,21,BRK,48,35,1234,8.1,19.6,.414,2.6,8.1,.324,5.5,11.5,.477,2.8,3.8,.740,0.9,4.6,5.5,7.3,1.1,0.5,4.3,2.7,21.7,2018
439,Domantas Sabonis,C,21,IND,74,19,1810,6.8,13.1,.514,0.3,0.7,.351,6.5,12.4,.524,3.3,4.5,.750,3.3,8.1,11.4,3.0,0.8,0.6,2.7,4.4,17.1,2018
441,Dario Šarić,PF,23,PHI,78,73,2310,6.3,13.9,.453,2.4,6.2,.393,3.8,7.7,.501,2.8,3.2,.860,2.4,5.7,8.1,3.1,0.8,0.3,2.3,2.5,17.8,2018
442,Tomáš Satoranský,SG,26,WAS,73,30,1643,4.4,8.4,.523,1.0,2.2,.465,3.4,6.2,.544,1.6,2.1,.781,1.6,3.5,5.1,6.3,1.1,0.3,1.8,2.9,11.5,2018
443,Dennis Schröder,PG,24,ATL,67,67,2078,8.7,19.9,.436,1.3,4.5,.290,7.3,15.3,.480,3.9,4.6,.849,0.8,2.8,3.6,7.2,1.2,0.1,3.2,2.5,22.5,2018
444,Mike Scott,PF,29,WAS,76,1,1406,7.1,13.4,.527,1.7,4.2,.405,5.4,9.2,.582,1.3,1.9,.658,1.3,5.0,6.3,2.0,0.6,0.3,2.0,3.8,17.1,2018
449,Pascal Siakam,PF,23,TOR,81,5,1679,5.4,10.7,.508,0.6,2.8,.220,4.8,7.8,.612,1.2,1.9,.621,1.7,6.1,7.8,3.4,1.3,0.9,1.4,3.6,12.6,2018
451,Ben Simmons,PG,21,PHI,81,81,2732,7.2,13.2,.545,0.0,0.1,.000,7.2,13.0,.551,2.5,4.5,.560,1.9,6.8,8.7,8.7,1.8,0.9,3.7,2.8,16.9,2018
452,Jonathon Simmons,SG,28,ORL,69,50,2029,6.3,13.5,.465,1.2,3.6,.338,5.1,9.9,.512,3.3,4.3,.768,1.1,3.2,4.2,3.0,1.0,0.3,2.6,3.1,17.1,2018
455,Marcus Smart,SG,23,BOS,54,11,1614,4.2,11.5,.367,1.7,5.6,.301,2.5,5.9,.429,2.2,3.0,.729,1.0,3.3,4.2,5.8,1.6,0.5,2.9,3.0,12.3,2018
456,Dennis Smith Jr.,PG,20,DAL,69,69,2049,7.1,18.0,.395,1.9,6.0,.313,5.2,12.0,.435,2.4,3.4,.694,0.9,3.7,4.6,6.3,1.2,0.3,3.4,2.7,18.4,2018
457,Ish Smith,PG,29,DET,82,35,2043,6.9,14.1,.486,0.6,1.8,.347,6.2,12.3,.506,1.4,2.0,.698,0.5,3.5,3.9,6.3,1.1,0.4,1.9,2.5,15.8,2018
458,J.R. Smith,SG,32,CLE,80,61,2244,3.9,9.5,.403,2.3,6.1,.375,1.6,3.4,.453,0.6,0.9,.696,0.5,3.3,3.8,2.3,1.1,0.2,1.3,2.6,10.6,2018
461,Tony Snell,SG,26,MIL,75,59,2053,3.2,7.5,.435,1.9,4.7,.403,1.4,2.8,.490,0.7,0.8,.792,0.2,2.3,2.5,1.7,0.8,0.5,0.6,2.0,9.0,2018
462,Marreese Speights,C,30,ORL,52,3,675,7.4,18.6,.395,4.6,12.4,.369,2.8,6.2,.448,2.1,2.9,.727,1.1,6.0,7.1,2.1,0.4,1.2,2.1,5.7,21.4,2018
464,Lance Stephenson,SG,27,IND,82,7,1850,5.9,13.8,.427,1.3,4.5,.289,4.6,9.3,.495,1.6,2.5,.661,1.2,7.0,8.3,4.6,0.9,0.3,2.5,3.4,14.7,2018
469,Jayson Tatum,SF,19,BOS,80,80,2443,5.9,12.3,.475,1.5,3.6,.434,4.3,8.7,.492,3.1,3.8,.826,0.7,5.2,5.9,1.9,1.2,0.9,1.7,2.5,16.4,2018
470,Isaiah Taylor,PG,23,ATL,67,9,1167,5.0,12.0,.418,0.6,2.5,.250,4.4,9.6,.461,3.1,4.3,.702,0.7,2.2,2.9,6.4,1.0,0.3,2.6,3.6,13.7,2018
471,Jeff Teague,PG,29,MIN,70,70,2311,5.5,12.4,.446,1.3,3.6,.368,4.2,8.8,.477,3.1,3.7,.845,0.4,2.9,3.3,7.7,1.6,0.4,2.8,2.7,15.5,2018
474,Garrett Temple,SG,31,SAC,65,35,1615,4.4,10.6,.418,2.0,5.1,.392,2.5,5.6,.442,1.3,1.7,.769,0.5,2.9,3.4,2.8,1.3,0.6,1.8,3.0,12.2,2018
475,Miloš Teodosić,PG,30,LAC,45,36,1134,4.8,11.4,.419,2.8,7.4,.379,2.0,4.1,.492,1.2,1.5,.848,0.5,3.5,4.0,6.6,0.7,0.2,3.1,3.3,13.6,2018
476,Jason Terry,SG,40,MIL,51,4,814,2.6,6.8,.383,1.8,5.1,.348,0.8,1.7,.487,0.4,0.4,.889,0.2,1.9,2.1,2.6,1.9,0.6,1.1,2.3,7.3,2018
477,Daniel Theis,C,25,BOS,63,3,936,4.8,9.0,.541,0.7,2.2,.310,4.2,6.7,.617,2.3,3.1,.753,3.5,7.1,10.5,2.2,1.2,1.8,2.2,6.0,12.7,2018
479,Lance Thomas,PF,29,NYK,73,31,1353,2.7,7.1,.382,1.3,3.3,.403,1.4,3.8,.364,1.2,1.4,.830,1.2,3.5,4.7,1.2,0.8,0.4,1.1,3.6,7.9,2018
480,Klay Thompson,SG,27,GSW,73,73,2506,8.3,16.9,.488,3.3,7.5,.440,5.0,9.5,.526,1.2,1.4,.837,0.4,3.5,4.0,2.7,0.8,0.5,1.8,1.7,21.0,2018
481,Tristan Thompson,C,26,CLE,53,22,1072,4.4,7.9,.562,0.0,0.0,,4.4,7.9,.562,1.4,2.7,.544,4.2,7.6,11.8,1.1,0.5,0.6,1.2,3.4,10.3,2018
482,Sindarius Thornwell,SG,23,LAC,73,17,1156,3.1,7.3,.429,0.7,1.9,.377,2.4,5.4,.448,1.8,2.7,.670,1.0,3.3,4.4,2.1,1.5,0.8,1.7,3.9,8.8,2018
483,Anthony Tolliver,PF,32,DET,79,14,1757,4.5,9.7,.464,3.3,7.5,.436,1.2,2.2,.561,2.2,2.7,.797,1.0,3.9,4.9,1.8,0.7,0.4,1.2,3.0,14.4,2018
484,Karl-Anthony Towns,C,22,MIN,82,82,2918,7.9,14.5,.545,1.5,3.5,.421,6.4,10.9,.585,4.3,5.0,.858,2.9,9.5,12.5,2.5,0.8,1.4,2.0,3.5,21.5,2018
485,P.J. Tucker,PF,32,HOU,82,34,2281,2.7,7.0,.390,1.8,4.9,.371,0.9,2.1,.435,0.7,0.9,.717,1.5,5.7,7.2,1.2,1.2,0.4,1.2,3.2,7.9,2018
486,Evan Turner,SF,29,POR,79,40,2034,4.6,10.2,.447,0.7,2.3,.318,3.8,7.9,.485,1.6,1.9,.850,0.5,3.8,4.3,3.1,0.8,0.5,1.8,2.9,11.5,2018
487,Myles Turner,C,21,IND,65,62,1836,6.0,12.5,.479,1.1,3.1,.357,4.9,9.5,.519,3.1,4.0,.777,1.8,6.4,8.2,1.7,0.7,2.3,1.9,3.6,16.2,2018
488,Ekpe Udoh,C,30,UTA,63,3,810,2.7,5.3,.500,0.0,0.0,.000,2.7,5.3,.504,1.9,2.5,.750,3.0,3.6,6.7,2.4,1.9,3.3,0.9,4.7,7.2,2018
489,Tyler Ulis,PG,22,PHO,71,43,1658,4.6,12.0,.388,0.9,3.2,.288,3.7,8.8,.425,1.8,2.2,.832,0.5,2.3,2.8,6.8,1.5,0.2,2.8,2.6,12.0,2018
490,Jonas Valančiūnas,C,25,TOR,77,77,1727,8.1,14.3,.568,0.6,1.5,.405,7.5,12.8,.587,3.5,4.4,.806,3.8,9.9,13.8,1.7,0.6,1.4,2.4,4.0,20.4,2018
491,Denzel Valentine,SG,24,CHI,77,37,2095,5.2,12.4,.417,2.5,6.4,.386,2.7,6.0,.450,0.7,0.9,.745,0.8,5.9,6.8,4.2,1.1,0.2,1.7,3.2,13.5,2018
492,Fred VanVleet,PG,23,TOR,76,0,1520,5.5,12.9,.426,2.6,6.2,.414,2.9,6.7,.437,2.0,2.4,.832,0.6,3.8,4.4,5.8,1.6,0.5,1.8,3.1,15.5,2018
494,Noah Vonleh,PF,22,TOT,54,16,875,4.3,9.6,.444,0.8,2.7,.303,3.5,6.9,.500,1.5,2.4,.621,2.9,9.9,12.8,1.4,0.8,0.7,1.3,2.8,10.9,2018
495,Nikola Vučević,C,27,ORL,57,57,1683,8.5,18.0,.475,1.4,4.4,.314,7.2,13.6,.527,1.6,2.0,.819,2.2,9.0,11.2,4.1,1.2,1.3,2.3,3.1,20.1,2018
496,Dwyane Wade,SG,36,TOT,67,3,1536,7.0,16.0,.438,0.7,2.6,.288,6.3,13.4,.468,3.2,4.4,.714,1.2,4.7,5.9,5.3,1.4,1.1,3.3,2.9,17.9,2018
498,Kemba Walker,PG,27,CHO,80,80,2736,7.7,17.9,.431,3.0,7.9,.384,4.7,10.0,.469,4.8,5.5,.864,0.4,2.8,3.3,5.8,1.2,0.3,2.4,1.3,23.3,2018
503,T.J. Warren,SF,24,PHO,65,65,2142,8.9,17.9,.498,0.3,1.5,.222,8.6,16.4,.523,3.2,4.3,.757,2.1,3.5,5.6,1.4,1.1,0.7,1.4,2.5,21.4,2018
507,David West,C,37,GSW,73,0,999,7.8,13.6,.571,0.1,0.3,.375,7.7,13.3,.576,2.2,2.8,.759,2.3,6.3,8.6,5.0,1.7,2.7,2.9,4.3,17.8,2018
508,Russell Westbrook,PG,29,OKC,80,80,2914,9.4,20.8,.449,1.2,4.0,.298,8.2,16.8,.485,5.2,7.0,.737,1.9,8.1,9.9,10.1,1.8,0.2,4.7,2.5,25.1,2018
513,Hassan Whiteside,C,28,MIA,54,54,1364,8.2,15.3,.540,0.1,0.1,1.000,8.2,15.2,.538,3.4,4.8,.703,4.6,11.7,16.3,1.4,1.0,2.5,2.4,3.5,19.9,2018
514,Andrew Wiggins,SF,22,MIN,82,82,2979,6.9,15.7,.438,1.4,4.1,.331,5.5,11.6,.475,2.4,3.8,.643,1.0,3.3,4.3,1.9,1.1,0.6,1.7,2.0,17.5,2018
520,Lou Williams,SG,31,LAC,79,19,2589,8.1,18.6,.435,2.6,7.2,.359,5.5,11.4,.484,6.0,6.8,.880,0.6,2.2,2.8,5.8,1.2,0.3,3.3,1.5,24.8,2018
521,Marvin Williams,PF,31,CHO,78,78,2006,4.6,10.1,.458,2.3,5.5,.413,2.4,4.6,.512,1.8,2.2,.829,1.3,5.3,6.6,1.7,1.0,0.7,1.2,2.1,13.4,2018
526,Justise Winslow,PF,21,MIA,68,25,1680,4.4,10.5,.424,1.0,2.8,.380,3.4,7.7,.440,1.4,2.2,.635,1.4,6.6,7.9,3.2,1.2,0.7,1.6,3.0,11.3,2018
530,Delon Wright,PG,25,TOR,69,4,1433,5.0,10.9,.465,1.4,3.8,.366,3.6,7.0,.520,2.4,2.9,.829,1.1,3.8,5.0,5.0,1.8,0.8,2.0,2.0,13.9,2018
533,Joe Young,PG,25,IND,53,1,558,5.2,12.0,.430,1.6,4.3,.379,3.5,7.7,.458,1.4,1.9,.759,0.8,3.3,4.1,2.5,0.9,0.1,1.7,2.5,13.4,2018
534,Nick Young,SG,32,GSW,80,8,1393,5.2,12.6,.412,3.2,8.4,.377,2.0,4.2,.481,1.4,1.7,.862,0.5,2.7,3.2,0.9,1.0,0.2,1.0,2.6,15.0,2018
535,Thaddeus Young,PF,29,IND,81,81,2607,5.8,11.9,.487,0.8,2.5,.320,5.0,9.4,.531,0.8,1.3,.598,2.5,4.5,7.1,2.1,1.9,0.5,1.4,2.4,13.2,2018
537,Tyler Zeller,C,28,TOT,66,34,1109,6.1,10.8,.560,0.3,0.9,.357,5.7,9.9,.578,1.9,2.6,.722,3.6,6.3,9.9,1.5,0.5,1.1,1.5,4.1,14.3,2018
538,Paul Zipser,SF,23,CHI,54,12,824,3.5,10.2,.346,1.6,4.8,.336,1.9,5.4,.355,0.8,1.1,.760,0.6,5.2,5.7,2.0,0.9,0.7,1.9,3.8,9.5,2018
540,Ivica Zubac,C,20,LAL,43,0,410,5.4,10.7,.500,0.0,0.1,.000,5.4,10.6,.504,3.4,4.5,.765,4.0,6.8,10.8,2.2,0.7,1.3,2.3,4.1,14.1,2018
