Rk,Player,Pos,Age,Tm,G,GS,MP,FG,FGA,FG%,3P,3PA,3P%,2P,2PA,2P%,FT,FTA,FT%,ORB,DRB,TRB,AST,STL,BLK,TOV,PF,PTS,Year
1,Shareef Abdur-Rahim,PF,28,POR,54,49,1867,6.5,12.9,.503,0.3,0.8,.385,6.2,12.2,.510,4.2,4.9,.866,2.4,5.2,7.6,2.1,0.9,0.5,2.3,2.9,17.5,2005
4,Ray Allen*,SG,29,SEA,78,78,3064,7.5,17.6,.428,2.5,6.5,.376,5.1,11.0,.459,4.4,5.0,.883,0.9,3.1,4.1,3.4,1.0,0.1,2.0,2.0,21.9,2005
5,Tony Allen,SG,23,BOS,77,34,1262,5.2,11.0,.475,0.3,0.9,.387,4.9,10.2,.483,3.2,4.3,.737,2.4,3.9,6.3,1.8,2.2,0.7,2.2,4.5,14.0,2005
6,Rafer Alston,PG,28,TOR,80,78,2717,5.3,12.9,.414,1.8,5.2,.357,3.5,7.8,.451,2.5,3.4,.740,0.6,3.1,3.7,6.8,1.6,0.1,2.3,2.8,15.1,2005
7,Chris Andersen,C,26,NOH,67,2,1430,4.8,9.0,.534,0.0,0.1,.000,4.8,8.9,.538,3.3,4.8,.689,3.4,6.9,10.3,1.8,0.4,2.5,1.6,3.6,12.9,2005
8,Derek Anderson,SG,30,POR,47,32,1239,4.4,11.4,.389,1.7,4.4,.384,2.7,7.0,.392,2.0,2.5,.805,0.7,3.0,3.7,4.2,1.0,0.1,2.0,2.6,12.6,2005
9,Kenny Anderson,PG,34,TOT,43,20,743,4.1,9.7,.423,0.3,0.6,.462,3.8,9.1,.420,1.3,1.8,.730,1.2,3.1,4.3,5.0,1.6,0.0,2.4,4.2,9.8,2005
10,Shandon Anderson,SF-SG,31,TOT,66,5,1171,3.0,6.7,.452,0.2,0.9,.172,2.9,5.8,.495,1.7,2.0,.818,1.3,4.6,5.9,2.2,1.2,0.4,1.5,4.2,7.8,2005
11,Carmelo Anthony,SF,20,DEN,75,75,2608,7.3,17.0,.431,0.6,2.2,.266,6.7,14.8,.455,6.3,7.9,.796,1.9,3.9,5.9,2.7,0.9,0.4,3.1,3.2,21.5,2005
12,Rafael Araújo,C,24,TOR,59,41,736,3.7,8.6,.434,0.0,0.1,.333,3.7,8.4,.436,2.1,2.7,.782,2.9,6.2,9.0,0.8,1.0,0.4,2.5,7.7,9.6,2005
13,Gilbert Arenas,PG,23,WAS,80,80,3274,7.2,16.7,.431,2.3,6.2,.365,5.0,10.6,.469,5.7,7.0,.814,0.9,3.2,4.2,4.5,1.5,0.3,2.7,2.7,22.4,2005
14,Trevor Ariza,SF,19,NYK,80,12,1382,4.5,10.1,.442,0.1,0.3,.231,4.4,9.8,.449,3.2,4.5,.695,2.3,4.0,6.3,2.2,1.8,0.5,1.9,3.9,12.2,2005
15,Darrell Armstrong,PG,36,TOT,66,16,988,3.2,10.1,.321,1.0,4.0,.252,2.2,6.0,.367,2.1,2.5,.853,1.3,2.9,4.2,6.5,1.6,0.3,2.4,3.4,9.6,2005
16,Carlos Arroyo,PG,25,TOT,70,16,1448,4.2,10.7,.389,0.2,0.7,.267,4.0,9.9,.398,3.0,3.7,.799,0.6,1.9,2.6,7.0,1.1,0.1,2.7,3.6,11.5,2005
17,Chucky Atkins,PG,30,LAL,82,82,2903,4.8,11.3,.426,2.2,5.6,.387,2.6,5.6,.466,2.0,2.5,.803,0.4,2.1,2.4,4.4,0.9,0.0,1.9,2.2,13.8,2005
18,Stacey Augmon,SF,36,ORL,55,7,663,3.7,9.1,.407,0.0,0.0,,3.7,9.1,.407,3.1,4.2,.740,2.4,2.9,5.4,2.0,1.2,0.4,1.7,4.5,10.5,2005
21,Marcus Banks,PG,23,BOS,81,2,1145,3.6,9.0,.402,0.7,1.9,.356,3.0,7.1,.414,3.8,5.1,.742,0.9,3.0,4.0,4.9,2.0,0.4,2.5,4.6,11.7,2005
22,Leandro Barbosa,PG,22,PHO,63,6,1087,5.6,11.7,.475,1.7,4.6,.367,3.9,7.1,.544,1.8,2.3,.797,1.1,3.2,4.3,4.2,1.0,0.2,2.9,4.2,14.6,2005
23,Matt Barnes,SF,24,SAC,43,9,715,3.1,7.6,.411,0.3,1.1,.227,2.9,6.5,.442,1.8,2.9,.603,2.5,4.2,6.7,2.9,1.5,0.4,2.3,4.0,8.3,2005
25,Brent Barry,SG,33,SAS,81,8,1742,4.0,9.5,.423,2.1,5.8,.357,1.9,3.7,.525,2.3,2.8,.837,0.6,3.3,3.9,3.7,0.8,0.4,1.3,2.5,12.4,2005
26,Jon Barry,SG,35,TOT,69,2,1505,3.9,8.8,.438,1.7,3.9,.430,2.2,4.9,.443,1.5,1.7,.873,0.6,3.2,3.8,4.0,1.4,0.2,1.6,2.3,10.9,2005
27,Tony Battie,C,28,ORL,81,32,1894,3.1,6.7,.460,0.0,0.1,.000,3.1,6.6,.468,1.3,1.8,.723,2.1,6.5,8.6,0.8,0.6,1.5,1.5,4.6,7.5,2005
28,Shane Battier,SG,26,MEM,80,72,2516,3.9,8.8,.442,1.0,2.5,.395,2.9,6.2,.461,2.6,3.3,.789,2.3,3.6,5.9,1.8,1.3,1.1,1.1,2.9,11.3,2005
30,Raja Bell,SG,28,UTA,63,32,1790,6.1,13.4,.454,1.1,2.7,.403,5.0,10.7,.467,2.3,3.0,.747,1.0,3.1,4.0,1.8,0.9,0.2,1.6,4.1,15.5,2005
32,Travis Best,PG,32,NJN,76,6,1461,4.7,11.1,.420,0.6,2.1,.306,4.0,9.0,.447,2.7,3.0,.885,0.5,2.2,2.6,3.5,1.6,0.2,1.7,3.6,12.7,2005
33,Mike Bibby,PG,26,SAC,80,80,3084,6.5,14.8,.443,1.5,4.2,.360,5.0,10.5,.477,3.7,4.8,.775,0.9,3.0,3.9,6.3,1.4,0.4,2.4,2.2,18.3,2005
35,Chauncey Billups,PG,28,DET,80,80,2866,5.1,11.5,.442,2.1,4.9,.426,3.0,6.6,.454,4.3,4.8,.898,0.6,2.8,3.4,5.8,1.0,0.1,2.3,2.4,16.5,2005
36,Steve Blake,PG,24,WAS,44,1,648,3.4,10.3,.328,2.0,5.2,.387,1.4,5.2,.269,1.8,2.3,.805,1.0,2.9,3.9,3.8,0.7,0.0,2.2,2.6,10.6,2005
37,Mark Blount,C,29,BOS,82,57,2130,5.5,10.4,.529,0.0,0.0,.000,5.5,10.4,.530,2.0,2.8,.713,2.4,4.3,6.7,2.2,0.6,1.1,2.7,3.9,13.0,2005
39,Keith Bogans,SG,24,CHA,74,42,1791,5.3,13.8,.381,1.1,3.5,.329,4.1,10.4,.398,2.7,3.7,.727,1.5,3.0,4.5,2.7,1.4,0.2,2.5,3.4,14.4,2005
40,Matt Bonner,C,24,TOR,82,0,1553,5.7,10.7,.533,0.9,2.1,.424,4.8,8.6,.561,1.3,1.6,.789,2.5,4.1,6.6,1.1,0.9,0.4,0.9,5.1,13.7,2005
41,Calvin Booth,C,28,TOT,51,1,451,3.9,8.6,.454,0.0,0.1,.000,3.9,8.5,.458,2.1,2.6,.813,2.3,6.2,8.5,0.6,1.2,2.2,1.3,6.2,9.9,2005
42,Carlos Boozer,PF,23,UTA,51,51,1772,7.3,14.1,.521,0.0,0.0,.000,7.3,14.1,.522,3.8,5.4,.698,2.9,6.4,9.3,2.9,0.8,0.5,2.8,3.6,18.5,2005
43,Curtis Borchardt,C,24,UTA,67,23,859,3.1,7.2,.430,0.0,0.0,,3.1,7.2,.430,2.2,3.0,.732,3.6,5.8,9.4,2.1,0.4,1.3,2.2,6.7,8.4,2005
44,Chris Bosh*,PF,20,TOR,81,81,3017,5.6,12.0,.471,0.0,0.1,.300,5.6,11.9,.472,4.9,6.5,.760,2.3,6.3,8.6,1.8,0.9,1.3,2.2,2.7,16.2,2005
45,Bruce Bowen,SF,33,SAS,82,82,2627,3.4,8.2,.420,1.4,3.5,.403,2.0,4.7,.432,1.0,1.5,.634,0.7,3.2,3.9,1.7,0.8,0.5,0.8,2.4,9.3,2005
46,Ryan Bowen,SF,29,HOU,66,6,604,2.8,6.6,.423,0.2,0.4,.500,2.6,6.3,.419,0.8,1.3,.667,1.3,3.3,4.5,1.1,1.4,0.3,0.4,3.6,6.6,2005
47,Earl Boykins,PG,28,DEN,82,5,2162,5.7,13.7,.413,0.9,2.8,.337,4.7,11.0,.432,4.6,5.0,.921,0.6,1.8,2.4,6.2,1.3,0.2,2.0,2.0,16.9,2005
49,Shawn Bradley,C,32,DAL,77,14,885,3.4,7.6,.452,0.0,0.0,,3.4,7.6,.452,1.7,2.6,.683,2.8,5.9,8.7,0.6,1.0,2.6,1.3,6.2,8.6,2005
51,Elton Brand,PF,25,LAC,81,81,3001,7.5,15.0,.503,0.0,0.0,.000,7.5,15.0,.504,4.4,5.8,.752,3.6,5.7,9.2,2.5,0.7,2.0,2.2,2.9,19.5,2005
53,Primož Brezec,C,25,CHA,72,72,2276,6.1,12.0,.512,0.0,0.0,,6.1,12.0,.512,2.6,3.5,.745,3.6,4.8,8.4,1.4,0.5,0.9,1.7,2.9,14.8,2005
55,Devin Brown,SG,26,SAS,67,0,1238,5.0,11.9,.423,1.3,3.5,.372,3.7,8.4,.444,3.0,3.8,.792,1.1,4.0,5.1,2.7,1.1,0.3,1.5,2.4,14.4,2005
57,Kwame Brown,PF,22,WAS,42,14,908,4.3,9.4,.460,0.0,0.0,,4.3,9.4,.460,2.9,5.1,.574,2.9,5.3,8.2,1.5,1.0,0.6,2.7,4.4,11.6,2005
58,P.J. Brown,PF,35,NOH,82,78,2817,4.3,9.7,.446,0.0,0.0,,4.3,9.7,.446,2.7,3.1,.864,3.4,6.0,9.4,2.3,0.9,0.6,1.3,3.0,11.3,2005
59,Tierre Brown,PG,25,LAL,76,0,1066,4.2,11.8,.356,0.9,2.4,.361,3.3,9.3,.355,2.0,2.5,.787,0.7,2.4,3.1,5.2,1.1,0.0,2.5,2.0,11.2,2005
60,Rick Brunson,PG,32,LAC,80,39,1945,3.1,8.2,.376,0.9,2.4,.369,2.2,5.8,.378,1.1,1.4,.770,0.4,3.0,3.5,7.6,1.5,0.1,2.3,2.0,8.1,2005
61,Kobe Bryant*,SG,26,LAL,66,66,2689,7.7,17.7,.433,1.8,5.2,.339,5.9,12.5,.472,7.3,8.9,.816,1.3,4.0,5.2,5.3,1.2,0.7,3.6,2.3,24.4,2005
62,Greg Buckner,SG,28,DEN,70,41,1522,3.8,7.2,.528,1.2,2.9,.405,2.6,4.3,.610,1.5,1.9,.778,1.6,3.4,4.9,3.1,1.8,0.1,1.2,4.0,10.2,2005
63,Rodney Buford,SF,27,NJN,64,17,1313,5.1,13.4,.382,0.9,3.0,.315,4.2,10.4,.402,1.0,1.2,.822,0.9,4.3,5.2,1.7,1.1,0.1,1.0,2.8,12.2,2005
65,Caron Butler,SF,24,LAL,77,77,2746,5.8,13.0,.445,0.5,1.6,.304,5.3,11.4,.465,3.6,4.2,.862,1.9,4.0,5.9,1.9,1.4,0.3,1.6,2.8,15.7,2005
67,Rasual Butler,SF,25,MIA,65,15,1203,4.9,12.2,.399,1.7,4.6,.373,3.2,7.7,.414,1.1,1.4,.771,0.4,4.1,4.5,1.9,0.5,0.9,1.1,3.1,12.6,2005
69,Marcus Camby,C,30,DEN,66,66,2015,5.0,10.7,.465,0.0,0.1,.000,5.0,10.6,.468,2.2,3.1,.723,2.3,9.5,11.8,2.7,1.1,3.6,1.8,3.2,12.2,2005
71,Brian Cardinal,PF,27,MEM,58,16,1433,4.0,10.9,.370,1.1,3.1,.352,2.9,7.7,.378,4.0,4.5,.873,1.6,4.1,5.7,2.9,2.2,0.5,2.1,4.3,13.1,2005
74,Anthony Carter,PG,29,MIN,66,12,742,3.5,8.6,.407,0.1,0.8,.118,3.4,7.8,.438,1.7,2.5,.686,0.6,2.8,3.3,7.8,1.7,0.9,3.0,4.3,8.8,2005
75,Vince Carter,SF-SG,28,TOT,77,76,2828,8.9,19.6,.452,1.6,4.0,.406,7.2,15.6,.463,4.7,5.9,.798,1.3,3.8,5.1,4.2,1.4,0.6,2.1,3.1,24.0,2005
76,Sam Cassell,PG,35,MIN,59,38,1522,7.5,16.2,.464,0.6,2.4,.262,6.9,13.8,.500,3.2,3.7,.865,0.6,3.1,3.7,7.1,0.9,0.3,2.6,3.8,18.9,2005
77,Kelvin Cato,C,30,ORL,62,50,1525,3.8,7.0,.539,0.0,0.0,,3.8,7.0,.539,2.6,3.4,.783,2.4,7.4,9.8,0.9,1.3,1.9,1.5,4.0,10.2,2005
79,Tyson Chandler,C,22,CHI,80,10,2189,3.4,6.9,.494,0.0,0.0,.000,3.4,6.9,.496,3.7,5.5,.673,4.3,8.5,12.7,1.1,1.1,2.3,1.9,4.4,10.5,2005
80,Calbert Cheaney,SG,33,GSW,55,5,951,4.3,10.0,.426,0.0,0.1,.000,4.3,9.9,.431,0.9,1.4,.649,1.2,3.5,4.7,2.4,0.6,0.6,1.3,3.6,9.5,2005
81,Josh Childress,SG,21,ATL,80,44,2376,4.6,9.7,.470,0.2,0.8,.232,4.4,8.9,.493,2.9,3.5,.823,3.0,4.3,7.3,2.3,1.1,0.5,1.6,2.8,12.2,2005
82,Doug Christie,SG,34,TOT,52,44,1525,3.1,7.8,.392,0.4,1.5,.242,2.7,6.4,.426,1.7,1.8,.897,0.9,3.3,4.2,4.7,1.9,0.4,2.5,2.5,8.1,2005
83,Speedy Claxton,PG,26,TOT,62,47,1866,5.0,11.8,.421,0.2,1.2,.180,4.7,10.6,.447,3.6,4.9,.736,0.7,2.8,3.5,7.2,2.1,0.2,2.3,3.5,13.7,2005
86,Jason Collier,C,27,ATL,70,44,942,6.6,14.4,.463,0.2,0.5,.429,6.4,13.8,.464,1.8,2.7,.676,3.2,3.8,7.0,0.7,0.6,0.5,2.4,5.6,15.4,2005
87,Jarron Collins,C,26,UTA,50,38,961,2.4,5.9,.414,0.0,0.0,.000,2.4,5.8,.417,3.1,4.5,.697,2.1,4.0,6.1,2.3,0.4,0.2,1.3,5.5,8.0,2005
88,Jason Collins,C,26,NJN,80,80,2542,2.6,6.4,.412,0.0,0.1,.333,2.6,6.3,.413,1.9,3.0,.656,2.2,4.7,6.9,1.5,1.0,1.0,1.3,4.6,7.2,2005
89,Nick Collison,C,24,SEA,82,4,1396,4.9,9.1,.537,0.0,0.1,.000,4.9,9.1,.541,2.1,3.0,.703,4.0,5.7,9.7,0.8,0.9,1.3,1.6,6.5,11.9,2005
90,Brian Cook,C,24,LAL,72,0,1087,5.8,14.0,.417,2.6,6.6,.392,3.2,7.4,.439,0.9,1.2,.757,2.1,5.1,7.2,1.2,0.8,0.9,1.0,4.6,15.2,2005
92,Jamal Crawford,SG,24,NYK,70,67,2688,5.9,14.7,.398,2.5,6.9,.361,3.4,7.8,.431,2.4,2.9,.843,0.4,2.3,2.7,4.0,1.2,0.3,2.0,1.8,16.6,2005
93,Austin Croshere,PF,29,IND,73,22,1827,3.7,9.8,.378,0.9,3.4,.259,2.8,6.4,.443,4.5,5.0,.883,2.0,5.4,7.4,1.9,0.9,0.3,2.0,3.0,12.7,2005
94,Eddy Curry,C,22,CHI,63,60,1808,7.8,14.5,.538,0.0,0.0,,7.8,14.5,.538,4.5,6.3,.720,2.3,4.4,6.7,0.7,0.4,1.2,3.2,4.0,20.2,2005
96,Samuel Dalembert,C,23,PHI,72,60,1785,5.0,9.6,.524,0.0,0.0,,5.0,9.6,.524,1.8,3.0,.601,3.8,7.2,10.9,0.7,0.9,2.4,2.3,4.9,11.9,2005
97,Erick Dampier,C,29,DAL,59,56,1609,4.5,8.2,.550,0.0,0.1,.000,4.5,8.1,.555,3.1,5.1,.605,4.1,7.1,11.2,1.1,0.3,1.8,2.3,4.6,12.1,2005
98,Antonio Daniels,PG,29,SEA,75,2,2026,4.9,11.1,.438,0.9,2.9,.297,4.0,8.1,.489,4.4,5.4,.816,0.4,2.6,3.0,5.5,0.9,0.1,1.4,1.4,15.0,2005
100,Marquis Daniels,SG,24,DAL,60,17,1412,5.6,12.8,.437,0.2,0.9,.200,5.4,12.0,.454,2.5,3.4,.737,2.2,3.3,5.5,3.3,2.1,0.4,2.2,3.2,13.9,2005
101,Antonio Davis,PF,36,CHI,72,62,1843,3.8,8.2,.461,0.0,0.0,,3.8,8.2,.461,2.2,3.0,.757,3.0,5.4,8.4,1.6,0.5,0.8,1.9,2.9,9.8,2005
102,Baron Davis,PG,25,TOT,46,32,1581,6.6,17.1,.387,2.7,8.1,.333,3.9,9.1,.435,4.2,5.5,.761,0.7,3.3,4.0,8.2,1.8,0.3,3.0,2.9,20.2,2005
103,Dale Davis,C,35,TOT,61,28,1307,3.1,6.4,.479,0.0,0.0,,3.1,6.4,.479,1.7,2.7,.606,4.2,6.1,10.3,1.3,0.9,1.8,1.2,4.5,7.8,2005
104,Josh Davis,PF,24,PHI,42,5,328,4.6,12.2,.378,2.1,5.8,.358,2.5,6.4,.397,1.5,1.9,.824,3.2,5.5,8.7,1.3,0.9,0.4,1.6,4.9,12.8,2005
105,Ricky Davis,SG,25,BOS,82,11,2696,6.4,13.9,.462,0.8,2.4,.339,5.6,11.5,.488,3.8,4.7,.815,0.9,2.4,3.3,3.3,1.2,0.4,2.7,2.3,17.5,2005
108,Tony Delk,SG,31,ATL,56,1,1340,6.6,15.9,.416,1.9,5.4,.356,4.7,10.5,.447,2.8,3.7,.757,0.8,2.7,3.5,2.8,1.3,0.1,1.5,3.3,17.9,2005
109,Luol Deng,SF,19,CHI,61,45,1663,6.1,14.0,.434,0.7,2.5,.265,5.4,11.4,.472,2.6,3.5,.741,2.0,5.0,7.0,2.9,1.0,0.6,2.6,2.1,15.4,2005
110,Boris Diaw,SG,22,ATL,66,25,1201,3.7,8.8,.422,0.3,1.5,.180,3.4,7.3,.471,1.7,2.3,.740,1.6,3.5,5.1,4.5,1.1,0.5,2.6,3.7,9.4,2005
111,Dan Dickau,PG,26,TOT,71,46,2090,5.3,13.0,.405,1.5,4.2,.347,3.8,8.8,.432,3.3,3.9,.833,0.6,2.5,3.1,6.0,1.3,0.1,2.5,3.5,15.3,2005
115,Juan Dixon,SG,26,WAS,63,4,1054,6.4,15.3,.416,1.6,5.0,.327,4.7,10.2,.460,3.0,3.3,.897,1.1,3.0,4.1,3.8,1.5,0.1,2.3,3.3,17.3,2005
116,Michael Doleac,C,27,MIA,80,8,1175,4.5,10.1,.447,0.0,0.1,.000,4.5,10.1,.450,0.8,1.3,.610,2.3,5.7,7.9,1.4,0.7,0.7,1.1,4.9,9.8,2005
117,Keyon Dooling,PG,24,MIA,74,0,1184,4.2,10.5,.403,0.6,2.3,.253,3.6,8.2,.444,2.6,3.3,.780,0.3,2.4,2.7,4.0,1.2,0.3,2.0,3.6,11.6,2005
118,Predrag Drobnjak,C,29,ATL,71,1,1435,6.0,13.6,.438,0.6,1.8,.352,5.3,11.8,.451,2.4,3.0,.800,1.8,4.1,6.0,1.2,1.1,0.6,2.0,3.5,15.0,2005
119,Chris Duhon,PG,22,CHI,82,73,2177,2.8,8.1,.352,1.6,4.4,.355,1.3,3.7,.350,0.8,1.1,.731,0.4,3.1,3.5,6.6,1.4,0.0,2.0,3.4,8.1,2005
120,Tim Duncan*,PF,28,SAS,66,66,2203,8.4,17.0,.496,0.0,0.1,.333,8.4,16.9,.498,5.0,7.4,.670,3.3,8.7,12.0,2.9,0.7,2.8,2.1,2.4,21.9,2005
121,Mike Dunleavy,SF,24,GSW,79,79,2570,5.7,12.7,.451,1.5,3.9,.388,4.2,8.8,.479,1.9,2.4,.779,1.4,4.7,6.1,2.8,1.1,0.4,1.8,2.8,14.8,2005
122,Ronald Dupree,SF,24,DET,47,0,472,4.7,9.7,.480,0.1,0.2,.500,4.6,9.5,.480,2.2,3.6,.617,2.6,4.7,7.2,1.8,0.5,0.8,1.7,4.6,11.6,2005
126,Howard Eisley,PG,32,UTA,74,1,1428,4.1,10.2,.398,0.7,2.6,.262,3.4,7.6,.444,1.7,2.1,.795,0.4,1.9,2.3,6.3,1.1,0.2,2.8,3.9,10.5,2005
127,Obinna Ekezie,C,29,ATL,42,31,732,3.9,9.0,.434,0.0,0.0,.000,3.9,8.9,.436,3.5,4.6,.774,3.4,5.4,8.8,0.5,1.1,0.6,2.2,6.3,11.3,2005
128,Francisco Elson,C,28,DEN,67,11,939,3.9,8.3,.468,0.0,0.1,.333,3.8,8.2,.469,1.7,3.0,.570,2.3,5.4,7.7,1.3,1.3,1.6,1.5,4.9,9.5,2005
129,Melvin Ely,PF,26,CHA,79,17,1649,5.0,11.5,.432,0.0,0.0,,5.0,11.5,.432,2.7,4.6,.575,3.1,4.0,7.1,1.7,0.7,1.5,2.5,4.3,12.6,2005
131,Maurice Evans,SG,26,SAC,65,11,1233,4.8,10.9,.442,0.8,2.4,.329,4.0,8.5,.474,1.7,2.3,.756,2.6,3.3,5.9,1.3,1.1,0.2,1.0,3.0,12.1,2005
132,Reggie Evans,PF,24,SEA,79,79,1881,2.5,5.3,.476,0.0,0.0,.000,2.5,5.2,.480,2.4,4.5,.534,4.9,9.2,14.1,1.1,1.1,0.3,2.0,3.9,7.4,2005
133,Michael Finley,SG,31,DAL,64,64,2358,5.9,13.8,.427,1.8,4.4,.407,4.1,9.5,.436,1.7,2.1,.831,0.7,3.3,4.0,2.6,0.7,0.3,0.9,1.9,15.3,2005
134,Derek Fisher,PG,30,GSW,74,32,2222,4.8,12.2,.393,1.7,4.7,.371,3.1,7.5,.407,2.8,3.3,.862,0.6,2.9,3.5,4.9,1.2,0.1,2.1,2.9,14.2,2005
135,Marcus Fizer,PF,26,MIL,54,0,903,5.3,11.6,.455,0.0,0.2,.000,5.3,11.4,.465,2.8,4.1,.680,1.2,5.8,7.0,2.6,1.0,0.5,2.5,3.8,13.4,2005
137,Danny Fortson,C,28,SEA,62,0,1047,4.1,7.8,.522,0.0,0.0,,4.1,7.8,.522,7.8,8.9,.880,5.4,6.6,12.0,0.3,0.5,0.2,3.1,9.1,15.9,2005
138,Jeff Foster,C,28,IND,61,43,1594,3.8,7.3,.519,0.0,0.1,.000,3.8,7.2,.527,2.0,3.2,.634,4.6,7.8,12.4,1.0,1.0,0.3,1.2,4.2,9.6,2005
140,Adonal Foyle,C,29,GSW,78,50,1700,3.3,6.6,.502,0.0,0.0,,3.3,6.6,.502,0.8,1.5,.556,3.5,5.6,9.1,1.2,0.6,3.4,1.2,4.3,7.5,2005
141,Richie Frahm,SG,27,POR,43,0,499,4.0,10.1,.400,2.2,5.8,.388,1.8,4.3,.417,1.5,1.8,.840,1.2,3.2,4.4,2.2,1.1,0.3,1.0,2.5,11.8,2005
142,Steve Francis,PG,27,ORL,78,78,2978,6.8,16.1,.423,0.5,1.5,.299,6.3,14.5,.436,6.0,7.3,.823,1.5,3.9,5.4,6.6,1.4,0.3,3.8,3.3,20.1,2005
145,Dan Gadzuric,C,26,MIL,81,81,1783,4.9,9.1,.539,0.0,0.0,,4.9,9.1,.539,2.2,4.0,.538,5.3,8.3,13.6,0.6,0.9,2.1,1.6,4.5,12.0,2005
148,Kevin Garnett*,PF,28,MIN,82,82,3121,7.9,15.7,.502,0.1,0.3,.240,7.8,15.4,.507,5.1,6.3,.811,2.8,9.9,12.8,5.4,1.4,1.3,2.6,2.4,21.0,2005
149,Pat Garrity,PF,28,ORL,71,0,955,4.6,11.5,.402,1.8,5.5,.333,2.8,6.0,.465,1.1,1.2,.879,0.8,3.9,4.7,1.1,0.7,0.3,1.1,4.0,12.2,2005
150,Pau Gasol,PF,24,MEM,56,53,1790,7.2,14.0,.514,0.0,0.1,.167,7.2,13.9,.517,5.7,7.4,.768,2.6,5.6,8.2,2.7,0.7,1.9,2.8,2.9,20.1,2005
152,Eddie Gill,PG,26,IND,73,3,1021,2.9,8.5,.335,1.3,4.1,.308,1.6,4.4,.360,2.5,2.9,.877,0.6,3.4,3.9,2.9,2.1,0.2,2.1,3.7,9.5,2005
154,Manu Ginóbili*,SG,27,SAS,74,74,2193,6.0,12.8,.471,1.6,4.2,.376,4.4,8.6,.517,5.8,7.3,.803,1.2,4.2,5.4,4.7,2.0,0.4,2.8,3.1,19.5,2005
155,Gordan Giriček,SG,27,UTA,81,44,1660,6.1,13.7,.448,0.8,2.3,.362,5.3,11.4,.465,2.4,3.0,.810,0.5,3.4,3.9,3.0,1.0,0.2,2.0,3.4,15.5,2005
158,Drew Gooden,PF,23,CLE,82,80,2523,6.6,13.5,.492,0.1,0.4,.179,6.5,13.1,.502,3.6,4.4,.810,3.0,7.8,10.7,1.9,1.1,1.1,1.9,3.3,16.9,2005
159,Ben Gordon,SG,21,CHI,82,3,2002,7.8,19.0,.411,2.4,6.0,.405,5.4,13.0,.414,4.2,4.9,.863,1.0,2.9,3.9,2.9,1.0,0.2,3.3,4.0,22.2,2005
160,Brian Grant,C,32,LAL,69,8,1136,3.3,6.6,.493,0.0,0.0,,3.3,6.6,.493,1.8,2.5,.722,3.2,4.9,8.1,1.1,0.7,0.7,1.4,5.5,8.3,2005
161,Willie Green,SG,23,PHI,57,21,1066,5.2,14.3,.366,1.0,3.5,.286,4.2,10.7,.393,3.3,4.2,.776,0.7,3.7,4.5,3.4,1.1,0.2,2.5,4.1,14.8,2005
162,Adrian Griffin,SF,30,CHI,69,1,667,3.1,8.7,.360,0.1,0.5,.222,3.0,8.2,.368,1.8,2.4,.750,2.8,5.1,7.9,2.9,2.3,0.2,1.6,4.2,8.1,2005
163,Eddie Griffin,PF,22,MIN,70,0,1492,4.9,12.6,.387,1.6,4.9,.328,3.3,7.7,.425,1.4,1.9,.718,3.1,7.8,10.9,1.3,0.6,2.8,1.3,2.9,12.7,2005
164,Tom Gugliotta,PF,35,TOT,47,9,966,3.7,9.0,.411,0.3,1.0,.308,3.4,8.0,.423,1.2,1.6,.767,2.1,5.0,7.1,2.5,1.5,0.6,2.1,3.9,8.9,2005
166,Darvin Ham,SF,31,DET,47,0,275,2.2,4.8,.459,0.0,0.0,,2.2,4.8,.459,1.6,4.1,.387,2.5,2.1,4.6,0.7,0.8,0.9,1.0,5.1,6.0,2005
167,Richard Hamilton,SG,26,DET,76,76,2926,6.3,14.3,.440,0.4,1.5,.305,5.8,12.8,.455,4.5,5.3,.858,0.9,2.7,3.6,4.6,0.9,0.2,2.7,2.9,17.5,2005
171,Matt Harpring,SF,28,UTA,78,55,2584,5.8,11.9,.489,0.1,0.6,.209,5.7,11.3,.504,3.4,4.4,.778,2.7,4.0,6.7,2.0,1.0,0.2,1.9,3.5,15.2,2005
172,Al Harrington,SF,24,ATL,66,66,2550,6.4,13.9,.459,0.2,1.0,.216,6.2,12.9,.479,3.3,5.0,.672,2.0,4.5,6.5,2.9,1.2,0.2,2.9,3.5,16.3,2005
174,Othella Harrington,PF,31,CHI,70,28,1271,6.1,12.0,.512,0.0,0.0,,6.1,12.0,.512,3.6,5.0,.718,3.0,5.3,8.3,1.6,0.7,0.5,2.4,5.3,15.9,2005
175,Devin Harris,PG,21,DAL,76,19,1173,4.8,11.2,.429,1.4,4.0,.336,3.5,7.2,.481,2.4,3.2,.757,0.9,2.3,3.1,5.2,2.4,0.6,2.5,4.3,13.4,2005
176,Lucious Harris,SG,34,CLE,73,4,1128,3.8,9.5,.395,0.7,2.1,.323,3.1,7.5,.415,1.8,2.2,.812,1.2,2.6,3.9,1.6,0.9,0.2,0.9,2.2,10.0,2005
177,David Harrison,C,22,IND,43,14,760,5.0,8.7,.576,0.0,0.0,,5.0,8.7,.576,2.5,4.3,.571,2.3,4.1,6.4,0.6,0.8,2.6,2.5,6.3,12.5,2005
178,Jason Hart,PG,26,CHA,74,27,1887,4.9,10.9,.449,0.7,1.8,.368,4.2,9.1,.464,3.0,3.8,.785,0.3,3.5,3.9,7.0,1.9,0.3,1.9,3.2,13.5,2005
180,Udonis Haslem,PF,24,MIA,80,80,2675,4.7,8.6,.540,0.0,0.1,.000,4.7,8.6,.543,2.4,3.0,.791,3.2,6.6,9.8,1.5,0.8,0.6,1.5,3.5,11.7,2005
181,Trenton Hassell,SG,25,MIN,82,51,2068,3.9,8.3,.474,0.0,0.2,.091,3.9,8.1,.483,1.6,2.0,.789,1.4,2.4,3.8,2.2,0.5,0.5,1.1,3.5,9.4,2005
182,Jarvis Hayes,SF,23,WAS,54,22,1560,4.8,12.2,.389,1.0,2.8,.341,3.8,9.4,.403,2.3,2.7,.839,0.9,4.3,5.2,2.1,1.1,0.2,1.4,2.5,12.8,2005
183,Brendan Haywood,C,25,WAS,68,68,1865,4.6,8.2,.560,0.0,0.0,,4.6,8.2,.560,3.1,5.0,.609,3.9,5.1,9.0,1.1,1.0,2.2,1.9,4.2,12.3,2005
184,Alan Henderson,PF,32,DAL,78,10,1203,3.5,6.6,.527,0.0,0.1,.000,3.5,6.5,.532,1.2,2.3,.539,4.9,5.5,10.4,0.6,0.9,1.1,1.5,4.5,8.2,2005
185,Nenê,C,22,DEN,55,18,1317,5.3,10.6,.503,0.0,0.1,.000,5.3,10.5,.505,3.8,5.8,.660,2.8,6.0,8.9,2.3,1.4,1.3,2.6,4.6,14.4,2005
186,Grant Hill*,SF,32,ORL,67,67,2338,8.0,15.6,.509,0.0,0.2,.231,7.9,15.4,.513,4.3,5.3,.821,1.2,3.7,4.9,3.4,1.5,0.4,2.5,2.2,20.3,2005
187,Kirk Hinrich,PG,24,CHI,77,77,2800,5.7,14.4,.397,1.9,5.2,.355,3.9,9.2,.420,2.2,2.8,.792,0.4,3.5,3.9,6.4,1.6,0.3,2.3,3.1,15.5,2005
188,Fred Hoiberg,SG,32,MIN,76,0,1272,3.9,8.0,.489,2.0,4.1,.483,2.0,3.9,.496,2.5,2.9,.873,0.9,4.2,5.1,2.4,1.4,0.4,0.6,3.0,12.4,2005
189,Robert Horry,PF,34,SAS,75,16,1396,4.0,9.7,.419,1.3,3.6,.370,2.7,6.1,.447,2.2,2.8,.789,2.3,4.6,6.9,2.1,1.7,1.5,1.8,3.6,11.6,2005
190,Eddie House,PG-SG,26,TOT,68,7,891,6.7,14.8,.451,1.8,3.9,.454,4.9,10.9,.450,0.9,1.1,.852,0.6,2.7,3.4,3.9,1.8,0.2,1.4,2.6,16.0,2005
192,Dwight Howard,PF,19,ORL,82,82,2670,4.7,9.1,.520,0.0,0.0,.000,4.7,9.1,.521,3.7,5.6,.671,3.9,7.2,11.1,1.0,1.0,1.8,2.2,3.1,13.2,2005
193,Josh Howard,SF,24,DAL,76,76,2446,5.5,11.7,.475,0.5,1.7,.296,5.0,10.0,.506,2.5,3.4,.733,2.5,4.6,7.1,1.6,1.7,0.7,1.8,3.1,14.1,2005
194,Juwan Howard,PF,31,HOU,61,47,1624,5.4,12.0,.451,0.0,0.0,.000,5.4,12.0,.452,2.2,2.5,.843,2.8,4.9,7.7,2.1,0.7,0.1,1.8,3.2,13.0,2005
195,Troy Hudson,PG,28,MIN,79,32,1729,5.5,13.8,.401,1.9,5.4,.345,3.7,8.5,.436,1.5,1.9,.778,0.4,1.8,2.2,5.9,0.6,0.1,2.4,2.5,14.4,2005
196,Larry Hughes,SG,26,WAS,61,61,2358,7.1,16.6,.430,0.9,3.2,.282,6.2,13.4,.465,5.4,6.9,.777,1.1,4.7,5.8,4.4,2.7,0.3,2.3,2.6,20.5,2005
198,Kris Humphries,PF,19,UTA,67,4,873,4.8,11.8,.404,0.1,0.2,.333,4.7,11.6,.406,1.8,4.2,.436,3.0,5.1,8.1,1.8,1.0,0.7,2.1,4.0,11.5,2005
200,Lindsey Hunter,SG,34,DET,76,3,1144,3.4,9.5,.358,0.7,2.6,.274,2.7,6.9,.390,1.4,1.8,.793,1.2,2.7,3.9,4.1,2.1,0.4,2.1,3.9,9.0,2005
201,Steven Hunter,C,23,PHO,76,3,1046,4.6,7.6,.614,0.0,0.0,.000,4.6,7.5,.616,2.7,5.6,.479,3.4,4.4,7.8,0.4,0.1,3.5,1.5,4.5,12.0,2005
202,Andre Iguodala,SG,21,PHI,82,82,2686,3.6,7.3,.493,0.6,1.9,.331,3.0,5.4,.550,2.1,2.8,.743,1.2,5.0,6.2,3.3,1.8,0.6,1.9,2.7,9.9,2005
203,Zydrunas Ilgauskas,C,29,CLE,78,78,2615,6.3,13.5,.468,0.0,0.1,.286,6.3,13.4,.469,5.5,6.9,.799,4.1,5.1,9.3,1.4,0.7,2.3,2.6,4.3,18.2,2005
205,Allen Iverson*,PG,29,PHI,75,75,3174,8.7,20.6,.424,1.2,3.8,.308,7.6,16.8,.451,7.4,8.9,.835,0.6,2.8,3.4,6.8,2.0,0.1,3.9,1.6,26.1,2005
206,Royal Ivey,PG,23,ATL,62,5,809,3.8,8.8,.429,0.1,0.4,.333,3.6,8.4,.434,2.1,3.0,.701,0.8,2.9,3.7,4.6,1.7,0.3,2.6,6.2,9.8,2005
209,Jim Jackson,SF,34,TOT,64,27,1987,4.5,10.5,.426,2.2,5.3,.414,2.3,5.2,.439,1.0,1.1,.931,0.6,4.3,4.9,3.3,0.6,0.1,2.1,2.8,12.2,2005
211,Marc Jackson,C,30,PHI,81,23,1976,6.2,13.3,.465,0.0,0.0,.000,6.2,13.3,.466,5.3,6.4,.828,3.4,4.0,7.4,1.5,0.6,0.3,2.4,3.1,17.7,2005
212,Stephen Jackson,SF,26,IND,51,49,1806,6.6,16.3,.403,2.1,5.7,.360,4.5,10.6,.426,3.8,4.6,.830,0.9,4.1,5.0,2.4,1.3,0.3,2.5,3.1,19.0,2005
213,Casey Jacobsen,SG-SF,23,TOT,84,1,1798,3.3,8.2,.404,1.3,3.5,.373,2.0,4.6,.429,3.0,3.8,.786,0.7,2.6,3.3,2.3,0.7,0.2,1.4,2.1,11.0,2005
214,Jerome James,C,29,SEA,80,80,1330,4.7,9.3,.509,0.0,0.1,.000,4.7,9.2,.512,1.3,1.8,.723,2.2,4.3,6.5,0.5,0.6,3.0,2.4,7.6,10.7,2005
215,LeBron James,SF,20,CLE,80,80,3388,8.4,17.9,.472,1.1,3.3,.351,7.3,14.6,.499,5.1,6.8,.750,1.2,5.1,6.2,6.1,1.9,0.6,2.8,1.6,23.1,2005
216,Mike James,PG,29,TOT,74,5,1859,6.4,14.5,.441,1.9,5.0,.386,4.5,9.5,.470,2.1,2.8,.752,0.7,3.4,4.0,5.1,1.3,0.1,2.1,3.4,16.9,2005
217,Antawn Jamison,PF,28,WAS,68,68,2605,7.2,16.4,.437,1.0,2.9,.341,6.2,13.6,.457,3.1,4.1,.760,2.2,5.0,7.2,2.1,0.8,0.2,1.6,2.1,18.4,2005
218,Marko Jarić,PG,26,LAC,50,41,1656,4.1,9.9,.414,1.2,3.3,.371,2.9,6.7,.435,1.3,1.8,.720,0.4,3.1,3.5,6.6,1.8,0.4,2.1,2.3,10.7,2005
219,Al Jefferson,PF,20,BOS,71,1,1051,6.7,12.6,.528,0.0,0.1,.000,6.7,12.5,.533,2.9,4.6,.630,4.1,6.6,10.7,0.8,0.8,1.9,2.3,6.7,16.3,2005
221,Jared Jeffries,SF,23,WAS,77,71,2007,3.6,7.8,.468,0.3,0.9,.314,3.4,6.9,.488,1.8,3.1,.584,2.7,4.0,6.7,2.7,1.2,0.6,2.0,3.7,9.4,2005
224,Anthony Johnson,PG,30,IND,63,36,1747,4.2,9.4,.445,0.8,2.2,.380,3.3,7.2,.466,1.8,2.3,.752,0.7,3.0,3.7,6.2,1.2,0.3,2.0,3.0,11.0,2005
225,DerMarr Johnson,SG,24,DEN,71,40,1232,5.4,10.8,.499,1.5,4.3,.358,3.9,6.5,.592,2.3,3.0,.792,1.3,3.2,4.4,2.2,1.3,0.5,1.9,4.1,14.7,2005
226,Ervin Johnson,C,37,MIN,46,23,410,2.5,4.7,.519,0.1,0.1,1.000,2.4,4.7,.509,1.4,2.2,.640,3.8,6.1,9.9,0.5,0.6,1.1,1.6,7.6,6.4,2005
227,Joe Johnson,SF,23,PHO,82,82,3240,6.0,13.1,.461,2.0,4.1,.478,4.1,9.0,.454,1.5,2.0,.750,1.3,3.4,4.7,3.2,0.9,0.3,1.6,1.9,15.6,2005
229,Dahntay Jones,SG,24,MEM,52,7,649,4.6,10.5,.437,1.3,3.3,.383,3.3,7.2,.462,2.4,3.6,.688,0.6,3.2,3.8,1.2,0.7,0.6,1.6,4.5,12.9,2005
230,Damon Jones,PG,28,MIA,82,66,2576,4.6,10.1,.456,3.1,7.3,.432,1.5,2.9,.517,1.0,1.2,.791,0.2,3.0,3.2,4.9,0.6,0.1,1.4,1.7,13.3,2005
231,Eddie Jones,SF,33,MIA,80,80,2839,4.5,10.4,.428,1.8,4.8,.372,2.7,5.6,.477,2.2,2.7,.806,0.5,4.7,5.1,2.7,1.1,0.5,1.3,3.2,12.9,2005
232,Fred Jones,SG,25,IND,77,14,2268,4.4,10.3,.425,1.4,3.6,.380,3.0,6.6,.450,2.8,3.3,.850,0.5,3.3,3.8,3.1,1.0,0.5,1.8,2.7,12.9,2005
233,James Jones,SF,24,IND,75,24,1330,3.4,8.6,.396,1.8,4.5,.398,1.6,4.1,.395,1.4,1.7,.855,1.1,3.7,4.7,1.5,0.8,0.8,1.2,3.3,10.0,2005
234,Jumaine Jones,SF,25,LAL,76,23,1830,4.1,9.6,.432,2.0,5.1,.391,2.1,4.4,.480,1.1,1.5,.733,2.1,5.7,7.8,1.3,0.9,0.5,1.0,3.2,11.4,2005
236,Chris Kaman,C,22,LAC,63,50,1632,5.4,10.9,.497,0.0,0.0,.000,5.4,10.9,.498,1.8,2.7,.661,3.0,6.4,9.3,1.6,0.6,1.5,2.5,4.0,12.6,2005
237,Jason Kapono,SF,23,CHA,81,14,1491,6.5,16.2,.401,1.9,4.7,.412,4.6,11.5,.396,1.7,2.1,.824,0.8,3.2,4.0,1.5,1.0,0.1,1.1,3.2,16.6,2005
238,Mario Kasun,C,24,ORL,45,0,356,4.8,9.9,.480,0.0,0.1,.000,4.8,9.8,.485,2.4,4.3,.558,5.3,7.7,12.9,0.8,0.8,1.3,2.6,8.7,11.9,2005
240,Jason Kidd*,PG,31,NJN,66,65,2435,5.0,12.6,.398,1.9,5.3,.360,3.1,7.3,.425,2.1,2.8,.740,1.4,5.8,7.2,8.1,1.8,0.1,2.5,1.6,14.1,2005
244,Brevin Knight,PG,29,CHA,66,61,1944,4.6,10.9,.422,0.1,0.4,.150,4.5,10.5,.432,3.1,3.6,.852,0.4,2.8,3.1,10.9,2.4,0.1,2.7,3.6,12.3,2005
245,Kyle Korver,SF,23,PHI,82,57,2667,4.3,10.2,.418,3.1,7.5,.405,1.2,2.7,.453,1.1,1.3,.854,0.5,4.6,5.1,2.5,1.4,0.4,1.4,3.6,12.7,2005
246,Nenad Krstić,PF,21,NJN,75,57,1965,5.1,10.4,.493,0.0,0.0,.000,5.1,10.4,.495,3.4,4.7,.725,2.9,4.4,7.3,1.4,0.6,1.2,2.1,5.1,13.7,2005
247,Toni Kukoč*,SF,36,MIL,53,6,1099,3.4,8.4,.410,1.4,3.8,.362,2.1,4.6,.450,1.4,2.0,.721,1.0,4.2,5.2,5.2,1.3,0.4,2.1,2.3,9.7,2005
249,Christian Laettner,PF,35,MIA,49,0,739,5.2,9.0,.582,0.0,0.3,.143,5.2,8.6,.599,2.2,2.9,.763,1.8,4.6,6.4,2.0,1.6,0.7,1.4,3.8,12.7,2005
250,Raef LaFrentz,PF,28,BOS,80,80,2196,5.6,11.3,.496,1.3,3.7,.364,4.2,7.6,.559,2.0,2.4,.811,2.5,6.5,9.1,1.6,0.7,1.6,1.1,4.3,14.5,2005
253,Rashard Lewis,SF,25,SEA,71,71,2697,7.1,15.4,.462,2.3,5.8,.400,4.8,9.6,.499,2.9,3.8,.777,1.5,3.7,5.2,1.3,1.0,0.8,1.6,2.1,19.4,2005
257,Tyronn Lue,PG,27,TOT,70,49,2007,5.3,11.7,.451,1.0,2.8,.355,4.3,9.0,.481,2.5,3.0,.861,0.3,2.4,2.7,5.8,0.6,0.0,1.9,3.0,14.1,2005
258,George Lynch,SF,34,NOH,44,27,933,2.6,7.3,.360,0.4,1.4,.297,2.2,5.9,.375,0.7,0.9,.739,2.1,4.6,6.7,3.4,1.2,0.5,2.2,3.2,6.3,2005
260,Corey Maggette,SG,25,LAC,66,60,2436,6.3,14.6,.431,0.8,2.5,.304,5.5,12.1,.457,8.3,9.7,.857,1.0,4.8,5.8,3.3,1.0,0.1,2.9,2.8,21.6,2005
262,Stephon Marbury,PG,27,NYK,82,82,3281,6.6,14.4,.462,1.3,3.6,.354,5.4,10.8,.497,5.0,6.0,.834,0.5,2.2,2.7,7.3,1.3,0.1,2.6,2.0,19.5,2005
263,Shawn Marion,PF,26,PHO,81,81,3146,7.0,14.8,.476,1.3,3.9,.334,5.7,10.8,.526,2.6,3.1,.833,2.7,7.8,10.5,1.8,1.9,1.4,1.4,2.3,18.0,2005
265,Donyell Marshall,PF,31,TOR,65,2,1645,5.7,13.0,.443,3.3,7.9,.416,2.4,5.0,.485,1.6,2.0,.791,2.1,7.3,9.4,1.8,1.2,1.0,0.9,3.0,16.3,2005
267,Kenyon Martin,PF,27,DEN,70,67,2272,7.0,14.4,.490,0.0,0.2,.000,7.0,14.2,.496,3.2,4.9,.646,2.3,5.8,8.1,2.7,1.6,1.2,2.4,3.6,17.2,2005
268,Kevin Martin,PG,21,SAC,45,0,455,3.6,9.3,.385,0.4,2.0,.200,3.2,7.3,.435,2.8,4.4,.655,2.3,2.3,4.6,1.7,1.3,0.2,1.9,2.8,10.4,2005
269,Desmond Mason,SF,27,MIL,80,71,2893,5.9,13.4,.443,0.0,0.1,.125,5.9,13.3,.445,5.2,6.5,.802,1.1,2.8,3.9,2.7,0.7,0.3,2.0,2.5,17.1,2005
270,Tony Massenburg,PF,37,SAS,61,6,699,3.8,9.4,.407,0.0,0.0,,3.8,9.4,.407,2.5,3.2,.762,2.8,5.6,8.4,0.7,0.9,1.0,2.1,6.3,10.1,2005
271,Walter McCarty,PF,30,TOT,72,0,906,3.8,9.3,.404,2.2,6.2,.355,1.6,3.2,.500,0.6,1.2,.517,1.2,4.3,5.5,1.5,1.0,0.6,1.4,5.7,10.3,2005
273,Antonio McDyess,PF,30,DET,77,8,1797,6.2,12.0,.513,0.0,0.0,.000,6.2,12.0,.514,2.5,3.8,.656,3.5,6.1,9.7,1.4,0.9,1.0,1.9,4.1,14.8,2005
274,Tracy McGrady*,SF,25,HOU,78,78,3182,8.1,18.8,.431,1.6,4.9,.326,6.5,13.9,.468,4.9,6.3,.774,0.8,4.7,5.5,5.1,1.5,0.6,2.3,1.9,22.7,2005
275,Jeff McInnis,PG,30,CLE,76,69,2651,5.1,12.4,.412,1.2,3.6,.345,3.9,8.8,.439,1.8,2.2,.813,0.4,1.7,2.1,5.3,0.8,0.0,1.6,2.4,13.2,2005
276,Aaron McKie,SG,32,PHI,68,3,1118,2.0,4.6,.430,0.6,2.0,.323,1.3,2.6,.513,0.3,0.5,.625,0.6,4.9,5.5,3.3,1.5,0.5,1.0,3.7,4.9,2005
277,Keith McLeod,PG,25,UTA,53,47,1382,3.7,10.6,.350,0.5,1.9,.250,3.3,8.8,.372,2.9,3.8,.767,0.5,2.4,2.9,6.1,1.6,0.3,2.6,3.6,10.8,2005
278,Stanislav Medvedenko,PF,25,LAL,43,4,423,6.0,13.3,.455,0.0,0.1,.000,6.0,13.2,.458,2.0,2.4,.821,2.6,4.1,6.7,1.1,0.8,0.2,1.1,5.4,14.0,2005
280,Chris Mihm,C,25,LAL,75,75,1870,5.4,10.6,.507,0.0,0.0,.000,5.4,10.6,.509,3.4,5.0,.678,3.8,5.9,9.7,1.0,0.3,2.1,2.1,4.6,14.1,2005
281,Darius Miles,SF,23,POR,63,22,1699,7.1,14.8,.482,0.2,0.5,.348,6.9,14.3,.487,2.7,4.6,.600,1.5,4.8,6.3,2.7,1.6,1.7,3.3,4.0,17.1,2005
283,Andre Miller,PG,28,DEN,82,82,2852,5.4,11.3,.477,0.1,0.5,.154,5.3,10.8,.492,3.2,3.8,.838,1.3,3.0,4.3,7.2,1.5,0.1,2.8,2.6,14.0,2005
285,Brad Miller,C,28,SAC,56,56,2089,5.5,10.5,.524,0.1,0.3,.263,5.4,10.2,.532,4.0,4.9,.812,2.4,6.6,9.0,3.8,1.2,1.2,1.4,3.1,15.1,2005
286,Mike Miller,SF,24,MEM,76,51,2278,6.1,12.1,.505,2.2,5.1,.433,3.9,7.0,.558,1.7,2.4,.720,0.6,4.2,4.7,3.5,0.9,0.4,2.0,3.1,16.2,2005
287,Reggie Miller*,SG,39,IND,66,66,2105,5.4,12.3,.437,1.6,5.1,.322,3.7,7.2,.518,4.3,4.6,.933,0.3,2.4,2.7,2.5,0.9,0.1,1.3,1.9,16.7,2005
288,Yao Ming*,C,24,HOU,80,80,2447,7.9,14.3,.552,0.0,0.0,,7.9,14.3,.552,5.7,7.3,.783,3.1,6.8,9.8,0.9,0.5,2.4,2.9,4.4,21.6,2005
289,Cuttino Mobley,SG,29,TOT,66,64,2388,6.2,14.1,.438,2.3,5.2,.439,3.9,8.9,.437,2.5,3.1,.820,0.7,2.8,3.5,2.8,1.1,0.5,2.0,2.3,17.1,2005
290,Nazr Mohammed,C,27,TOT,77,59,1933,5.4,11.2,.480,0.0,0.0,.000,5.4,11.2,.481,2.8,4.2,.674,4.6,6.3,10.9,0.6,1.1,1.6,2.0,4.4,13.6,2005
292,Mikki Moore,PF,29,LAC,74,4,1178,4.4,8.8,.502,0.0,0.2,.200,4.4,8.6,.507,3.3,4.2,.787,3.0,4.6,7.5,1.4,0.6,1.0,1.9,5.3,12.1,2005
294,Troy Murphy,PF,24,GSW,70,69,2375,5.9,14.4,.414,0.9,2.2,.399,5.0,12.1,.417,3.5,4.8,.730,3.8,7.7,11.5,1.5,0.8,0.5,1.6,2.9,16.3,2005
295,Lamond Murray,SF,31,TOR,62,1,918,5.2,12.2,.426,1.8,4.1,.438,3.4,8.0,.420,2.4,3.1,.763,1.7,4.7,6.4,1.8,1.3,0.6,2.1,3.3,14.5,2005
296,Ronald Murray,SG,25,SEA,49,6,883,5.3,14.8,.361,1.0,3.9,.253,4.4,10.9,.399,2.4,3.3,.738,0.6,3.4,4.0,2.7,1.2,0.4,2.3,2.4,14.1,2005
297,Dikembe Mutombo*,C,38,HOU,80,2,1212,3.2,6.4,.498,0.0,0.0,,3.2,6.4,.498,3.1,4.2,.741,4.5,8.2,12.7,0.3,0.5,3.0,1.5,4.0,9.6,2005
299,Boštjan Nachbar,PF-SF,24,TOT,71,6,1341,4.3,11.0,.392,2.0,5.3,.383,2.3,5.8,.400,2.6,3.1,.829,0.6,4.2,4.9,2.0,0.8,0.4,2.0,4.9,13.3,2005
300,Lee Nailon,SF,29,NOH,68,51,2017,7.4,15.5,.478,0.0,0.0,.000,7.4,15.5,.479,2.4,2.9,.806,2.3,3.0,5.3,1.9,0.6,0.3,2.0,3.4,17.2,2005
301,Eduardo Nájera,PF,28,TOT,68,4,1185,4.4,9.8,.450,0.2,0.6,.286,4.2,9.1,.462,1.8,2.8,.637,3.1,4.3,7.4,2.0,1.2,0.7,1.9,4.5,10.8,2005
302,Steve Nash*,PG,30,PHO,75,75,2573,6.0,12.0,.502,1.3,3.1,.431,4.7,8.9,.526,3.0,3.3,.887,0.8,2.7,3.5,12.0,1.0,0.1,3.4,1.9,16.3,2005
303,Jameer Nelson,PG,22,ORL,79,21,1612,6.4,14.0,.455,1.0,3.1,.312,5.4,10.9,.497,1.6,2.4,.682,1.2,3.1,4.3,5.3,1.7,0.1,2.6,4.4,15.4,2005
304,Rasho Nesterović,C,28,SAS,70,70,1785,4.0,8.7,.460,0.0,0.0,,4.0,8.7,.460,0.3,0.6,.467,3.7,5.5,9.3,1.4,0.6,2.4,1.5,4.2,8.3,2005
305,Ira Newble,SG,30,CLE,74,69,1832,3.6,8.3,.429,0.4,1.0,.358,3.2,7.3,.439,1.1,1.4,.797,1.5,2.8,4.3,1.8,1.0,0.4,1.2,2.8,8.6,2005
306,Andrés Nocioni,SF,25,CHI,81,38,1892,4.6,11.4,.401,0.5,1.8,.258,4.1,9.6,.429,3.2,4.2,.766,1.3,6.0,7.3,2.3,0.7,0.6,2.6,4.0,12.9,2005
308,Dirk Nowitzki,PF,26,DAL,78,78,3020,7.9,17.2,.459,1.1,2.7,.399,6.8,14.5,.470,7.3,8.4,.869,1.1,7.9,9.0,2.9,1.2,1.4,2.1,2.6,24.2,2005
309,Jermaine O'Neal,PF,26,IND,44,41,1530,9.1,20.1,.452,0.0,0.1,.167,9.1,20.0,.454,6.9,9.2,.754,2.0,7.1,9.1,1.9,0.6,2.1,3.1,4.1,25.1,2005
310,Shaquille O'Neal*,C,32,MIA,73,73,2492,9.5,15.8,.601,0.0,0.0,,9.5,15.8,.601,5.1,11.1,.461,3.7,7.3,11.0,2.9,0.5,2.5,2.9,3.8,24.1,2005
311,Lamar Odom,PF,25,LAL,64,64,2320,5.7,12.0,.473,0.6,1.8,.308,5.1,10.2,.502,3.2,4.6,.695,2.1,8.1,10.1,3.7,0.7,1.0,2.5,3.3,15.1,2005
312,Emeka Okafor,PF,22,CHA,73,73,2600,6.2,13.9,.447,0.0,0.0,.000,6.2,13.9,.447,2.9,4.7,.609,3.8,7.2,11.0,0.9,0.9,1.7,1.7,3.0,15.3,2005
313,Mehmet Okur,C,25,UTA,82,25,2304,5.5,11.8,.468,0.3,1.0,.270,5.3,10.8,.486,5.1,6.0,.850,3.0,6.6,9.6,2.6,0.5,1.1,2.2,3.5,16.5,2005
315,Michael Olowokandi,C,29,MIN,62,34,1215,4.8,10.5,.456,0.0,0.0,,4.8,10.5,.456,1.4,2.0,.667,3.1,6.5,9.6,0.9,0.4,1.7,2.0,5.7,10.9,2005
316,Greg Ostertag,C,31,SAC,56,3,556,2.4,5.4,.440,0.0,0.1,.000,2.4,5.3,.451,0.8,2.5,.342,3.6,7.3,10.8,2.4,0.5,2.6,1.6,5.7,5.6,2005
318,Travis Outlaw,SF,20,POR,59,2,793,6.0,12.1,.498,0.2,0.5,.400,5.9,11.7,.502,2.2,3.4,.653,1.8,3.7,5.5,1.6,1.4,1.8,1.8,3.5,14.5,2005
319,Zaza Pachulia,C,20,MIL,74,4,1397,4.1,9.1,.452,0.0,0.0,.000,4.1,9.1,.453,3.6,4.8,.746,3.4,6.4,9.7,1.5,1.1,0.9,1.8,4.3,11.8,2005
320,Scott Padgett,PF,28,HOU,66,0,942,3.7,8.9,.421,1.9,4.8,.397,1.8,4.1,.449,1.1,1.5,.725,1.8,5.3,7.1,2.1,1.3,0.4,1.1,4.5,10.5,2005
321,Milt Palacio,PG,26,TOR,80,4,1533,4.1,9.2,.446,0.0,0.3,.167,4.1,8.9,.455,2.7,3.6,.742,0.6,2.5,3.1,6.6,1.1,0.3,2.4,3.0,11.0,2005
324,Tony Parker,PG,22,SAS,80,80,2735,7.1,14.7,.482,0.6,2.1,.276,6.5,12.7,.516,2.8,4.3,.650,0.6,3.3,3.9,6.5,1.3,0.1,2.8,2.2,17.5,2005
325,Ruben Patterson,SF,29,POR,70,36,1957,5.9,11.1,.531,0.0,0.5,.080,5.8,10.6,.550,3.1,5.2,.599,2.3,2.7,5.0,2.5,1.9,0.4,2.6,3.0,14.9,2005
326,Sasha Pavlović,SG,21,CLE,65,9,862,5.0,11.5,.435,1.3,3.3,.385,3.8,8.3,.455,1.8,2.7,.688,0.6,2.3,3.0,2.0,1.2,0.2,2.0,5.1,13.1,2005
327,Gary Payton*,PG,36,BOS,77,77,2541,4.8,10.3,.468,0.6,1.8,.326,4.2,8.4,.498,2.2,2.8,.761,0.7,2.7,3.3,6.6,1.2,0.2,2.1,1.7,12.4,2005
330,Kendrick Perkins,C,20,BOS,60,3,548,3.7,7.8,.471,0.0,0.0,,3.7,7.8,.471,2.4,3.8,.638,3.5,8.1,11.6,1.4,0.6,2.4,2.8,6.4,9.8,2005
332,Morris Peterson,SG,27,TOR,82,61,2510,5.1,12.2,.420,1.9,4.8,.385,3.3,7.4,.442,2.7,3.2,.832,1.0,3.9,4.9,2.4,1.3,0.3,1.3,3.1,14.8,2005
333,Eric Piatkowski,SG,34,CHI,68,11,841,4.8,11.0,.430,2.4,5.7,.425,2.3,5.3,.435,1.9,2.4,.804,0.6,2.7,3.4,2.2,1.2,0.0,1.6,2.9,13.9,2005
334,Paul Pierce*,SF,27,BOS,82,82,2960,6.8,14.9,.455,1.3,3.6,.370,5.4,11.3,.481,6.7,8.1,.822,0.9,5.6,6.6,4.2,1.6,0.5,2.8,3.1,21.5,2005
335,Mickaël Piétrus,SF,22,GSW,67,3,1340,5.7,13.5,.427,1.8,5.2,.344,3.9,8.2,.480,3.8,5.4,.698,1.7,3.3,5.1,2.2,1.2,0.5,2.5,3.7,17.1,2005
336,Zoran Planinić,PG,22,NJN,43,8,515,5.5,12.2,.448,1.0,2.8,.375,4.4,9.4,.470,3.2,4.6,.697,1.3,3.5,4.8,3.1,1.7,0.0,2.9,5.3,15.2,2005
338,Scot Pollard,C,29,IND,49,17,865,3.3,7.0,.473,0.0,0.0,,3.3,7.0,.473,1.4,2.0,.673,3.5,5.0,8.5,0.7,1.2,1.0,1.3,5.1,7.9,2005
340,James Posey,SF,28,MEM,50,18,1382,3.3,9.3,.357,1.4,4.6,.309,1.9,4.6,.404,2.5,2.9,.865,1.2,4.5,5.7,2.3,1.3,0.6,1.8,3.5,10.5,2005
342,Tayshaun Prince,SF,24,DET,82,82,3039,5.6,11.4,.487,0.6,1.6,.341,5.0,9.8,.512,2.6,3.2,.807,1.6,3.6,5.2,2.9,0.7,0.8,1.6,1.9,14.3,2005
343,Laron Profit,SF,27,WAS,42,4,428,4.7,10.8,.438,0.7,2.4,.286,4.0,8.4,.480,1.3,2.1,.640,2.0,4.4,6.4,3.1,1.3,0.4,2.3,3.7,11.4,2005
344,Joel Przybilla,C,25,POR,76,50,1858,3.9,6.5,.598,0.0,0.0,,3.9,6.5,.598,1.7,3.4,.517,3.4,7.9,11.4,1.4,0.5,3.2,1.9,4.6,9.5,2005
345,Vladimir Radmanović,PF,24,SEA,63,0,1856,5.2,12.6,.409,2.5,6.4,.389,2.7,6.2,.430,1.6,2.0,.786,1.0,4.6,5.6,1.7,1.1,0.6,1.6,3.3,14.4,2005
348,Zach Randolph,PF,23,POR,46,37,1603,7.5,16.6,.448,0.0,0.1,.000,7.5,16.5,.452,4.6,5.7,.815,3.2,6.7,9.9,1.9,0.8,0.4,2.5,2.5,19.6,2005
349,Theo Ratliff,C,31,POR,63,45,1731,2.4,5.3,.447,0.0,0.0,,2.4,5.3,.447,1.5,2.2,.692,2.3,4.6,6.9,0.7,0.5,3.3,1.2,3.8,6.3,2005
350,Željko Rebrača,C,32,LAC,58,2,928,5.2,9.1,.568,0.0,0.0,,5.2,9.1,.568,2.8,3.3,.859,1.9,5.2,7.1,1.0,0.5,1.6,1.9,5.0,13.2,2005
351,Michael Redd,SG,25,MIL,75,75,2848,7.9,17.9,.441,1.3,3.7,.355,6.6,14.2,.463,4.7,5.5,.854,0.9,3.0,3.9,2.2,0.8,0.1,1.7,1.9,21.8,2005
354,Jason Richardson,SG,24,GSW,72,72,2724,8.1,18.1,.446,1.7,4.9,.338,6.4,13.2,.486,2.8,4.1,.693,1.7,4.0,5.6,3.7,1.4,0.4,2.2,2.1,20.6,2005
355,Quentin Richardson,SG,24,PHO,79,78,2839,5.2,13.3,.389,2.9,8.0,.358,2.3,5.2,.437,1.7,2.3,.739,1.2,4.9,6.1,2.0,1.2,0.3,1.3,2.5,14.9,2005
356,Luke Ridnour,PG,23,SEA,82,82,2571,4.2,10.3,.405,0.9,2.5,.376,3.2,7.9,.414,2.2,2.5,.883,0.8,2.1,2.9,6.8,1.3,0.3,2.1,2.6,11.5,2005
358,Clifford Robinson,C-PF,38,TOT,71,29,1689,4.3,11.1,.386,1.4,4.1,.347,2.9,7.0,.409,1.3,2.1,.639,1.2,3.3,4.5,2.2,1.3,1.1,1.4,3.9,11.4,2005
360,Rodney Rogers,SF-PF,33,TOT,58,33,1367,4.5,11.9,.382,1.3,4.4,.286,3.3,7.4,.440,1.4,1.8,.743,1.6,4.9,6.5,2.3,1.1,0.5,2.3,4.5,11.7,2005
361,Jalen Rose,SF,32,TOR,81,65,2710,7.0,15.4,.455,1.4,3.6,.394,5.6,11.8,.473,4.4,5.2,.854,0.6,3.1,3.7,2.8,0.8,0.1,2.4,2.5,19.9,2005
362,Malik Rose,PF,30,TOT,76,5,1475,4.8,10.8,.449,0.0,0.2,.100,4.8,10.5,.457,3.3,4.5,.737,3.1,5.2,8.3,1.4,1.1,0.4,2.5,5.1,13.0,2005
363,Quinton Ross,SG,23,LAC,78,19,1659,3.5,8.1,.432,0.0,0.1,.250,3.5,8.0,.434,1.6,2.4,.673,1.3,3.3,4.6,2.4,1.1,0.5,1.2,3.6,8.6,2005
364,Michael Ruffin,C,28,WAS,79,7,1262,1.2,2.8,.414,0.0,0.0,.000,1.2,2.8,.418,0.8,1.9,.433,4.5,5.0,9.5,1.8,1.2,1.2,1.3,5.5,3.2,2005
365,Kareem Rush,SG,24,TOT,48,22,968,5.8,15.1,.387,1.9,5.1,.372,3.9,10.0,.394,1.4,1.8,.771,0.7,2.6,3.3,2.5,0.7,0.3,1.7,2.8,15.0,2005
366,Bryon Russell,SF,34,DEN,70,2,1026,3.3,8.8,.377,2.0,5.2,.376,1.4,3.6,.379,2.1,2.7,.792,1.8,4.3,6.0,2.5,1.5,0.4,1.2,4.6,10.8,2005
367,John Salmons,SG,25,PHI,58,8,993,3.1,7.6,.405,1.1,3.3,.341,2.0,4.3,.454,1.3,1.7,.729,0.4,4.0,4.4,4.1,1.5,0.5,1.8,3.3,8.6,2005
370,Brian Scalabrine,PF,26,NJN,54,14,1167,4.1,10.2,.398,0.7,2.1,.324,3.4,8.1,.417,1.6,2.1,.768,2.6,5.0,7.5,2.7,1.0,0.6,2.0,3.4,10.5,2005
374,Bobby Simmons,SF,24,LAC,75,74,2799,6.1,13.1,.466,0.6,1.5,.435,5.5,11.6,.470,3.0,3.5,.846,1.6,4.1,5.7,2.6,1.4,0.2,1.7,2.9,15.8,2005
375,Brian Skinner,C-PF,28,TOT,49,23,941,4.0,7.8,.507,0.0,0.0,.000,4.0,7.8,.510,1.0,2.7,.357,4.1,6.6,10.7,1.6,1.2,1.9,1.5,3.9,8.9,2005
378,J.R. Smith,SG,19,NOH,76,56,1859,5.7,14.5,.394,1.6,5.4,.288,4.1,9.0,.458,2.1,3.1,.689,0.8,2.2,2.9,2.7,1.1,0.2,2.1,2.6,15.1,2005
379,Jabari Smith,PF,27,NJN,45,2,648,3.4,8.2,.419,0.1,0.1,.500,3.4,8.1,.418,2.3,3.1,.745,1.6,4.6,6.2,2.1,1.4,0.8,2.2,5.7,9.2,2005
380,Joe Smith,PF,29,MIL,74,73,2265,5.1,9.9,.514,0.0,0.0,.000,5.1,9.9,.515,2.8,3.6,.768,2.8,5.8,8.6,1.1,0.7,0.6,1.3,3.5,12.9,2005
381,Josh Smith,SF,19,ATL,74,59,2050,4.8,10.6,.455,0.1,0.4,.174,4.7,10.2,.466,2.9,4.2,.688,2.6,5.4,8.0,2.2,1.0,2.5,2.4,2.8,12.6,2005
382,Steve Smith,SG,35,TOT,50,1,750,4.9,11.9,.411,2.0,5.0,.390,2.9,6.9,.427,3.3,3.8,.863,0.7,2.4,3.1,3.4,0.7,0.3,1.3,3.9,15.1,2005
384,Eric Snow,SG,31,CLE,81,15,1844,2.4,6.4,.382,0.3,0.9,.289,2.2,5.5,.397,1.2,1.6,.738,0.7,2.3,3.0,6.2,1.3,0.3,1.7,3.7,6.3,2005
385,Kirk Snyder,SG,21,UTA,68,7,906,4.8,13.0,.372,1.2,3.4,.353,3.7,9.7,.379,2.5,3.8,.667,2.0,2.8,4.8,1.4,1.0,0.8,2.3,4.6,13.4,2005
386,Darius Songaila,PF,26,SAC,81,21,1668,5.5,10.5,.527,0.0,0.1,.000,5.5,10.5,.530,2.0,2.4,.847,2.7,4.7,7.4,2.5,1.1,0.4,1.5,4.4,13.1,2005
388,Latrell Sprewell,SF,34,MIN,80,79,2450,5.8,14.1,.414,1.0,3.1,.327,4.8,11.0,.439,2.3,2.8,.830,1.0,2.8,3.7,2.6,0.8,0.3,1.9,1.8,15.0,2005
389,Jerry Stackhouse,SG,30,DAL,56,7,1617,6.1,14.7,.414,0.7,2.7,.267,5.4,12.1,.446,5.6,6.6,.849,0.8,3.2,4.1,2.8,1.2,0.2,2.4,2.3,18.5,2005
390,DeShawn Stevenson,SG,23,ORL,55,27,1089,5.8,14.1,.408,0.8,2.2,.373,4.9,11.9,.415,1.9,3.3,.554,1.3,2.1,3.4,2.3,0.5,0.3,1.9,2.4,14.2,2005
392,Peja Stojaković,SF,27,SAC,66,66,2534,6.4,14.4,.444,2.5,6.2,.402,3.9,8.3,.475,3.6,3.9,.920,0.9,3.2,4.0,2.0,1.1,0.2,1.4,2.2,18.9,2005
394,Damon Stoudamire,PG,31,POR,81,70,2762,6.0,15.2,.392,2.4,6.4,.369,3.6,8.8,.409,2.4,2.6,.915,0.7,3.3,4.0,6.0,1.1,0.0,2.1,2.1,16.6,2005
395,Amar'e Stoudemire,C,22,PHO,80,80,2889,9.3,16.6,.559,0.0,0.2,.188,9.3,16.4,.564,7.3,9.9,.733,2.7,6.2,8.9,1.6,1.0,1.6,2.4,3.5,25.9,2005
396,Erick Strickland,SG,31,MIL,62,5,1014,4.0,10.8,.375,0.7,2.9,.253,3.3,7.8,.421,1.8,2.3,.813,0.4,3.3,3.7,4.1,1.1,0.0,2.3,3.7,10.7,2005
399,Bob Sura,PG,31,HOU,61,59,1922,4.0,9.4,.427,1.0,2.9,.355,3.0,6.5,.458,2.6,3.5,.750,1.5,4.8,6.3,5.9,1.2,0.1,2.8,3.1,11.7,2005
400,Mike Sweetney,C,22,NYK,77,28,1509,5.7,10.6,.531,0.0,0.0,.000,5.7,10.6,.533,4.2,5.6,.749,4.0,5.9,10.0,1.0,0.6,0.7,2.6,5.3,15.5,2005
402,Stromile Swift,PF,25,MEM,60,14,1279,6.2,13.7,.449,0.0,0.1,.000,6.2,13.6,.452,4.7,6.2,.758,2.6,5.1,7.7,1.2,1.2,2.6,2.5,5.1,17.0,2005
403,Wally Szczerbiak,SF,27,MIN,81,37,2558,6.5,12.9,.506,0.9,2.4,.373,5.7,10.6,.536,3.7,4.3,.855,1.2,3.1,4.3,2.7,0.6,0.2,1.9,2.5,17.6,2005
405,Maurice Taylor,PF-C,28,TOT,65,16,1336,5.5,12.0,.455,0.1,0.2,.333,5.4,11.8,.458,1.7,2.8,.612,1.8,5.1,6.9,1.8,0.7,0.5,2.5,4.9,12.7,2005
406,Sebastian Telfair,PG,19,POR,68,26,1330,4.6,11.6,.393,0.5,1.9,.246,4.1,9.8,.421,2.8,3.6,.789,0.3,2.5,2.8,6.1,0.9,0.1,3.4,3.2,12.5,2005
407,Jason Terry,PG,27,DAL,80,57,2401,5.6,11.1,.501,1.5,3.7,.420,4.0,7.5,.540,2.2,2.6,.844,0.6,2.2,2.8,6.4,1.6,0.2,2.2,2.7,14.9,2005
409,Etan Thomas,C,26,WAS,47,10,976,4.7,9.4,.502,0.0,0.0,,4.7,9.4,.502,2.8,5.3,.528,3.1,5.9,9.0,0.7,0.6,1.9,1.8,4.9,12.2,2005
411,John Thomas,C,29,MIN,44,8,521,2.9,5.9,.488,0.0,0.0,,2.9,5.9,.488,1.9,3.2,.587,2.7,4.0,6.7,1.2,1.0,0.9,1.2,5.7,7.7,2005
412,Kenny Thomas,PF,27,TOT,73,58,2167,6.1,13.0,.470,0.0,0.1,.200,6.1,12.9,.472,2.9,3.8,.762,3.1,5.8,8.9,2.5,1.1,0.3,2.2,3.8,15.1,2005
413,Kurt Thomas,PF,32,NYK,80,80,2855,5.3,11.4,.471,0.0,0.1,.500,5.3,11.3,.470,0.8,1.1,.786,2.1,8.3,10.5,2.0,0.9,1.0,1.2,3.9,11.6,2005
414,Tim Thomas,SF,27,NYK,71,68,1940,5.8,13.3,.439,1.6,3.9,.409,4.3,9.5,.451,2.5,3.2,.786,0.8,3.6,4.4,2.0,0.8,0.3,2.1,4.1,15.8,2005
416,Robert Traylor,C,27,CLE,74,6,1327,4.8,10.8,.444,0.0,0.2,.000,4.8,10.6,.453,1.5,2.8,.539,3.7,5.3,9.0,1.7,1.5,1.4,2.0,5.8,11.1,2005
419,Hedo Türkoğlu,SF,25,ORL,67,11,1757,6.7,16.0,.419,1.9,5.0,.380,4.8,11.0,.438,3.9,4.6,.836,1.3,3.5,4.8,3.1,0.8,0.4,2.4,2.9,19.2,2005
420,Beno Udrih,PG,22,SAS,80,2,1149,5.4,12.2,.444,1.8,4.4,.408,3.6,7.8,.464,2.1,2.8,.753,0.5,2.1,2.6,4.7,1.3,0.3,2.4,3.0,14.8,2005
421,Nick Van Exel,SG,33,POR,53,34,1619,4.8,12.5,.381,2.2,5.7,.389,2.5,6.8,.375,1.3,1.6,.784,0.4,3.1,3.6,5.0,1.0,0.0,2.0,1.6,13.0,2005
422,Keith Van Horn,SF-PF,29,TOT,62,16,1502,6.2,13.5,.456,1.3,3.4,.380,4.9,10.1,.481,3.1,3.8,.815,2.1,4.9,7.0,1.8,0.9,0.5,1.9,4.1,16.7,2005
423,Anderson Varejão,PF,22,CLE,54,0,863,4.1,8.1,.513,0.0,0.1,.000,4.1,8.0,.518,2.8,5.3,.535,4.5,6.2,10.7,1.1,1.7,1.6,1.1,5.1,11.1,2005
424,Jacque Vaughn,SG,29,NJN,71,34,1410,3.7,8.3,.449,0.1,0.4,.333,3.6,7.9,.455,1.9,2.3,.835,0.4,2.3,2.7,3.4,1.0,0.0,1.6,3.5,9.5,2005
426,Jackson Vroman,C-PF,23,TOT,46,18,705,4.2,10.2,.412,0.0,0.2,.000,4.2,10.0,.418,2.5,3.8,.640,3.3,5.7,8.9,2.0,1.3,1.0,3.3,5.4,10.8,2005
428,Dwyane Wade,SG,23,MIA,77,77,2974,7.6,16.0,.478,0.2,0.5,.289,7.5,15.4,.485,7.0,9.2,.762,1.3,3.5,4.8,6.3,1.5,1.0,3.9,2.8,22.4,2005
430,Antoine Walker,PF,28,TOT,77,77,2955,7.1,16.8,.422,1.3,4.2,.323,5.7,12.6,.455,2.4,4.5,.539,2.2,6.2,8.5,3.2,1.1,0.7,3.1,2.6,17.9,2005
432,Ben Wallace*,C,30,DET,74,74,2671,4.0,8.8,.453,0.0,0.1,.111,4.0,8.7,.458,1.8,4.1,.428,3.9,8.2,12.2,1.7,1.4,2.4,1.1,2.1,9.7,2005
433,Gerald Wallace,SF,22,CHA,70,68,2147,4.8,10.7,.449,0.3,1.0,.274,4.5,9.6,.468,3.2,4.8,.661,2.0,4.5,6.5,2.3,2.0,1.5,2.7,3.1,13.1,2005
434,Rasheed Wallace,PF,30,DET,79,79,2687,6.3,14.2,.440,1.0,3.2,.318,5.3,11.1,.475,1.8,2.6,.697,2.3,6.3,8.6,1.9,0.9,1.5,1.7,3.2,15.3,2005
435,Luke Walton,SF,24,LAL,61,5,768,3.5,8.4,.411,0.7,2.9,.262,2.7,5.6,.487,1.6,2.3,.708,2.6,4.1,6.7,4.4,1.2,0.5,2.7,3.3,9.3,2005
437,Earl Watson,PG,25,MEM,80,14,1808,4.7,11.0,.426,1.0,3.2,.319,3.7,7.8,.471,1.8,2.7,.659,0.7,2.6,3.3,7.1,1.7,0.4,3.3,3.7,12.2,2005
439,Chris Webber*,PF,31,TOT,67,67,2370,8.4,19.5,.433,0.2,0.7,.341,8.2,18.8,.436,2.7,3.5,.794,2.0,7.3,9.3,4.8,1.4,0.8,2.8,3.3,19.8,2005
440,Bonzi Wells,SG,28,MEM,69,19,1489,6.6,14.9,.441,0.9,2.5,.346,5.7,12.4,.460,3.4,4.5,.750,1.2,4.4,5.5,1.9,2.1,0.7,2.2,4.0,17.4,2005
441,Jiří Welsch,SG-SF,25,TOT,71,32,1317,4.1,10.1,.402,0.9,3.0,.309,3.1,7.1,.441,3.5,4.6,.763,0.7,3.9,4.6,2.8,1.2,0.1,2.0,3.3,12.6,2005
442,David Wesley,SG,34,TOT,80,79,2774,4.3,10.9,.398,1.5,4.1,.375,2.8,6.8,.411,2.1,2.5,.857,0.5,2.5,3.0,3.4,1.2,0.1,1.5,2.8,12.3,2005
446,Rodney White,SF,24,TOT,58,2,677,6.4,15.4,.419,1.3,3.2,.400,5.2,12.2,.424,1.4,2.3,.614,1.3,3.5,4.7,2.3,1.7,0.6,2.0,3.4,15.6,2005
447,Chris Wilcox,C,22,LAC,54,25,1005,6.1,11.8,.514,0.0,0.0,,6.1,11.8,.514,3.2,5.2,.611,2.3,5.9,8.2,1.4,0.9,0.9,2.8,4.6,15.3,2005
449,Mike Wilks,PG,25,SAS,48,0,278,4.1,10.0,.416,0.6,2.1,.313,3.5,7.9,.443,1.6,2.1,.750,0.5,2.7,3.2,4.3,1.8,0.1,1.8,3.4,10.5,2005
450,Aaron Williams,C,33,TOT,42,4,315,3.3,7.2,.460,0.0,0.0,,3.3,7.2,.460,1.7,1.9,.882,1.9,4.9,6.9,0.9,0.6,0.9,1.9,8.0,8.3,2005
451,Eric Williams,SG,32,TOT,55,39,1322,3.9,9.0,.430,0.8,2.0,.384,3.1,7.0,.444,3.0,4.4,.696,1.2,3.5,4.7,2.5,1.0,0.1,1.6,4.0,11.5,2005
453,Jason Williams,PG,29,MEM,71,68,1952,4.9,11.9,.413,2.0,6.1,.324,2.9,5.8,.506,1.5,1.9,.792,0.4,1.9,2.3,7.4,1.4,0.1,2.4,1.7,13.3,2005
454,Jerome Williams,SF,31,NYK,79,4,1211,3.6,7.2,.502,0.0,0.1,.000,3.6,7.1,.513,3.4,5.1,.669,3.4,5.0,8.4,1.2,1.6,0.3,1.9,4.6,10.7,2005
455,Mo Williams,PG,22,MIL,80,80,2254,5.2,11.8,.438,0.5,1.6,.323,4.6,10.2,.456,2.2,2.6,.850,0.8,3.1,3.9,7.7,1.2,0.2,3.1,3.5,13.0,2005
457,Corliss Williamson,PF,31,TOT,72,9,1527,6.4,13.8,.467,0.0,0.0,.000,6.4,13.7,.469,4.6,5.8,.799,2.5,3.7,6.1,1.8,0.9,0.4,2.0,5.1,17.5,2005
459,Loren Woods,C,26,TOR,45,30,712,3.6,8.3,.433,0.0,0.1,.000,3.6,8.2,.436,1.7,3.0,.576,4.1,7.0,11.1,0.9,0.4,2.0,1.9,3.9,8.9,2005
463,Lorenzen Wright,C,29,MEM,80,77,2287,5.0,10.8,.469,0.0,0.0,.000,5.0,10.7,.471,2.1,3.1,.662,2.8,6.9,9.6,1.4,0.9,1.1,1.6,4.0,12.1,2005
