Rk,Player,Pos,Age,Tm,G,GS,MP,FG,FGA,FG%,3P,3PA,3P%,2P,2PA,2P%,FT,FTA,FT%,ORB,DRB,TRB,AST,STL,BLK,TOV,PF,PTS,Year
2,Arron Afflalo,SG,26,DEN,62,62,2086,5.7,12.1,.471,1.5,3.8,.398,4.2,8.2,.504,3.4,4.3,.798,0.7,2.7,3.4,2.6,0.6,0.2,1.5,2.3,16.3,2012
6,LaMarcus Aldridge,PF,26,POR,55,55,1994,8.7,17.0,.512,0.0,0.2,.182,8.7,16.8,.516,4.0,4.9,.814,2.7,5.3,8.0,2.4,0.9,0.8,2.0,2.8,21.5,2012
8,Ray Allen*,SG,36,BOS,46,42,1565,5.2,11.3,.458,2.4,5.4,.453,2.8,6.0,.463,2.2,2.4,.915,0.3,2.9,3.3,2.5,1.1,0.2,1.6,1.9,15.1,2012
9,Tony Allen,SG,30,MEM,58,57,1525,5.0,10.6,.469,0.2,0.6,.308,4.8,10.0,.479,3.3,4.1,.800,2.3,3.2,5.5,1.9,2.5,0.8,2.2,3.4,13.4,2012
11,Al-Farouq Aminu,SF,21,NOH,66,21,1477,3.7,8.9,.411,0.3,1.1,.277,3.3,7.8,.431,2.1,2.8,.754,2.3,5.2,7.5,1.6,1.4,0.8,2.2,3.3,9.7,2012
12,Lou Amundson,PF,29,IND,60,0,753,4.3,9.9,.430,0.0,0.0,,4.3,9.9,.430,1.7,3.9,.427,4.5,6.1,10.6,0.7,1.3,2.1,2.2,6.0,10.2,2012
15,James Anderson,SG,22,SAS,51,2,603,3.9,10.4,.379,1.1,4.1,.279,2.8,6.3,.443,2.3,3.1,.750,1.0,3.8,4.7,2.4,0.5,0.1,1.8,2.1,11.3,2012
16,Ryan Anderson,PF,23,ORL,61,61,1964,6.1,13.9,.439,3.0,7.7,.393,3.0,6.1,.496,2.7,3.1,.877,4.1,4.5,8.6,1.0,0.9,0.5,1.0,2.7,18.0,2012
17,Carmelo Anthony,SF,27,NYK,55,55,1876,8.5,19.7,.430,1.3,3.9,.335,7.2,15.8,.454,5.7,7.0,.804,1.7,4.9,6.6,3.8,1.2,0.5,2.8,3.0,23.9,2012
18,Joel Anthony,C,29,MIA,64,51,1349,2.3,4.1,.559,0.0,0.0,,2.3,4.1,.559,1.3,1.9,.690,2.7,4.0,6.7,0.2,1.0,2.2,1.2,3.4,5.8,2012
21,Ömer Aşık,C,25,CHI,66,2,971,2.9,5.8,.506,0.0,0.0,,2.9,5.8,.506,1.7,3.8,.456,4.7,8.3,13.0,1.2,1.1,2.5,2.5,4.5,7.6,2012
22,D.J. Augustin,PG,24,CHA,48,46,1408,4.7,12.5,.376,1.6,4.6,.341,3.1,7.9,.396,2.7,3.1,.875,0.6,2.2,2.8,7.8,0.9,0.0,2.8,1.7,13.6,2012
23,Gustavo Ayón,PF,26,NOH,54,24,1088,4.6,8.6,.536,0.0,0.0,.000,4.6,8.6,.538,1.3,2.1,.619,2.8,5.9,8.8,2.4,1.8,1.5,1.5,3.9,10.6,2012
28,Leandro Barbosa,SG,29,TOT,64,0,1382,7.1,16.6,.425,1.7,4.4,.382,5.4,12.2,.441,2.6,3.2,.815,0.9,2.5,3.3,2.5,1.5,0.2,2.4,3.5,18.4,2012
31,Matt Barnes,SF,31,LAL,63,16,1440,4.4,9.7,.452,1.1,3.4,.333,3.2,6.2,.518,2.4,3.2,.742,2.4,6.2,8.6,3.2,0.9,1.2,1.8,3.8,12.3,2012
33,Brandon Bass,PF,26,BOS,59,39,1868,5.8,12.2,.479,0.0,0.0,,5.8,12.2,.479,2.5,3.1,.810,1.8,5.2,7.0,1.1,0.7,1.0,1.3,2.6,14.2,2012
35,Shane Battier,SF,33,MIA,65,10,1499,2.7,7.0,.387,1.5,4.4,.339,1.2,2.6,.468,0.6,0.9,.622,1.3,2.4,3.7,2.0,1.5,0.8,0.9,2.5,7.5,2012
36,Nicolas Batum,SF,23,POR,59,34,1791,5.8,12.9,.451,2.2,5.5,.391,3.7,7.4,.496,2.7,3.2,.836,1.6,3.8,5.4,1.7,1.1,1.2,1.8,2.1,16.4,2012
38,Michael Beasley,SF,23,MIN,47,7,1087,7.3,16.5,.445,1.3,3.3,.376,6.1,13.1,.462,2.0,3.1,.642,1.3,5.6,6.9,1.5,0.6,0.6,2.6,2.7,17.9,2012
39,Rodrigue Beaubois,PG,23,DAL,53,12,1151,5.9,13.9,.422,1.2,4.1,.288,4.7,9.8,.479,1.8,2.2,.841,0.6,4.1,4.7,4.8,1.8,0.9,2.2,3.1,14.8,2012
40,Marco Belinelli,SG,25,NOH,66,55,1966,5.2,12.6,.417,2.0,5.2,.377,3.3,7.4,.445,1.8,2.4,.783,0.3,2.8,3.1,1.8,0.9,0.1,1.3,2.1,14.3,2012
44,Andris Biedriņš,C,25,GSW,47,35,739,1.9,3.1,.609,0.0,0.0,,1.9,3.1,.609,0.0,0.4,.111,2.2,6.4,8.6,0.8,1.1,2.2,0.7,6.1,3.8,2012
46,Bismack Biyombo,C,19,CHA,63,41,1455,3.2,6.9,.464,0.0,0.0,,3.2,6.9,.464,1.7,3.5,.483,2.8,6.3,9.1,0.7,0.5,2.8,1.8,3.6,8.1,2012
47,DeJuan Blair,PF,22,SAS,64,62,1363,7.1,13.3,.534,0.0,0.0,.000,7.1,13.3,.535,1.9,3.1,.613,4.1,5.2,9.3,2.1,1.6,0.3,2.4,4.4,16.1,2012
48,Steve Blake,PG,31,LAL,53,5,1237,2.9,7.8,.377,1.5,4.6,.335,1.4,3.2,.436,0.6,0.8,.778,0.3,2.2,2.5,5.1,1.1,0.1,2.1,2.2,8.0,2012
53,Matt Bonner,PF,31,SAS,65,2,1326,4.2,9.5,.440,2.9,6.8,.420,1.3,2.7,.490,0.4,0.6,.762,0.8,5.0,5.8,1.7,0.4,0.6,0.4,1.8,11.6,2012
54,Trevor Booker,PF,24,WAS,50,32,1261,5.2,9.7,.531,0.0,0.1,.500,5.1,9.7,.531,1.6,2.7,.602,3.4,5.9,9.3,1.1,1.4,1.2,1.7,3.9,12.0,2012
55,Carlos Boozer,PF,30,CHI,66,66,1948,8.3,15.6,.532,0.0,0.0,.000,8.3,15.5,.533,1.8,2.5,.693,2.1,8.3,10.4,2.3,1.2,0.4,2.1,3.1,18.3,2012
56,Chris Bosh*,PF,27,MIA,57,57,2007,7.0,14.5,.487,0.2,0.6,.286,6.9,13.8,.496,4.1,5.0,.821,1.7,6.4,8.1,1.8,0.9,0.8,2.1,2.3,18.4,2012
59,Avery Bradley,PG,21,BOS,64,28,1368,5.3,10.6,.498,0.6,1.4,.407,4.7,9.2,.511,1.6,2.1,.795,0.9,2.1,3.0,2.3,1.1,0.3,2.0,2.9,12.7,2012
60,Elton Brand,C,32,PHI,60,60,1732,6.0,12.1,.494,0.0,0.0,.000,6.0,12.1,.495,1.8,2.4,.733,3.0,5.9,8.9,2.0,1.2,2.0,1.4,3.7,13.7,2012
61,Corey Brewer,SF,25,DEN,59,17,1287,5.6,13.0,.434,0.9,3.6,.260,4.7,9.4,.500,2.5,3.6,.692,1.2,3.0,4.2,2.5,2.0,0.5,1.6,3.2,14.7,2012
62,Ronnie Brewer,SG,26,CHI,66,43,1635,4.2,9.8,.427,0.4,1.5,.275,3.8,8.3,.455,1.2,2.2,.560,1.6,3.5,5.1,3.0,1.6,0.5,1.3,1.4,10.0,2012
64,MarShon Brooks,SG,23,NJN,56,47,1648,6.0,14.0,.428,1.0,3.3,.313,5.0,10.7,.463,2.5,3.2,.764,1.5,2.8,4.4,2.9,1.1,0.3,2.6,2.5,15.5,2012
65,Derrick Brown,SF,24,CHA,65,17,1443,5.3,10.2,.518,0.1,0.6,.250,5.1,9.6,.535,2.3,3.5,.667,2.4,3.5,5.9,1.7,1.2,0.3,1.4,2.4,13.1,2012
67,Shannon Brown,SG,26,PHO,59,19,1400,6.5,15.4,.420,1.7,4.8,.362,4.7,10.5,.446,2.1,2.5,.808,1.0,3.1,4.0,1.8,1.1,0.4,1.6,1.7,16.7,2012
68,Kobe Bryant*,SG,33,LAL,58,58,2232,9.3,21.5,.430,1.4,4.6,.303,7.9,16.9,.464,6.1,7.3,.845,1.1,4.0,5.0,4.3,1.1,0.3,3.3,1.7,26.1,2012
69,Chase Budinger,SF,23,HOU,58,9,1298,5.8,13.1,.442,2.4,6.1,.402,3.3,7.0,.476,1.5,1.9,.771,1.1,5.0,6.0,2.1,0.8,0.2,1.5,1.8,15.5,2012
70,Alec Burks,SG,20,UTA,59,0,939,5.9,13.7,.429,0.6,1.7,.333,5.3,12.0,.442,4.0,5.5,.727,2.2,2.9,5.1,2.1,1.0,0.2,2.0,3.2,16.3,2012
71,Caron Butler,SF,31,LAC,63,63,1871,5.5,13.6,.407,1.8,4.9,.358,3.8,8.6,.435,1.7,2.1,.813,0.8,3.6,4.4,1.5,1.0,0.2,1.5,2.4,14.5,2012
72,Jimmy Butler,SG,22,CHI,42,0,359,3.2,7.9,.405,0.2,1.1,.182,3.0,6.8,.441,4.3,5.6,.768,2.3,3.3,5.6,1.4,1.1,0.5,1.4,2.0,10.9,2012
75,Andrew Bynum,C,24,LAL,60,60,2112,7.6,13.6,.558,0.0,0.1,.200,7.6,13.5,.560,4.0,5.8,.692,3.3,8.8,12.1,1.4,0.5,2.0,2.6,1.8,19.1,2012
77,José Calderón,PG,30,TOR,53,53,1799,4.4,9.5,.457,1.2,3.2,.371,3.2,6.4,.500,1.2,1.4,.882,0.4,2.8,3.2,9.4,0.9,0.1,2.1,1.9,11.1,2012
78,Marcus Camby,C,37,TOT,59,53,1352,3.4,7.6,.446,0.1,0.1,.400,3.4,7.5,.447,0.8,1.7,.453,4.2,9.9,14.1,2.8,1.3,2.3,1.5,3.4,7.6,2012
79,Brian Cardinal,SF,34,DAL,44,0,277,1.8,7.1,.255,1.3,6.4,.204,0.5,0.8,.667,0.6,0.8,.833,0.5,3.9,4.4,2.1,1.0,0.3,1.0,4.9,5.6,2012
81,Matt Carroll,SG,31,CHA,53,2,596,3.1,9.5,.331,0.5,2.6,.186,2.7,6.9,.386,1.8,2.3,.789,0.5,3.0,3.5,2.3,1.0,0.4,1.4,3.1,8.6,2012
83,Vince Carter,SG,35,DAL,61,40,1542,5.2,12.7,.411,1.7,4.8,.361,3.5,7.9,.442,2.2,2.7,.826,0.7,4.0,4.8,3.2,1.3,0.6,2.0,3.1,14.4,2012
84,Omri Casspi,SF,23,CLE,65,35,1341,4.5,11.1,.403,1.4,4.5,.315,3.0,6.6,.463,2.0,2.9,.685,1.7,4.4,6.1,1.8,1.0,0.6,1.7,3.1,12.3,2012
85,Mario Chalmers,PG,25,MIA,64,64,1825,4.4,9.8,.448,2.0,5.1,.388,2.4,4.7,.513,1.6,2.0,.792,0.3,3.1,3.4,4.4,1.9,0.2,2.8,3.3,12.4,2012
86,Tyson Chandler,C,29,NYK,62,62,2061,4.2,6.2,.679,0.0,0.0,.000,4.2,6.2,.683,3.8,5.5,.689,3.7,7.0,10.7,1.0,1.0,1.6,1.8,3.2,12.2,2012
89,Earl Clark,PF,24,ORL,45,1,559,3.3,9.0,.367,0.0,0.0,,3.3,9.0,.367,1.4,1.9,.724,2.3,5.7,8.0,1.2,0.8,2.1,1.6,4.6,7.9,2012
90,Norris Cole,PG,23,MIA,65,2,1260,5.1,12.9,.393,0.6,2.2,.276,4.5,10.7,.417,1.9,2.4,.776,0.6,2.0,2.6,3.8,1.3,0.1,3.0,3.5,12.6,2012
92,Darren Collison,PG,24,IND,60,56,1878,4.4,10.0,.440,0.7,1.8,.362,3.8,8.2,.457,2.4,2.9,.830,0.6,3.0,3.6,5.5,0.9,0.3,2.2,1.9,11.9,2012
93,Nick Collison,PF,31,OKC,63,0,1307,3.3,5.5,.597,0.0,0.0,.000,3.3,5.5,.600,1.2,1.7,.710,3.3,4.3,7.5,2.3,0.9,0.8,1.7,4.2,7.8,2012
94,Mike Conley,PG,24,MEM,62,61,2174,4.9,11.3,.433,1.0,2.6,.377,3.9,8.7,.450,2.3,2.6,.861,0.4,2.2,2.6,6.7,2.3,0.2,2.1,2.2,13.0,2012
96,Daequan Cook,SG,24,OKC,57,22,989,4.0,10.8,.368,2.9,8.3,.346,1.1,2.5,.441,0.5,0.8,.636,0.4,4.0,4.4,0.5,0.8,0.4,0.6,2.5,11.3,2012
97,DeMarcus Cousins,C,21,SAC,64,62,1950,8.3,18.4,.448,0.0,0.3,.143,8.2,18.2,.453,4.8,6.9,.702,4.9,8.1,13.0,1.9,1.7,1.4,3.1,4.7,21.4,2012
98,Jamal Crawford,PG,31,POR,60,6,1613,6.3,16.4,.384,1.8,5.8,.308,4.5,10.6,.426,4.3,4.6,.927,0.4,2.3,2.6,4.3,1.2,0.3,2.5,1.7,18.7,2012
99,Jordan Crawford,SG,23,WAS,64,32,1753,7.2,17.9,.400,1.6,5.6,.289,5.5,12.3,.451,3.3,4.2,.793,0.9,2.5,3.5,3.9,1.2,0.1,2.9,2.3,19.3,2012
100,Dante Cunningham,PF,24,MEM,64,5,1124,4.6,8.9,.516,0.0,0.1,.000,4.6,8.9,.520,1.4,2.2,.652,2.9,5.0,7.9,1.2,1.3,1.1,0.9,3.1,10.7,2012
103,Samuel Dalembert,C,30,HOU,65,45,1446,5.0,9.8,.506,0.0,0.0,.000,5.0,9.8,.508,2.2,2.8,.796,3.9,7.4,11.4,0.8,0.9,2.8,2.0,4.0,12.2,2012
107,Ed Davis,PF,22,TOR,66,9,1534,4.0,7.9,.513,0.0,0.0,.000,4.0,7.8,.515,1.7,2.5,.670,3.1,7.1,10.3,1.4,0.9,1.5,1.6,3.7,9.7,2012
108,Glen Davis,PF,26,ORL,61,13,1427,5.7,13.5,.421,0.1,0.4,.143,5.6,13.1,.429,2.9,4.2,.683,2.7,5.7,8.4,1.2,1.1,0.5,1.9,2.7,14.3,2012
112,Carlos Delfino,SF,29,MIL,54,53,1537,4.3,10.6,.402,2.0,5.6,.360,2.2,5.0,.449,0.9,1.1,.792,0.5,4.4,4.9,2.9,1.9,0.2,1.5,2.3,11.4,2012
113,Luol Deng,SF,26,CHI,54,54,2129,5.3,12.8,.412,1.3,3.6,.367,3.9,9.1,.430,2.1,2.8,.770,1.3,4.6,5.9,2.7,0.9,0.6,1.6,1.4,14.0,2012
115,DeMar DeRozan,SG,22,TOR,63,63,2206,6.2,14.7,.422,0.4,1.5,.261,5.8,13.2,.440,4.4,5.4,.810,0.7,2.8,3.4,2.1,0.8,0.3,2.0,2.6,17.2,2012
116,Boris Diaw,PF,29,TOT,57,35,1424,3.9,8.9,.444,0.8,2.5,.313,3.2,6.4,.496,0.6,0.9,.629,1.8,5.3,7.1,5.2,0.9,0.6,2.8,3.2,9.2,2012
119,Keyon Dooling,SG,31,BOS,46,2,662,3.6,8.9,.405,1.5,4.4,.333,2.1,4.5,.476,1.3,1.7,.742,0.2,2.0,2.1,2.8,0.7,0.1,1.8,3.1,9.9,2012
121,Goran Dragić,PG,25,HOU,66,28,1752,5.7,12.3,.462,1.4,4.2,.337,4.3,8.2,.525,3.1,3.9,.805,1.1,2.4,3.5,7.2,1.7,0.2,3.2,3.4,15.9,2012
122,Jared Dudley,SG,26,PHO,65,60,2020,5.6,11.5,.485,1.4,3.7,.383,4.1,7.7,.535,2.1,2.9,.726,1.7,3.7,5.4,2.0,0.9,0.3,1.3,1.9,14.7,2012
123,Chris Duhon,PG,29,ORL,63,9,1226,2.5,6.0,.419,1.5,3.5,.420,1.0,2.5,.417,0.5,0.6,.810,0.4,2.6,3.0,4.4,1.0,0.3,2.4,2.1,7.0,2012
124,Tim Duncan*,C,35,SAS,58,58,1634,8.0,16.1,.492,0.0,0.1,.000,8.0,16.1,.495,3.8,5.5,.695,2.4,9.0,11.5,2.9,0.8,1.9,2.1,2.2,19.7,2012
125,Mike Dunleavy,SF,31,MIL,55,3,1445,6.0,12.6,.474,2.1,5.2,.399,3.9,7.4,.527,2.9,3.6,.811,0.7,4.4,5.1,2.9,0.7,0.2,1.4,2.2,16.9,2012
126,Kevin Durant,SF,23,OKC,66,66,2546,9.1,18.3,.496,1.9,4.9,.387,7.2,13.5,.535,6.1,7.1,.860,0.6,6.9,7.5,3.3,1.2,1.1,3.5,1.9,26.2,2012
129,Wayne Ellington,SG,24,MIN,51,4,973,4.5,11.2,.404,1.3,4.0,.324,3.2,7.2,.448,1.2,1.5,.800,0.5,3.1,3.7,1.2,1.0,0.4,1.0,2.1,11.5,2012
130,Monta Ellis,SG,26,TOT,58,58,2120,7.6,17.7,.433,1.1,3.4,.308,6.6,14.2,.462,3.7,4.7,.796,0.3,3.1,3.4,5.9,1.4,0.3,3.0,2.3,20.1,2012
136,Reggie Evans,PF,31,LAC,56,0,771,1.6,3.4,.472,0.0,0.0,,1.6,3.4,.472,1.7,3.3,.507,4.7,8.0,12.7,0.8,1.4,0.3,2.1,5.5,4.9,2012
137,Tyreke Evans,SG,22,SAC,63,61,2162,6.8,15.0,.453,0.3,1.6,.202,6.5,13.3,.484,3.3,4.3,.779,1.1,3.7,4.8,4.7,1.4,0.5,2.8,2.3,17.3,2012
139,Kenneth Faried,PF,22,DEN,46,39,1037,6.3,10.7,.586,0.0,0.0,,6.3,10.7,.586,3.8,5.7,.665,4.9,7.3,12.2,1.2,1.2,1.6,1.9,4.0,16.4,2012
141,Derrick Favors,PF,20,UTA,65,9,1376,5.8,11.6,.499,0.0,0.0,,5.8,11.6,.499,3.3,5.1,.649,4.1,7.0,11.1,1.1,1.0,1.7,2.7,3.8,14.9,2012
142,Raymond Felton,PG,27,POR,60,56,1906,4.9,12.1,.407,1.2,3.8,.305,3.8,8.3,.453,1.9,2.3,.806,0.5,2.3,2.8,7.4,1.5,0.2,3.2,2.3,12.9,2012
145,Landry Fields,SG,23,NYK,66,62,1894,4.5,9.8,.460,0.6,2.3,.256,3.9,7.5,.523,1.5,2.6,.562,1.1,4.2,5.3,3.2,1.5,0.3,1.9,1.9,11.0,2012
146,Derek Fisher,PG,37,TOT,63,43,1508,3.1,8.3,.371,0.8,2.6,.321,2.2,5.7,.393,1.4,1.6,.851,0.3,2.6,2.9,4.1,1.2,0.1,1.7,2.8,8.4,2012
149,Gary Forbes,SG,26,TOR,48,2,713,5.7,13.7,.413,1.5,4.2,.349,4.2,9.5,.441,3.3,4.6,.725,1.4,3.8,5.2,2.7,1.2,0.2,2.7,2.8,16.1,2012
153,Randy Foye,SG,28,LAC,65,48,1682,5.5,13.8,.398,2.7,7.0,.386,2.8,6.7,.410,1.6,1.8,.859,0.5,2.4,3.0,3.1,1.0,0.5,1.6,2.8,15.2,2012
154,Jimmer Fredette,PG,22,SAC,61,7,1135,5.5,14.1,.386,2.5,6.9,.361,3.0,7.3,.409,1.3,1.5,.833,0.5,1.8,2.3,3.4,1.0,0.1,2.1,2.3,14.7,2012
155,Enes Freedom,C,19,UTA,66,0,874,4.8,9.7,.496,0.0,0.0,.000,4.8,9.7,.498,2.9,4.3,.667,4.4,7.0,11.5,0.3,0.7,0.9,2.2,3.6,12.5,2012
156,Channing Frye,PF,28,PHO,64,59,1669,5.5,13.2,.416,2.0,5.7,.346,3.5,7.5,.469,1.6,1.8,.890,1.5,6.6,8.2,1.9,0.9,1.5,1.4,3.8,14.5,2012
158,Sundiata Gaines,SG,25,NJN,57,12,793,4.6,12.3,.376,1.3,3.7,.341,3.4,8.6,.392,2.7,4.4,.615,1.2,3.7,4.9,5.7,2.5,0.1,2.4,2.6,13.2,2012
159,Danilo Gallinari,SF,23,DEN,43,40,1351,5.1,12.4,.414,1.6,4.9,.328,3.5,7.5,.470,4.8,5.6,.871,0.7,4.6,5.4,3.1,1.1,0.6,1.8,2.3,16.7,2012
160,Francisco García,SF,30,SAC,49,3,798,3.9,10.3,.376,1.7,5.9,.290,2.2,4.4,.490,1.1,1.4,.800,0.5,4.0,4.5,1.4,1.6,1.7,1.0,3.3,10.6,2012
161,Kevin Garnett*,C,35,BOS,60,60,1864,7.6,15.0,.503,0.1,0.2,.333,7.5,14.8,.505,3.1,3.7,.857,1.3,8.3,9.5,3.4,1.1,1.2,2.1,2.7,18.3,2012
162,Marc Gasol,C,27,MEM,65,65,2370,5.4,11.2,.482,0.0,0.2,.083,5.4,11.1,.489,3.6,4.8,.748,1.8,7.0,8.8,3.1,0.9,1.8,1.8,3.1,14.5,2012
163,Pau Gasol,PF,31,LAL,65,65,2430,6.8,13.6,.501,0.1,0.4,.259,6.7,13.2,.508,3.0,3.9,.782,2.7,7.3,10.0,3.5,0.5,1.3,2.1,1.9,16.7,2012
164,Rudy Gay,SF,25,MEM,65,65,2422,7.2,15.9,.455,0.8,2.6,.312,6.4,13.3,.482,3.1,3.9,.791,1.9,4.3,6.2,2.2,1.4,0.8,2.4,2.1,18.3,2012
165,Alonzo Gee,SG,24,CLE,63,31,1827,4.5,10.9,.412,0.9,2.7,.321,3.6,8.2,.442,3.3,4.2,.788,2.0,4.4,6.3,2.2,1.6,0.3,2.2,2.9,13.1,2012
166,Paul George,SG,21,IND,66,66,1958,5.2,11.7,.440,1.7,4.3,.385,3.5,7.4,.472,2.7,3.3,.802,1.0,5.8,6.8,2.9,2.0,0.7,2.2,3.5,14.7,2012
168,Taj Gibson,PF,26,CHI,63,0,1284,5.6,11.3,.495,0.0,0.0,,5.6,11.3,.495,2.4,3.8,.622,3.8,5.5,9.3,1.3,0.8,2.3,1.7,3.7,13.6,2012
172,Drew Gooden,C,30,MIL,56,46,1469,7.0,16.1,.437,0.4,1.3,.291,6.6,14.8,.450,4.3,5.1,.846,3.2,5.7,8.9,3.5,1.1,0.8,2.7,2.7,18.8,2012
173,Ben Gordon,SG,28,DET,52,21,1398,6.0,13.6,.442,1.6,3.8,.429,4.4,9.9,.446,3.0,3.5,.860,0.4,2.8,3.1,3.3,0.9,0.3,3.0,2.9,16.7,2012
175,Marcin Gortat,C,27,PHO,66,66,2114,7.3,13.1,.555,0.0,0.0,.000,7.3,13.1,.557,2.8,4.3,.649,3.2,8.1,11.2,1.0,0.8,1.7,1.5,2.4,17.3,2012
177,Danny Granger,SF,28,IND,62,62,2062,6.8,16.4,.416,2.1,5.6,.381,4.7,10.8,.434,4.4,5.1,.873,1.4,4.0,5.4,1.9,1.1,0.7,1.9,2.5,20.2,2012
178,Aaron Gray,C,27,TOR,49,40,813,3.7,7.1,.516,0.0,0.0,,3.7,7.1,.516,1.1,2.1,.532,3.7,8.8,12.4,1.2,1.0,0.8,2.3,5.6,8.5,2012
179,Danny Green,SG,24,SAS,66,38,1522,5.0,11.3,.442,2.4,5.5,.436,2.6,5.7,.449,1.9,2.4,.790,1.3,4.1,5.4,2.0,1.4,1.1,1.6,2.5,14.3,2012
181,Willie Green,SG,30,ATL,53,2,922,6.0,12.7,.471,2.0,4.4,.442,4.0,8.3,.486,1.9,2.2,.857,0.6,2.5,3.1,1.6,0.9,0.2,1.3,2.9,15.8,2012
182,Donté Greene,PF,23,SAC,53,7,777,5.0,12.3,.406,1.2,4.9,.238,3.8,7.5,.516,2.0,2.5,.800,0.9,5.3,6.2,1.6,0.8,1.3,1.5,3.1,13.2,2012
183,Blake Griffin,PF,22,LAC,66,66,2392,8.4,15.4,.549,0.0,0.2,.125,8.4,15.1,.556,3.7,7.0,.521,3.3,7.5,10.8,3.2,0.8,0.7,2.3,3.3,20.6,2012
187,Tyler Hansbrough,PF,26,IND,66,0,1442,4.8,12.0,.405,0.0,0.0,.000,4.8,11.9,.406,5.6,6.9,.813,2.8,4.4,7.2,0.7,1.3,0.2,1.6,4.0,15.3,2012
189,James Harden,SG,22,OKC,62,2,1946,5.7,11.6,.491,2.1,5.4,.390,3.6,6.2,.579,5.8,6.8,.846,0.6,4.1,4.7,4.2,1.1,0.3,2.5,2.8,19.3,2012
192,Al Harrington,PF,31,DEN,64,1,1761,7.1,15.8,.446,2.1,6.2,.333,5.0,9.6,.519,2.4,3.6,.676,1.5,6.5,8.0,1.8,1.2,0.2,2.3,3.7,18.6,2012
193,Devin Harris,PG,28,UTA,63,63,1741,5.0,11.2,.445,1.6,4.4,.362,3.4,6.8,.498,3.2,4.3,.746,0.2,2.1,2.3,6.5,1.3,0.3,2.5,2.8,14.8,2012
196,Tobias Harris,SF,19,MIL,42,9,479,5.9,12.7,.467,0.5,1.7,.261,5.5,11.0,.500,3.3,4.1,.815,2.3,5.3,7.6,1.7,1.0,0.5,2.3,3.4,15.6,2012
197,Udonis Haslem,PF,31,MIA,64,10,1589,3.4,8.1,.423,0.0,0.0,,3.4,8.1,.423,1.9,2.3,.814,2.7,8.0,10.6,1.0,0.8,0.5,1.4,3.2,8.7,2012
199,Chuck Hayes,C,28,SAC,54,9,1039,2.5,5.9,.429,0.0,0.1,.000,2.5,5.8,.435,0.9,1.4,.667,2.5,5.6,8.1,2.7,1.2,0.6,1.7,3.8,6.0,2012
200,Gordon Hayward,SF,21,UTA,66,58,2015,4.8,10.5,.456,1.0,2.8,.346,3.8,7.6,.496,3.4,4.1,.832,1.1,3.1,4.1,3.7,0.9,0.7,1.9,1.9,14.0,2012
202,Brendan Haywood,C,32,DAL,54,54,1146,3.7,7.2,.518,0.0,0.0,,3.7,7.2,.518,1.4,3.0,.469,4.4,5.8,10.2,0.6,0.8,1.7,1.4,3.8,8.8,2012
203,Gerald Henderson,SG,24,CHA,55,55,1831,6.5,14.2,.459,0.2,0.9,.234,6.3,13.3,.475,3.0,4.0,.760,1.3,3.2,4.4,2.5,1.0,0.4,2.0,2.5,16.3,2012
204,Xavier Henry,SG,20,NOH,45,0,759,4.3,10.8,.395,0.3,0.8,.412,3.9,10.0,.393,2.5,4.0,.612,1.1,3.9,5.0,1.7,1.2,0.4,1.7,2.8,11.3,2012
205,Roy Hibbert,C,25,IND,65,65,1937,6.2,12.4,.497,0.0,0.0,.000,6.2,12.4,.498,3.2,4.4,.711,4.0,6.7,10.6,2.0,0.6,2.4,2.4,3.6,15.5,2012
206,J.J. Hickson,PF,23,TOT,54,19,1244,5.3,11.3,.467,0.0,0.1,.000,5.3,11.3,.469,2.5,3.9,.642,3.8,5.8,9.7,1.3,0.9,1.0,2.0,2.5,13.1,2012
209,George Hill,PG,25,IND,50,9,1274,4.7,10.7,.442,1.5,4.2,.367,3.2,6.6,.489,2.6,3.3,.778,0.9,3.4,4.3,4.1,1.2,0.5,1.5,2.8,13.6,2012
210,Grant Hill*,SF,39,PHO,49,46,1378,5.3,11.8,.446,0.4,1.4,.264,4.9,10.4,.470,2.2,2.8,.761,0.8,3.7,4.5,2.8,1.1,0.8,1.7,2.3,13.0,2012
212,Kirk Hinrich,SG,31,ATL,48,31,1237,3.6,8.6,.414,1.4,4.0,.346,2.2,4.6,.472,0.7,0.9,.781,0.3,2.6,2.9,3.8,1.1,0.3,1.7,2.9,9.2,2012
214,Jrue Holiday,PG,21,PHI,65,65,2196,5.9,13.7,.432,1.1,2.8,.380,4.8,10.9,.445,1.5,2.0,.783,0.9,2.5,3.5,4.8,1.7,0.3,2.2,2.2,14.4,2012
219,Dwight Howard,C,26,ORL,54,54,2070,7.2,12.6,.573,0.0,0.1,.000,7.2,12.5,.579,4.9,9.9,.491,3.5,10.2,13.7,1.8,1.4,2.0,3.0,2.8,19.4,2012
220,Josh Howard,SF,31,UTA,43,18,991,5.2,13.1,.399,0.3,1.3,.243,4.9,11.8,.417,2.7,3.5,.773,1.4,4.3,5.7,1.8,1.2,0.4,1.9,3.3,13.5,2012
224,Kris Humphries,PF,26,NJN,62,62,2162,5.4,11.2,.481,0.0,0.0,,5.4,11.2,.481,3.5,4.6,.752,3.9,7.5,11.3,1.5,0.8,1.2,2.0,2.9,14.2,2012
225,Serge Ibaka,PF,22,OKC,66,66,1792,5.3,9.8,.535,0.0,0.1,.333,5.2,9.8,.536,1.6,2.4,.661,3.9,6.1,10.0,0.6,0.7,4.8,1.6,3.6,12.1,2012
226,Andre Iguodala,SF,28,PHI,62,62,2209,4.7,10.3,.454,1.2,3.1,.394,3.4,7.2,.481,2.0,3.2,.617,0.9,5.3,6.2,5.5,1.7,0.5,1.9,1.5,12.6,2012
227,Ersan İlyasova,PF,24,MIL,60,41,1655,6.4,13.0,.492,1.1,2.4,.455,5.3,10.5,.501,3.1,4.0,.781,4.3,7.2,11.5,1.5,0.9,1.0,1.7,2.9,17.0,2012
228,Kyrie Irving,PG,19,CLE,51,51,1558,8.1,17.3,.469,1.7,4.2,.399,6.4,13.0,.491,4.0,4.5,.872,1.0,3.4,4.4,6.4,1.2,0.5,3.7,2.5,21.8,2012
230,Jarrett Jack,PG,28,NOH,45,39,1530,6.3,13.7,.456,0.9,2.6,.348,5.3,11.1,.482,3.0,3.5,.872,0.5,3.6,4.1,6.7,0.7,0.2,2.5,2.2,16.5,2012
231,Reggie Jackson,PG,21,OKC,45,0,501,3.7,11.4,.321,0.9,4.5,.210,2.7,7.0,.392,1.8,2.1,.862,1.0,2.8,3.8,5.1,1.8,0.1,2.6,2.2,10.1,2012
232,Stephen Jackson,SF,33,TOT,47,14,1212,4.7,12.6,.374,1.5,5.0,.288,3.3,7.6,.431,2.8,3.4,.825,0.7,4.2,4.8,3.5,1.6,0.4,3.1,2.9,13.7,2012
234,LeBron James,SF,27,MIA,62,62,2326,9.6,18.1,.531,0.8,2.3,.362,8.8,15.8,.556,6.0,7.8,.771,1.5,6.2,7.6,6.0,1.8,0.8,3.3,1.5,26.0,2012
236,Antawn Jamison,PF,35,CLE,65,65,2151,7.0,17.5,.403,1.5,4.5,.341,5.5,13.0,.425,3.1,4.5,.683,2.1,4.8,6.8,2.2,0.9,0.7,1.5,2.7,18.7,2012
237,Al Jefferson,C,27,UTA,61,61,2075,9.0,18.2,.492,0.0,0.1,.250,8.9,18.1,.493,2.4,3.1,.774,2.3,7.8,10.1,2.3,0.8,1.8,1.1,2.7,20.3,2012
238,Richard Jefferson,SF,31,TOT,63,44,1748,4.2,10.1,.416,2.3,5.5,.420,1.9,4.5,.411,1.2,1.8,.694,0.5,4.0,4.5,1.8,0.8,0.4,1.0,2.5,11.9,2012
240,Charles Jenkins,PG,22,GSW,51,28,893,5.2,11.7,.447,0.1,0.8,.150,5.1,10.9,.469,1.4,1.6,.872,0.3,2.4,2.7,6.9,1.3,0.2,2.4,3.4,12.0,2012
241,Brandon Jennings,PG,22,MIL,66,66,2331,7.2,17.3,.418,2.0,6.0,.332,5.3,11.3,.464,3.0,3.7,.808,0.8,2.7,3.5,5.6,1.6,0.3,2.3,1.8,19.5,2012
242,Jonas Jerebko,PF,24,DET,64,13,1468,5.2,11.1,.468,0.8,2.6,.302,4.4,8.5,.519,2.5,3.0,.806,2.4,5.2,7.6,1.1,1.0,0.5,1.6,4.0,13.6,2012
244,Amir Johnson,PF,24,TOR,64,43,1553,4.5,7.9,.576,0.0,0.1,.400,4.5,7.8,.579,1.3,1.9,.690,3.5,6.0,9.5,1.8,0.8,1.6,2.2,4.8,10.5,2012
248,Ivan Johnson,PF,27,ATL,56,0,934,5.4,10.6,.513,0.1,0.2,.333,5.4,10.4,.517,2.8,3.9,.720,2.5,6.2,8.7,1.2,1.7,0.7,2.7,4.5,13.7,2012
250,James Johnson,SF,24,TOR,62,40,1561,5.4,11.9,.450,0.4,1.4,.317,4.9,10.6,.467,1.9,2.7,.704,1.7,5.0,6.7,2.8,1.6,1.9,2.3,4.1,13.1,2012
251,Joe Johnson,SG,30,ATL,60,60,2127,7.2,15.8,.454,2.1,5.4,.388,5.0,10.3,.489,2.7,3.1,.849,0.9,2.8,3.7,3.9,0.8,0.2,2.0,1.3,19.1,2012
253,Wesley Johnson,SF,24,MIN,65,64,1469,3.9,9.7,.398,1.3,4.1,.314,2.6,5.6,.461,0.6,0.8,.706,0.6,3.7,4.3,1.4,0.9,1.2,1.5,2.8,9.6,2012
254,Dahntay Jones,SF,31,IND,65,3,1052,3.9,9.6,.409,1.1,2.6,.429,2.8,7.0,.402,2.8,3.4,.838,0.8,3.2,4.0,2.2,0.8,0.4,1.6,4.1,11.8,2012
256,James Jones,SG,31,MIA,51,10,666,3.1,8.1,.380,2.5,6.2,.404,0.6,1.9,.306,1.4,1.6,.833,0.3,2.3,2.6,1.0,0.9,0.5,0.5,2.4,10.0,2012
258,DeAndre Jordan,C,23,LAC,66,66,1798,4.1,6.5,.632,0.0,0.0,.000,4.1,6.5,.634,1.5,2.8,.525,4.0,6.9,10.9,0.3,0.6,2.7,1.5,3.8,9.7,2012
261,Chris Kaman,C,29,NOH,47,33,1372,7.0,15.7,.446,0.0,0.0,,7.0,15.7,.446,2.2,2.8,.785,2.3,7.2,9.6,2.7,0.7,2.0,3.4,2.8,16.2,2012
264,Jason Kidd*,PG,38,DAL,48,48,1379,2.6,7.1,.363,2.1,5.8,.354,0.5,1.3,.400,0.6,0.7,.786,0.4,4.8,5.2,6.9,2.1,0.3,2.4,2.2,7.8,2012
265,Linas Kleiza,SF,27,TOR,49,3,1057,5.6,14.0,.402,2.1,6.1,.346,3.5,7.9,.446,2.8,3.4,.810,1.4,5.3,6.8,1.6,0.8,0.1,2.2,4.1,16.1,2012
266,Brandon Knight,PG,20,DET,66,60,2129,5.4,13.0,.415,1.8,4.7,.380,3.6,8.3,.434,1.8,2.3,.759,0.6,3.0,3.6,4.2,0.8,0.2,2.9,2.6,14.3,2012
267,Kyle Korver,SG,30,CHI,65,7,1469,4.4,10.1,.432,2.9,6.6,.435,1.5,3.5,.426,1.3,1.6,.833,0.6,3.3,3.9,2.7,0.9,0.4,1.3,2.7,13.0,2012
268,Kosta Koufos,C,22,DEN,48,24,792,5.2,8.7,.599,0.0,0.0,,5.2,8.7,.599,1.5,2.5,.600,4.3,7.4,11.7,0.7,1.1,1.9,1.5,4.4,12.0,2012
270,Ty Lawson,PG,24,DEN,61,61,2124,6.3,13.0,.488,1.2,3.4,.365,5.1,9.6,.531,3.0,3.7,.824,0.9,2.9,3.8,6.8,1.4,0.1,2.5,1.6,16.9,2012
271,Courtney Lee,SG,26,HOU,58,26,1757,5.1,11.9,.433,1.8,4.4,.401,3.4,7.4,.452,1.5,1.8,.826,0.5,2.7,3.3,1.8,1.4,0.5,1.3,2.2,13.5,2012
272,David Lee,PF,28,GSW,57,57,2121,7.9,15.6,.503,0.0,0.1,.000,7.9,15.6,.506,3.7,4.8,.782,2.9,6.3,9.3,2.7,0.9,0.4,2.5,3.0,19.5,2012
274,Kawhi Leonard,SF,20,SAS,64,39,1534,4.7,9.5,.493,1.0,2.6,.376,3.7,6.9,.536,1.6,2.1,.773,2.4,5.2,7.7,1.6,2.0,0.6,1.0,2.1,11.9,2012
276,Jon Leuer,PF,22,MIL,46,12,555,6.3,12.4,.508,0.2,0.6,.333,6.1,11.8,.516,1.4,1.8,.750,2.9,4.9,7.8,1.6,0.9,1.1,1.2,4.3,14.1,2012
280,Shaun Livingston,SG,26,MIL,58,27,1092,4.2,8.9,.469,0.1,0.1,.667,4.1,8.8,.466,2.0,2.6,.785,1.3,2.8,4.1,4.0,0.9,0.7,2.2,2.6,10.5,2012
282,Robin Lopez,C,23,PHO,64,0,895,5.0,10.8,.461,0.0,0.0,,5.0,10.8,.461,4.0,5.6,.714,3.6,4.8,8.4,0.8,0.7,2.4,1.7,5.1,14.0,2012
283,Kevin Love,PF,23,MIN,55,55,2145,8.0,17.8,.448,1.8,4.7,.372,6.2,13.0,.475,6.4,7.7,.824,3.8,8.5,12.3,1.9,0.8,0.5,2.1,2.6,24.0,2012
284,Kyle Lowry,PG,25,HOU,47,38,1510,5.0,12.2,.409,1.9,5.0,.374,3.1,7.2,.434,4.1,4.7,.864,0.9,4.2,5.1,7.4,1.7,0.3,3.1,3.2,16.0,2012
285,John Lucas III,PG,29,CHI,49,2,726,7.1,17.8,.399,2.7,6.9,.393,4.4,10.8,.404,1.4,1.6,.875,1.1,2.7,3.8,5.4,0.9,0.0,2.1,2.1,18.3,2012
286,Shelvin Mack,PG,21,WAS,64,0,779,4.1,10.2,.400,0.6,1.9,.286,3.5,8.2,.427,1.9,2.7,.712,0.6,3.7,4.3,6.1,1.3,0.1,2.2,2.3,10.6,2012
290,Ian Mahinmi,C,25,DAL,61,12,1139,4.1,7.5,.546,0.0,0.0,.000,4.1,7.5,.549,3.0,4.6,.639,3.4,5.7,9.1,0.4,1.2,1.0,1.6,5.6,11.2,2012
291,Shawn Marion,SF,33,DAL,63,63,1919,5.4,12.1,.446,0.4,1.3,.294,5.0,10.8,.464,1.4,1.7,.796,2.7,6.0,8.7,2.5,1.3,0.7,1.8,1.6,12.6,2012
293,Kenyon Martin,PF,34,LAC,42,0,940,3.7,8.4,.441,0.1,0.5,.231,3.6,7.9,.454,0.8,2.1,.370,1.9,5.1,6.9,0.7,1.7,1.6,1.2,3.9,8.3,2012
295,Roger Mason,SG,31,WAS,52,0,697,5.3,13.3,.399,3.0,8.0,.383,2.3,5.4,.423,1.1,1.4,.778,0.4,3.2,3.6,2.4,0.7,0.3,1.7,1.7,14.8,2012
296,Wesley Matthews,SG,25,POR,66,53,2228,5.1,12.3,.412,2.1,5.4,.383,3.0,6.9,.434,2.4,2.8,.860,0.9,2.7,3.6,1.8,1.6,0.2,1.2,2.4,14.6,2012
297,Jason Maxiell,PF,28,DET,65,42,1466,4.5,9.4,.478,0.0,0.0,.000,4.5,9.4,.480,1.4,2.6,.547,3.1,5.1,8.2,1.0,0.8,1.2,1.7,3.7,10.4,2012
299,O.J. Mayo,SG,24,MEM,66,0,1771,6.1,15.0,.408,2.0,5.6,.364,4.1,9.4,.434,2.7,3.5,.773,0.6,3.7,4.3,3.4,1.4,0.5,2.5,2.8,16.9,2012
300,Luc Mbah a Moute,PF,25,MIL,43,22,1009,4.7,9.3,.510,0.0,0.1,.250,4.7,9.2,.514,2.4,3.7,.641,2.7,5.4,8.1,1.0,1.4,0.8,1.4,3.3,11.9,2012
301,JaVale McGee,C,24,TOT,61,45,1535,7.2,12.9,.556,0.0,0.0,,7.2,12.9,.556,1.8,3.9,.461,3.8,7.4,11.2,0.7,0.8,3.1,2.0,3.9,16.2,2012
302,Tracy McGrady*,SF,32,ATL,52,0,837,4.3,9.9,.437,0.6,1.4,.455,3.7,8.5,.434,2.4,3.6,.675,1.0,5.6,6.6,4.7,0.7,0.6,2.3,1.5,11.7,2012
303,Dominic McGuire,PF,26,GSW,64,6,1127,3.0,6.7,.448,0.0,0.1,.000,3.0,6.6,.456,1.2,1.7,.736,2.3,5.5,7.9,3.5,1.4,1.1,1.8,3.3,7.3,2012
304,Josh McRoberts,PF,24,LAL,50,6,718,2.8,5.9,.475,0.2,0.4,.429,2.7,5.6,.477,1.2,1.8,.639,3.1,5.5,8.6,2.6,0.8,0.9,1.6,3.7,6.9,2012
305,Jodie Meeks,SG,24,PHI,66,50,1644,4.2,10.2,.409,2.1,5.8,.365,2.1,4.4,.468,1.7,1.9,.906,0.4,3.2,3.5,1.2,0.9,0.1,0.6,1.8,12.2,2012
306,C.J. Miles,SG,24,UTA,56,14,1145,5.6,14.6,.381,1.4,4.7,.307,4.1,9.9,.416,3.4,4.3,.794,0.8,2.8,3.6,2.2,1.4,0.6,1.7,3.8,16.0,2012
308,Andre Miller,SG,35,DEN,66,7,1809,4.8,11.0,.438,0.4,1.7,.217,4.5,9.3,.478,2.7,3.4,.811,1.1,3.3,4.4,8.8,1.3,0.2,3.5,2.6,12.7,2012
312,Paul Millsap,PF,26,UTA,64,62,2100,7.3,14.8,.495,0.1,0.5,.226,7.2,14.2,.505,3.5,4.4,.792,3.1,6.6,9.7,2.6,2.0,0.9,1.9,3.8,18.2,2012
313,Nazr Mohammed,C,34,OKC,63,1,692,4.1,8.8,.467,0.0,0.1,.000,4.1,8.7,.470,0.7,1.2,.565,3.1,5.8,8.8,0.7,1.0,1.9,1.4,5.3,8.9,2012
314,Greg Monroe,C,21,DET,66,66,2082,7.0,13.5,.521,0.0,0.0,.000,7.0,13.5,.522,3.5,4.7,.739,4.1,6.9,11.0,2.6,1.4,0.8,2.8,3.1,17.6,2012
320,Markieff Morris,PF,22,PHO,63,7,1227,5.1,12.8,.399,1.3,3.6,.347,3.8,9.2,.420,2.2,3.1,.717,2.0,6.2,8.2,1.9,1.2,1.2,2.1,5.3,13.7,2012
321,Anthony Morrow,SG,26,NJN,62,18,1636,6.0,14.5,.413,2.3,6.3,.371,3.7,8.2,.446,2.1,2.3,.933,0.7,2.1,2.8,1.3,1.0,0.2,1.5,1.9,16.4,2012
322,Timofey Mozgov,C,25,DEN,44,35,687,5.2,10.0,.526,0.0,0.0,,5.2,10.0,.526,2.0,3.0,.684,2.8,6.6,9.4,1.2,0.8,2.2,2.8,4.5,12.5,2012
323,Byron Mullens,C,22,CHA,65,25,1465,6.2,14.5,.425,0.3,1.3,.235,5.9,13.3,.443,2.3,2.8,.821,2.4,5.7,8.0,1.4,0.5,1.3,1.8,3.4,14.9,2012
324,Troy Murphy,PF,31,LAL,59,0,956,2.9,6.4,.450,1.1,2.5,.418,1.8,3.9,.471,0.2,0.3,.667,1.5,5.7,7.2,1.9,0.6,0.6,1.0,3.7,7.1,2012
327,Steve Nash*,PG,37,PHO,62,62,1961,5.4,10.2,.532,1.0,2.6,.390,4.4,7.6,.580,2.3,2.6,.894,0.5,2.9,3.4,12.2,0.7,0.1,4.2,1.0,14.2,2012
328,Gary Neal,SG,27,SAS,56,7,1206,6.3,14.5,.436,2.5,5.9,.419,3.9,8.6,.448,1.5,1.9,.781,0.4,3.2,3.5,3.5,0.8,0.1,1.8,2.2,16.6,2012
329,Jameer Nelson,PG,29,ORL,57,57,1706,5.5,12.8,.427,1.8,4.9,.377,3.6,7.9,.459,1.5,1.9,.807,0.6,3.2,3.8,6.9,0.8,0.1,2.8,2.7,14.3,2012
330,Joakim Noah,C,26,CHI,64,64,1945,4.6,9.1,.508,0.0,0.0,.000,4.6,9.1,.509,2.9,3.8,.748,4.5,7.2,11.6,3.0,0.8,1.7,1.7,3.0,12.1,2012
332,Steve Novak,PF,28,NYK,54,0,1020,5.7,11.9,.478,4.7,10.0,.472,1.0,1.9,.509,0.8,0.9,.846,0.3,3.4,3.7,0.4,0.6,0.3,0.7,2.1,16.8,2012
333,Dirk Nowitzki,PF,33,DAL,62,62,2079,8.2,17.9,.457,1.4,3.7,.368,6.8,14.2,.481,5.5,6.1,.896,0.8,6.4,7.2,2.4,0.7,0.5,2.0,2.2,23.2,2012
335,Lamar Odom,SF,32,DAL,50,4,1027,4.3,12.2,.352,1.0,3.9,.252,3.3,8.3,.399,2.0,3.4,.592,1.3,6.0,7.3,2.9,0.7,0.6,1.8,3.4,11.6,2012
341,Zaza Pachulia,C,27,ATL,58,44,1640,3.7,7.4,.499,0.0,0.0,,3.7,7.4,.499,2.6,3.5,.741,3.4,6.7,10.0,1.7,1.2,0.6,1.8,3.8,10.0,2012
342,Jannero Pargo,PG,32,ATL,50,0,671,5.6,13.6,.415,2.8,7.4,.384,2.8,6.2,.452,1.0,1.1,.950,0.5,3.4,3.9,5.2,1.1,0.1,2.6,3.4,15.1,2012
343,Jeremy Pargo,PG,25,MEM,44,5,424,4.2,12.7,.333,0.8,3.2,.263,3.4,9.5,.357,1.4,2.3,.593,1.0,2.1,3.1,4.7,1.3,0.0,3.9,3.9,10.7,2012
344,Anthony Parker,SF,36,CLE,51,51,1280,4.0,9.2,.433,1.4,3.9,.362,2.6,5.3,.484,1.0,1.6,.625,0.3,3.6,3.9,3.4,1.1,0.2,1.4,1.8,10.3,2012
345,Tony Parker,PG,29,SAS,60,60,1923,8.0,16.7,.480,0.3,1.1,.230,7.7,15.5,.498,4.2,5.3,.799,0.4,2.8,3.2,8.7,1.1,0.1,2.9,1.4,20.5,2012
346,Chandler Parsons,SF,23,HOU,63,57,1804,4.9,11.0,.452,1.2,3.6,.337,3.8,7.4,.507,0.9,1.6,.551,1.8,4.2,6.0,2.7,1.5,0.6,1.6,2.8,12.0,2012
347,Patrick Patterson,PF,22,HOU,64,1,1483,5.5,12.4,.440,0.0,0.1,.000,5.5,12.3,.443,1.0,1.4,.702,2.7,4.2,6.9,1.3,0.7,0.9,1.2,2.7,11.9,2012
348,Chris Paul,PG,26,LAC,60,60,2181,7.0,14.7,.478,1.3,3.5,.371,5.7,11.2,.511,4.3,5.0,.861,0.7,2.8,3.5,9.0,2.5,0.1,2.0,2.3,19.6,2012
349,Sasha Pavlović,SF,28,BOS,45,7,527,3.4,8.7,.391,1.2,4.0,.293,2.3,4.8,.471,0.2,0.5,.375,0.3,4.6,4.9,1.2,1.4,1.0,1.4,3.7,8.2,2012
350,Nikola Peković,C,26,MIN,47,35,1264,7.3,12.9,.564,0.0,0.0,,7.3,12.9,.564,4.0,5.3,.743,5.2,4.7,9.9,0.9,0.8,0.9,2.5,2.8,18.5,2012
351,Kendrick Perkins,C,27,OKC,65,65,1744,2.6,5.4,.489,0.0,0.0,,2.6,5.4,.489,1.5,2.3,.652,2.5,6.3,8.8,1.6,0.5,1.5,2.4,3.9,6.8,2012
352,Johan Petro,C,26,NJN,59,10,920,4.3,10.2,.419,0.0,0.0,1.000,4.2,10.1,.417,1.2,1.4,.838,2.7,6.1,8.8,1.8,0.8,0.9,1.5,4.8,9.8,2012
353,Paul Pierce*,SF,34,BOS,61,61,2075,6.8,15.4,.443,1.7,4.7,.366,5.1,10.7,.476,5.1,6.0,.852,0.6,4.9,5.5,4.8,1.2,0.5,3.0,2.6,20.5,2012
354,Mickaël Piétrus,SG,29,BOS,42,6,921,4.1,10.6,.385,2.4,7.1,.335,1.7,3.4,.489,0.8,1.2,.645,0.7,4.4,5.1,1.0,0.8,0.4,1.3,3.2,11.3,2012
356,Quincy Pondexter,SF,23,MEM,64,8,1002,3.9,8.6,.452,0.8,2.6,.301,3.1,6.0,.518,1.2,1.9,.623,2.0,2.6,4.5,1.0,1.0,0.2,1.1,3.2,9.7,2012
357,A.J. Price,PG,25,IND,44,1,568,3.7,11.0,.339,1.6,5.6,.295,2.1,5.5,.384,1.8,2.2,.800,0.8,3.0,3.9,5.5,1.3,0.1,2.0,1.9,10.9,2012
359,Tayshaun Prince,SF,31,DET,63,63,2087,5.8,13.8,.421,0.6,1.8,.356,5.2,12.0,.431,1.5,2.0,.774,1.2,3.6,4.8,2.6,0.5,0.6,1.3,1.3,13.8,2012
361,Vladimir Radmanović,SF,31,ATL,49,3,755,3.5,9.4,.376,2.4,6.4,.370,1.1,3.0,.387,1.0,1.4,.759,1.6,5.2,6.8,2.6,1.0,0.7,1.7,3.0,10.5,2012
364,Michael Redd,SG,32,PHO,51,2,770,6.7,16.8,.400,2.0,6.2,.318,4.8,10.7,.447,4.1,5.2,.793,0.7,2.9,3.6,1.5,0.6,0.0,1.7,1.4,19.5,2012
365,J.J. Redick,SG,27,ORL,65,22,1765,5.1,11.9,.425,2.3,5.5,.418,2.8,6.4,.430,2.9,3.2,.911,0.4,2.7,3.1,3.3,0.6,0.1,1.4,1.9,15.3,2012
367,Jason Richardson,SG,31,ORL,54,54,1591,5.5,13.5,.408,2.3,6.3,.368,3.2,7.2,.442,0.9,1.6,.594,0.8,3.6,4.4,2.4,1.2,0.5,1.4,2.1,14.2,2012
368,Quentin Richardson,SF,31,ORL,48,3,866,3.1,8.2,.376,1.7,5.0,.347,1.3,3.2,.421,1.0,1.2,.833,0.6,4.5,5.1,1.6,1.2,0.2,1.2,3.1,8.9,2012
369,Luke Ridnour,SG,30,MIN,53,53,1750,5.0,11.3,.440,1.0,3.1,.322,4.0,8.2,.485,2.2,2.4,.891,0.4,2.5,2.9,5.2,1.2,0.3,2.0,2.8,13.1,2012
370,Nate Robinson,PG,27,GSW,51,9,1192,6.2,14.6,.424,2.0,5.5,.365,4.2,9.2,.459,2.8,3.4,.832,0.5,2.6,3.0,7.0,1.8,0.1,2.3,3.6,17.2,2012
371,Rajon Rondo,PG,25,BOS,53,53,1957,4.7,10.5,.448,0.2,0.8,.238,4.5,9.7,.464,2.0,3.3,.597,1.1,3.6,4.7,11.4,1.7,0.1,3.6,1.8,11.6,2012
374,Brandon Rush,SF,26,GSW,65,1,1717,4.9,9.8,.501,2.1,4.6,.452,2.9,5.2,.544,1.4,1.7,.793,0.7,4.6,5.3,1.8,0.7,1.2,1.4,1.3,13.3,2012
376,John Salmons,SF,32,SAC,46,32,1250,4.1,9.9,.409,1.0,3.2,.295,3.1,6.7,.464,0.8,1.3,.644,0.6,3.3,3.9,2.7,1.1,0.2,1.3,2.2,9.9,2012
377,Samardo Samuels,C,23,CLE,54,0,825,4.6,10.1,.455,0.0,0.0,,4.6,10.1,.455,3.6,5.1,.701,2.7,5.1,7.9,0.9,0.9,0.9,2.4,4.9,12.7,2012
378,Larry Sanders,PF,23,MIL,52,0,643,4.7,10.3,.457,0.0,0.1,.000,4.7,10.2,.462,1.0,2.1,.474,3.5,5.5,9.0,1.8,1.8,4.3,2.4,7.4,10.4,2012
380,Luis Scola,PF,31,HOU,66,66,2067,7.6,15.5,.491,0.0,0.1,.000,7.6,15.4,.493,2.7,3.4,.773,2.1,5.3,7.5,2.4,0.6,0.4,2.7,3.7,17.9,2012
381,Thabo Sefolosha,SG,27,OKC,42,42,914,2.6,6.1,.432,1.2,2.8,.437,1.4,3.3,.429,1.5,1.7,.884,0.8,4.2,5.0,1.9,1.5,0.7,1.6,3.1,8.0,2012
383,Kevin Séraphin,C,22,WAS,57,21,1176,6.2,11.7,.531,0.0,0.0,.000,6.2,11.7,.533,1.4,2.1,.671,3.2,5.4,8.6,1.0,0.6,2.3,2.0,4.1,13.9,2012
384,Ramon Sessions,PG,25,TOT,64,23,1707,5.1,11.9,.428,0.9,2.0,.443,4.2,9.9,.425,4.1,5.2,.782,0.7,3.8,4.5,7.5,0.9,0.1,3.0,2.1,15.2,2012
385,Iman Shumpert,PG,21,NYK,59,35,1705,4.5,11.3,.401,1.0,3.3,.306,3.5,8.0,.440,1.8,2.3,.798,0.9,3.0,3.9,3.5,2.1,0.2,2.3,3.7,11.9,2012
388,Chris Singleton,SF,22,WAS,66,51,1431,2.9,7.8,.372,1.1,3.2,.346,1.8,4.7,.389,0.8,1.1,.682,1.1,4.8,5.9,1.2,1.8,0.8,1.0,4.4,7.7,2012
392,Craig Smith,PF,28,POR,47,0,464,4.6,9.1,.504,0.0,0.1,.000,4.6,9.0,.509,2.9,4.1,.717,2.6,6.0,8.5,1.5,1.2,0.4,1.9,4.3,12.1,2012
398,Josh Smith,PF,26,ATL,66,66,2329,7.8,17.0,.458,0.4,1.7,.257,7.4,15.3,.480,3.1,5.0,.630,2.1,7.7,9.8,4.0,1.4,1.8,2.5,2.7,19.2,2012
399,Nolan Smith,PG,23,POR,44,4,541,4.5,12.0,.372,0.9,3.0,.289,3.6,9.0,.400,1.3,1.9,.714,1.1,2.6,3.7,4.1,1.2,0.2,2.8,3.7,11.1,2012
400,Marreese Speights,PF,24,MEM,60,54,1345,5.9,13.1,.453,0.0,0.1,.000,5.9,13.0,.456,2.2,2.9,.771,3.6,6.5,10.0,1.3,0.6,0.8,2.0,3.9,14.1,2012
401,Tiago Splitter,C,27,SAS,59,2,1121,6.8,11.0,.618,0.0,0.0,,6.8,11.0,.618,4.0,5.8,.691,3.0,6.8,9.8,2.1,0.7,1.5,2.8,4.3,17.6,2012
403,Lance Stephenson,SG,21,IND,42,1,442,3.8,10.2,.376,0.3,2.4,.133,3.5,7.7,.453,0.7,1.4,.471,1.0,3.3,4.3,3.7,1.7,0.4,2.9,2.4,8.6,2012
404,DeShawn Stevenson,SF,30,NJN,51,30,960,1.8,6.4,.285,1.5,5.4,.283,0.3,1.0,.296,0.3,0.6,.563,0.3,3.5,3.8,1.5,0.7,0.1,0.7,2.2,5.5,2012
405,Greg Stiemsma,C,26,BOS,55,3,766,3.1,5.7,.545,0.0,0.0,,3.1,5.7,.545,1.4,1.9,.707,2.3,6.1,8.3,1.3,1.7,4.0,1.6,6.8,7.6,2012
407,Amar'e Stoudemire,PF,29,NYK,47,47,1543,7.4,15.3,.483,0.1,0.5,.238,7.3,14.8,.491,4.3,5.7,.765,2.5,6.1,8.6,1.2,0.9,1.0,2.6,3.2,19.2,2012
408,Rodney Stuckey,SG,25,DET,55,48,1644,5.6,13.1,.429,0.7,2.3,.317,4.9,10.8,.452,5.8,7.0,.834,0.8,2.3,3.1,4.6,1.0,0.2,2.3,2.7,17.8,2012
410,Jeff Teague,PG,23,ATL,66,66,2183,5.3,11.1,.476,0.8,2.5,.342,4.4,8.6,.514,2.3,3.1,.757,0.3,2.3,2.6,5.3,1.7,0.6,2.2,2.4,13.7,2012
411,Sebastian Telfair,PG,26,PHO,60,1,895,5.7,13.8,.412,1.3,4.2,.314,4.3,9.5,.456,2.1,2.7,.791,0.8,2.9,3.7,5.6,1.6,0.5,2.7,4.8,14.8,2012
412,Jason Terry,SG,34,DAL,63,1,2000,6.4,14.9,.430,2.5,6.6,.378,3.9,8.4,.471,1.8,2.0,.883,0.3,2.4,2.7,4.1,1.3,0.2,2.3,1.2,17.1,2012
414,Isaiah Thomas,PG,22,SAC,65,37,1656,5.6,12.4,.448,1.8,4.8,.379,3.8,7.7,.491,3.3,4.0,.832,1.0,2.6,3.7,5.8,1.2,0.2,2.3,2.6,16.3,2012
415,Kurt Thomas,C,39,POR,53,3,803,3.3,7.0,.465,0.0,0.0,,3.3,7.0,.465,0.6,0.9,.700,1.7,6.7,8.4,2.1,1.1,1.4,1.4,5.5,7.2,2012
416,Lance Thomas,PF,23,NOH,42,10,630,3.3,7.2,.452,0.0,0.1,.000,3.3,7.1,.456,3.0,3.5,.839,2.8,4.4,7.2,0.7,0.6,0.4,1.4,4.5,9.5,2012
418,Tyrus Thomas,PF,25,CHA,54,30,1013,4.3,11.6,.367,0.0,0.1,.333,4.2,11.5,.367,2.2,2.9,.759,1.7,5.4,7.1,1.2,1.3,2.1,1.9,5.1,10.8,2012
420,Jason Thompson,PF,25,SAC,64,47,1657,5.1,9.6,.535,0.0,0.0,.000,5.1,9.6,.537,2.4,3.9,.602,3.6,6.0,9.6,1.7,0.9,1.0,1.5,3.2,12.7,2012
421,Klay Thompson,SG,21,GSW,66,29,1608,7.1,16.1,.443,2.5,6.0,.414,4.6,10.1,.460,1.8,2.0,.868,0.5,3.1,3.6,3.0,1.1,0.4,2.3,3.5,18.5,2012
423,Tristan Thompson,PF,20,CLE,60,25,1424,4.9,11.2,.439,0.0,0.1,.000,4.9,11.1,.441,2.7,4.9,.552,4.7,5.1,9.8,0.7,0.7,1.6,2.0,3.4,12.5,2012
424,Marcus Thornton,SG,24,SAC,51,51,1780,7.1,16.2,.438,2.2,6.3,.345,5.0,10.0,.497,2.9,3.3,.865,1.7,2.1,3.8,2.0,1.4,0.2,1.7,2.2,19.3,2012
426,Anthony Tolliver,SF,26,MIN,51,0,882,2.9,7.4,.390,1.0,4.1,.248,1.9,3.3,.568,1.7,2.2,.745,2.0,4.2,6.2,0.9,0.7,0.8,1.4,3.5,8.5,2012
428,Hedo Türkoğlu,SF,32,ORL,53,53,1653,4.6,11.0,.415,2.0,5.6,.353,2.6,5.4,.480,1.5,2.1,.705,0.5,3.8,4.3,5.1,1.0,0.4,3.1,3.0,12.5,2012
429,Evan Turner,SF,23,PHI,65,20,1713,5.5,12.4,.446,0.2,1.0,.224,5.3,11.4,.466,1.5,2.3,.676,0.6,7.3,7.9,3.8,0.8,0.4,2.2,2.5,12.8,2012
430,Jeremy Tyler,C,20,GSW,42,23,568,5.6,13.2,.421,0.0,0.1,.000,5.6,13.2,.423,1.8,3.3,.558,3.4,5.5,8.9,1.0,1.0,1.3,2.3,5.3,13.0,2012
432,Ekpe Udoh,C,24,TOT,61,11,1290,3.5,8.2,.431,0.0,0.1,.000,3.5,8.2,.433,2.4,3.2,.754,2.8,4.3,7.1,1.6,1.1,2.8,1.5,4.9,9.5,2012
433,Beno Udrih,SG,29,MIL,59,0,1080,4.9,11.1,.440,0.6,2.0,.288,4.3,9.1,.473,1.3,1.8,.709,0.9,2.5,3.4,7.6,1.2,0.0,2.6,2.3,11.6,2012
436,Greivis Vásquez,PG,25,NOH,66,26,1706,4.7,11.0,.430,0.9,2.8,.319,3.8,8.2,.469,2.0,2.5,.821,0.5,3.2,3.7,7.6,1.3,0.2,3.1,2.7,12.4,2012
437,Jan Veselý,PF,21,WAS,57,20,1078,3.9,7.3,.537,0.0,0.0,.000,3.9,7.2,.539,1.1,2.1,.532,3.4,4.9,8.3,1.6,1.3,1.1,2.0,5.2,8.9,2012
439,Nikola Vučević,C,21,PHI,51,15,812,5.8,12.9,.450,0.1,0.4,.375,5.7,12.5,.452,0.8,1.5,.529,3.9,7.0,10.9,1.4,0.9,1.5,1.5,4.9,12.5,2012
440,Dwyane Wade,SG,30,MIA,49,49,1625,9.2,18.5,.497,0.3,1.2,.268,8.9,17.3,.513,5.2,6.6,.791,1.6,3.6,5.3,5.0,1.8,1.4,2.9,2.4,24.0,2012
443,Kemba Walker,PG,21,CHA,66,25,1792,5.6,15.4,.366,1.4,4.5,.305,4.3,10.9,.392,3.4,4.3,.789,0.6,4.1,4.7,5.8,1.2,0.4,2.4,1.6,16.1,2012
444,John Wall,PG,21,WAS,66,66,2386,5.7,13.5,.423,0.0,0.6,.071,5.7,12.9,.440,4.8,6.1,.789,0.7,3.8,4.5,8.0,1.4,0.9,3.8,2.1,16.2,2012
445,Ben Wallace*,C,37,DET,62,11,980,1.2,3.2,.395,0.0,0.1,.250,1.2,3.0,.402,0.6,1.7,.340,3.0,6.9,9.9,1.6,1.7,1.9,1.2,2.2,3.1,2012
446,Gerald Wallace,SF,29,TOT,58,58,2076,5.0,11.0,.454,0.8,2.6,.307,4.2,8.4,.500,3.1,3.9,.800,1.5,5.2,6.7,2.8,1.5,0.6,1.9,2.5,13.9,2012
450,C.J. Watson,PG,27,CHI,49,25,1159,5.0,13.6,.368,2.1,5.4,.393,2.9,8.2,.352,2.6,3.2,.808,0.7,2.6,3.3,6.2,1.4,0.2,3.0,3.2,14.7,2012
451,Earl Watson,PG,32,UTA,50,2,1033,1.9,5.6,.338,0.3,1.8,.192,1.5,3.8,.407,1.1,1.6,.674,1.0,3.2,4.2,7.6,1.9,0.8,3.0,3.7,5.2,2012
452,Martell Webster,SF,25,MIN,47,26,1140,3.6,8.6,.423,1.2,3.4,.339,2.5,5.1,.479,1.8,2.3,.792,1.3,4.0,5.3,1.3,1.0,0.5,1.5,2.7,10.2,2012
453,David West,PF,31,IND,66,66,1925,6.5,13.4,.487,0.0,0.2,.222,6.5,13.2,.491,2.7,3.3,.807,2.2,5.9,8.1,2.6,1.0,0.9,1.7,3.0,15.7,2012
454,Delonte West,PG,28,DAL,44,33,1060,5.6,12.2,.461,0.9,2.6,.355,4.7,9.6,.489,2.1,2.4,.886,0.4,3.0,3.4,4.7,2.0,0.4,2.6,2.3,14.3,2012
455,Russell Westbrook,PG,23,OKC,66,66,2331,8.9,19.6,.457,1.0,3.0,.316,8.0,16.5,.482,5.3,6.4,.823,1.5,3.2,4.6,5.6,1.7,0.3,3.7,2.3,24.1,2012
456,D.J. White,PF,25,CHA,58,11,1098,5.7,11.6,.493,0.0,0.0,1.000,5.7,11.5,.491,1.4,2.0,.705,1.6,5.2,6.9,1.5,0.6,0.8,1.4,3.1,12.9,2012
459,Damien Wilkins,SF,32,DET,60,2,922,3.0,7.5,.394,0.3,0.9,.304,2.7,6.6,.406,1.3,2.1,.630,0.9,3.0,3.9,1.7,1.1,0.5,1.2,3.3,7.5,2012
460,Deron Williams,PG,27,NJN,55,55,1999,7.0,17.3,.407,2.1,6.2,.336,5.0,11.1,.446,4.6,5.5,.843,0.4,2.9,3.3,8.7,1.2,0.4,3.9,2.2,20.8,2012
461,Derrick Williams,PF,20,MIN,66,15,1418,5.2,12.6,.412,0.9,3.5,.268,4.3,9.1,.467,3.5,5.0,.697,2.0,5.9,7.9,1.0,0.8,0.8,2.0,2.4,14.8,2012
463,Jordan Williams,C,21,NJN,43,5,635,4.4,8.6,.507,0.0,0.0,,4.4,8.6,.507,2.4,3.7,.652,3.7,5.1,8.8,0.6,1.2,0.9,1.3,3.5,11.2,2012
464,Lou Williams,PG,25,PHI,64,0,1682,6.8,16.7,.407,1.8,4.9,.362,5.0,11.8,.425,5.1,6.2,.812,0.6,2.7,3.3,4.7,1.1,0.4,1.5,1.9,20.5,2012
465,Marvin Williams,SF,25,ATL,57,37,1500,4.9,11.3,.432,1.4,3.6,.389,3.5,7.7,.452,2.8,3.5,.788,1.8,5.2,7.1,1.7,1.1,0.4,0.9,2.0,13.9,2012
466,Mo Williams,SG,29,LAC,52,1,1472,6.4,14.9,.426,2.3,5.8,.389,4.1,9.1,.449,1.8,2.0,.900,0.6,1.9,2.4,3.9,1.2,0.2,2.1,2.5,16.8,2012
470,Shelden Williams,C,28,NJN,58,35,1276,2.7,5.7,.478,0.0,0.0,,2.7,5.7,.478,2.1,2.9,.731,4.0,5.9,9.9,1.0,1.3,1.1,1.9,4.2,7.6,2012
472,Metta World Peace,SF,32,LAL,64,45,1720,3.8,9.7,.394,1.2,4.0,.296,2.7,5.8,.460,1.5,2.4,.617,1.5,3.1,4.6,2.9,1.4,0.6,1.4,2.9,10.3,2012
473,Brandan Wright,C,24,DAL,49,0,791,6.6,10.6,.618,0.0,0.0,.000,6.6,10.6,.621,2.4,3.7,.634,2.8,5.1,7.9,0.6,1.0,2.9,1.0,2.8,15.5,2012
475,Dorell Wright,SF,26,GSW,61,61,1650,4.8,11.5,.422,2.3,6.4,.360,2.6,5.1,.500,1.7,2.1,.816,1.3,4.8,6.1,2.1,1.3,0.6,1.1,2.1,13.7,2012
476,Nick Young,SG,26,TOT,62,35,1729,6.6,16.3,.403,2.1,5.9,.365,4.4,10.5,.424,3.0,3.5,.852,0.6,2.1,2.8,1.2,0.9,0.4,1.7,2.9,18.3,2012
478,Thaddeus Young,PF,23,PHI,63,1,1755,7.1,14.1,.507,0.0,0.1,.250,7.1,14.0,.508,2.3,3.0,.771,2.8,3.9,6.7,1.5,1.3,0.8,1.1,2.6,16.6,2012
