Rk,Player,Pos,Age,Tm,G,GS,MP,FG,FGA,FG%,3P,3PA,3P%,2P,2PA,2P%,FT,FTA,FT%,ORB,DRB,TRB,AST,STL,BLK,TOV,PF,PTS,Year
1,Precious Achiuwa,C,22,TOR,73,28,1725,5.5,12.6,.439,1.2,3.3,.359,4.4,9.3,.468,1.6,2.7,.595,3.0,6.8,9.9,1.7,0.8,0.9,1.8,3.2,13.9,2022
2,Steven Adams,C,28,MEM,76,75,1999,3.8,6.9,.547,0.0,0.0,.000,3.8,6.9,.548,1.9,3.6,.543,6.3,7.4,13.7,4.6,1.2,1.1,2.1,2.8,9.5,2022
3,Bam Adebayo,C,24,MIA,56,56,1825,8.0,14.4,.557,0.0,0.1,.000,8.0,14.3,.562,5.0,6.7,.753,2.7,8.4,11.1,3.7,1.6,0.9,2.9,3.4,21.1,2022
5,LaMarcus Aldridge,C,36,BRK,47,12,1050,8.6,15.7,.550,0.5,1.6,.304,8.2,14.1,.578,3.1,3.5,.873,2.5,6.3,8.8,1.4,0.5,1.6,1.5,2.7,20.8,2022
6,Nickeil Alexander-Walker,SG,23,TOT,65,21,1466,6.2,16.7,.372,2.6,8.3,.311,3.6,8.4,.433,2.0,2.7,.743,0.9,3.7,4.6,3.8,1.1,0.6,2.3,2.5,17.0,2022
7,Grayson Allen,SG,26,MIL,66,61,1805,5.1,11.3,.448,3.2,7.8,.409,1.9,3.6,.533,1.3,1.5,.865,0.6,3.8,4.4,2.0,0.9,0.4,0.9,1.9,14.6,2022
8,Jarrett Allen,C,23,CLE,56,56,1809,7.3,10.8,.677,0.0,0.2,.100,7.3,10.6,.688,3.3,4.6,.708,3.8,8.2,12.0,1.8,0.9,1.5,1.9,1.9,18.0,2022
9,Jose Alvarado,PG,23,NOP,54,1,834,5.7,12.7,.446,1.4,4.7,.291,4.3,7.9,.538,1.6,2.3,.679,1.1,3.2,4.3,6.6,3.1,0.3,1.7,3.2,14.2,2022
11,Kyle Anderson,PF,28,MEM,69,11,1484,5.1,11.4,.446,0.9,2.6,.330,4.2,8.7,.481,1.6,2.5,.638,1.7,7.3,8.9,4.4,1.9,1.1,1.7,2.6,12.6,2022
12,Giannis Antetokounmpo,PF,27,MIL,67,67,2204,11.3,20.3,.553,1.2,4.0,.293,10.1,16.4,.616,9.0,12.5,.722,2.2,10.5,12.7,6.3,1.2,1.5,3.6,3.5,32.7,2022
13,Thanasis Antetokounmpo,SF,29,MIL,48,6,473,5.3,9.7,.547,0.2,1.1,.143,5.2,8.7,.596,2.2,3.5,.630,3.0,4.6,7.7,1.7,1.2,0.9,2.0,5.2,13.0,2022
14,Carmelo Anthony,PF,37,LAL,69,3,1793,6.4,14.5,.441,3.0,8.0,.375,3.4,6.5,.521,2.7,3.2,.830,1.2,4.5,5.8,1.4,0.9,1.0,1.2,3.3,18.5,2022
15,Cole Anthony,PG,21,ORL,65,65,2059,6.2,15.9,.391,2.3,6.8,.338,3.9,9.1,.432,3.8,4.4,.854,0.6,5.5,6.1,6.5,0.8,0.3,3.0,3.0,18.6,2022
16,OG Anunoby,SF,24,TOR,48,48,1728,6.4,14.5,.443,2.4,6.6,.363,4.0,7.9,.511,1.9,2.5,.754,1.5,4.0,5.5,2.6,1.5,0.5,1.7,2.7,17.1,2022
19,D.J. Augustin,PG,34,TOT,55,2,883,3.8,9.1,.423,2.8,6.7,.415,1.1,2.4,.448,1.5,1.8,.884,0.4,2.3,2.8,4.4,0.7,0.0,2.3,1.6,12.0,2022
20,Deni Avdija,SF,21,WAS,82,8,1984,4.5,10.5,.432,1.5,4.7,.317,3.0,5.8,.525,1.9,2.5,.757,0.9,6.8,7.7,3.0,1.1,0.8,1.6,3.4,12.4,2022
22,Deandre Ayton,C,23,PHO,58,58,1713,9.3,14.6,.634,0.1,0.4,.368,9.1,14.2,.642,2.2,3.0,.746,3.1,9.3,12.5,1.8,0.8,0.8,1.9,3.0,21.0,2022
24,Marvin Bagley III,PF,22,TOT,48,25,1146,7.1,14.0,.504,0.7,3.0,.237,6.3,11.0,.579,2.1,3.2,.663,3.3,7.3,10.6,1.1,0.7,0.6,1.2,2.9,17.0,2022
25,LaMelo Ball,PG,20,CHO,75,75,2422,8.0,18.6,.429,3.3,8.4,.389,4.7,10.2,.462,3.2,3.6,.872,1.6,5.8,7.4,8.5,1.8,0.4,3.6,3.5,22.4,2022
27,Mo Bamba,C,23,ORL,71,69,1824,5.8,12.2,.480,2.1,5.5,.381,3.7,6.6,.563,1.1,1.4,.781,2.9,8.4,11.3,1.7,0.7,2.3,1.5,3.6,14.9,2022
28,Desmond Bane,SG,23,MEM,76,76,2266,8.1,17.5,.461,3.6,8.3,.436,4.4,9.2,.484,2.2,2.5,.903,0.7,4.6,5.3,3.3,1.5,0.5,1.8,3.1,22.0,2022
29,Dalano Banton,PG,22,TOR,64,1,696,4.3,10.4,.411,0.7,2.6,.255,3.6,7.8,.464,1.3,2.3,.591,2.0,4.4,6.4,5.1,1.4,0.5,2.7,3.5,10.6,2022
31,Harrison Barnes,PF,29,SAC,77,77,2587,5.4,11.6,.469,2.0,5.0,.394,3.5,6.6,.525,4.7,5.7,.826,1.1,4.9,6.0,2.6,0.7,0.2,1.6,1.3,17.6,2022
32,Scottie Barnes,PF,20,TOR,74,74,2617,6.3,12.8,.492,0.8,2.7,.301,5.5,10.2,.543,2.2,3.0,.735,2.7,5.0,7.7,3.5,1.1,0.8,1.9,2.6,15.6,2022
33,RJ Barrett,SF,21,NYK,70,70,2417,7.3,17.8,.408,2.1,6.0,.342,5.2,11.8,.442,4.3,6.0,.714,1.0,5.1,6.1,3.1,0.6,0.2,2.2,2.1,20.9,2022
34,Will Barton,SG,31,DEN,71,71,2277,6.2,14.2,.438,2.5,6.8,.365,3.7,7.4,.504,1.6,2.0,.803,0.7,4.7,5.4,4.4,0.9,0.5,2.0,1.8,16.5,2022
37,Keita Bates-Diop,SF,26,SAS,59,14,956,5.1,9.9,.517,0.6,2.1,.309,4.5,7.8,.572,1.7,2.3,.754,2.3,6.4,8.7,1.5,1.0,0.5,1.7,2.3,12.6,2022
38,Nicolas Batum,PF,33,LAC,59,54,1462,4.4,9.5,.463,2.7,6.6,.400,1.7,2.9,.607,0.6,0.9,.658,0.7,5.5,6.3,2.5,1.4,1.0,1.0,2.0,12.1,2022
40,Darius Bazley,PF,21,OKC,69,53,1924,5.1,12.1,.422,1.5,5.0,.297,3.6,7.1,.511,2.2,3.2,.688,1.3,6.8,8.2,1.8,1.1,1.3,1.7,1.3,13.9,2022
42,Malik Beasley,SG,25,MIN,79,18,1976,6.0,15.5,.391,4.4,11.6,.377,1.7,3.9,.432,0.9,1.1,.817,0.5,3.7,4.1,2.1,0.8,0.2,0.8,1.6,17.4,2022
44,DeAndre' Bembry,SF,27,TOT,56,20,1026,4.4,7.8,.561,0.5,1.3,.417,3.8,6.5,.589,0.7,1.2,.600,1.5,4.2,5.7,2.3,1.7,0.9,1.1,4.0,10.0,2022
45,Dāvis Bertāns,PF,29,TOT,56,0,807,4.4,12.3,.360,3.4,10.3,.335,1.0,2.0,.489,1.6,1.8,.900,0.5,4.7,5.2,1.4,0.8,0.5,0.8,3.8,13.9,2022
46,Patrick Beverley,PG,33,MIN,58,54,1476,4.3,10.6,.406,2.0,5.9,.343,2.3,4.7,.485,2.3,3.2,.722,1.5,4.3,5.9,6.5,1.6,1.3,1.8,4.2,13.0,2022
47,Saddiq Bey,SF,22,DET,82,82,2704,6.0,15.1,.396,2.8,8.1,.346,3.2,7.0,.454,2.8,3.4,.827,1.4,4.4,5.9,3.1,1.0,0.2,1.3,1.7,17.6,2022
48,Khem Birch,C,29,TOR,55,28,991,3.5,7.3,.485,0.0,0.5,.000,3.5,6.8,.522,1.9,2.6,.746,4.4,4.3,8.7,2.0,1.1,0.9,1.1,3.8,9.0,2022
49,Goga Bitadze,C,22,IND,50,16,729,6.5,12.4,.520,1.1,4.0,.288,5.3,8.5,.628,3.2,4.6,.681,3.9,4.8,8.7,2.7,1.0,2.1,2.3,5.3,17.2,2022
51,Nemanja Bjelica,C,33,GSW,71,0,1142,5.0,10.8,.468,1.7,4.7,.362,3.3,6.1,.549,1.9,2.6,.728,2.0,7.3,9.3,5.0,1.3,0.8,2.7,4.0,13.6,2022
52,Eric Bledsoe,PG,32,LAC,54,29,1361,5.2,12.4,.421,1.3,4.3,.313,3.9,8.1,.479,2.4,3.1,.761,0.7,4.1,4.8,6.0,1.8,0.5,3.1,2.2,14.1,2022
54,Bogdan Bogdanović,SG,29,ATL,63,27,1848,6.7,15.5,.431,3.3,8.9,.368,3.4,6.5,.516,1.9,2.2,.843,0.6,4.3,4.9,3.8,1.3,0.3,1.4,2.6,18.5,2022
55,Bojan Bogdanović,PF,32,UTA,69,69,2131,7.1,15.7,.455,3.1,7.9,.387,4.1,7.8,.524,3.8,4.4,.858,1.0,4.0,5.0,2.0,0.6,0.0,2.0,2.0,21.1,2022
59,Devin Booker,SG,25,PHO,68,68,2345,10.2,21.8,.466,2.8,7.3,.383,7.4,14.5,.508,4.8,5.6,.868,0.7,4.6,5.3,5.1,1.2,0.4,2.5,2.8,28.0,2022
60,Brandon Boston Jr.,SG,20,LAC,51,0,760,5.9,15.4,.385,1.6,5.3,.306,4.3,10.1,.425,2.8,3.4,.819,0.8,4.5,5.3,2.4,1.2,0.6,1.5,2.0,16.2,2022
61,Chris Boucher,PF,29,TOR,80,9,1690,5.7,12.3,.464,1.4,4.9,.297,4.3,7.4,.575,3.2,4.1,.777,3.8,6.7,10.5,0.5,1.0,1.6,0.9,3.7,16.1,2022
63,Avery Bradley,SG,31,LAL,62,45,1406,3.8,9.0,.423,2.1,5.4,.390,1.7,3.6,.471,0.4,0.5,.889,0.8,2.7,3.5,1.2,1.4,0.2,1.0,3.0,10.1,2022
64,Tony Bradley,C,24,CHI,55,7,549,4.7,8.1,.585,0.0,0.0,,4.7,8.1,.585,1.2,1.9,.655,4.4,7.8,12.2,1.8,0.7,2.2,2.2,4.1,10.7,2022
65,Ignas Brazdeikis,SF,23,ORL,42,1,536,5.4,12.6,.431,1.8,5.8,.310,3.6,6.8,.535,1.4,2.1,.656,1.5,3.3,4.8,2.5,0.7,0.2,1.1,3.2,14.1,2022
66,Mikal Bridges,SF,25,PHO,82,82,2854,5.8,10.8,.534,1.5,3.9,.369,4.3,6.9,.628,1.7,2.0,.834,0.9,3.4,4.4,2.3,1.2,0.5,0.9,1.9,14.7,2022
67,Miles Bridges,PF,23,CHO,80,80,2837,7.6,15.4,.491,2.0,5.9,.331,5.6,9.5,.590,3.4,4.2,.802,1.1,6.0,7.1,3.8,0.9,0.9,1.9,2.4,20.5,2022
68,Oshae Brissett,SF,23,IND,67,25,1564,4.8,11.6,.411,1.9,5.5,.350,2.9,6.2,.465,2.6,3.8,.695,2.5,5.8,8.2,1.7,1.0,0.7,1.2,2.7,14.1,2022
70,Armoni Brooks,SG-PG,23,TOT,54,11,844,4.2,12.3,.339,3.2,10.6,.297,1.0,1.7,.600,0.8,0.9,.857,0.9,3.5,4.4,2.6,1.2,0.5,1.2,3.2,12.3,2022
72,Bruce Brown,SF,25,BRK,72,45,1774,5.2,10.3,.506,0.8,1.9,.404,4.4,8.4,.529,2.0,2.6,.758,2.0,5.0,7.0,3.0,1.6,1.1,1.1,3.6,13.1,2022
75,Greg Brown III,SF,20,POR,48,6,640,4.6,10.7,.426,1.1,3.4,.311,3.5,7.3,.481,2.5,3.7,.677,2.1,5.5,7.6,2.0,1.5,1.4,2.0,5.1,12.7,2022
76,Jaylen Brown,SF,25,BOS,66,66,2220,9.3,19.7,.473,2.7,7.5,.358,6.6,12.2,.544,3.9,5.2,.758,0.9,5.7,6.6,3.7,1.1,0.3,2.9,2.6,25.3,2022
78,Sterling Brown,SG,26,DAL,49,3,628,3.4,8.9,.381,1.6,5.3,.304,1.8,3.6,.492,0.8,0.9,.933,1.5,7.1,8.5,1.9,0.8,0.4,1.3,3.2,9.2,2022
79,Troy Brown Jr.,SF,22,CHI,66,7,1055,3.7,8.8,.419,1.6,4.5,.353,2.1,4.3,.488,0.7,0.9,.769,1.3,5.6,6.9,2.3,1.2,0.2,0.9,2.1,9.7,2022
80,Jalen Brunson,SG,25,DAL,79,61,2524,7.2,14.4,.502,1.3,3.6,.373,5.9,10.8,.545,2.6,3.0,.840,0.6,3.8,4.4,5.4,0.9,0.0,1.8,2.2,18.3,2022
83,Reggie Bullock,SF,30,DAL,68,37,1902,3.8,9.5,.401,2.7,7.4,.360,1.1,2.1,.550,0.8,0.9,.833,0.6,3.9,4.6,1.6,0.8,0.3,0.8,2.1,11.0,2022
84,Trey Burke,PG,29,DAL,42,0,441,6.9,17.6,.391,2.1,6.7,.317,4.7,10.9,.436,1.6,1.9,.870,0.3,2.4,2.7,4.7,1.0,0.0,2.1,3.2,17.5,2022
85,Alec Burks,SG,30,NYK,81,44,2318,4.4,11.3,.391,2.4,6.0,.404,2.0,5.3,.378,3.4,4.1,.822,0.7,5.4,6.2,3.7,1.3,0.4,1.4,3.3,14.7,2022
86,Jared Butler,SG,21,UTA,42,1,360,6.1,15.1,.404,2.8,8.8,.318,3.3,6.3,.524,1.1,1.6,.688,0.5,4.0,4.5,6.3,1.7,0.8,3.3,4.7,16.1,2022
87,Jimmy Butler,SF,32,MIA,57,57,1931,7.4,15.5,.480,0.5,2.2,.233,6.9,13.3,.520,7.4,8.5,.870,1.9,4.4,6.3,5.8,1.8,0.5,2.3,1.6,22.7,2022
89,Kentavious Caldwell-Pope,SG,28,WAS,77,77,2329,5.6,12.8,.435,2.5,6.3,.390,3.1,6.5,.480,2.1,2.4,.890,0.6,3.4,4.0,2.2,1.3,0.4,1.5,2.1,15.7,2022
90,Facundo Campazzo,PG,30,DEN,65,4,1184,3.3,9.0,.361,1.8,5.9,.301,1.5,3.1,.476,1.8,2.4,.769,0.7,2.9,3.6,6.7,1.9,0.7,2.0,3.8,10.1,2022
93,Clint Capela,C,27,ATL,74,73,2042,6.5,10.6,.613,0.0,0.0,.000,6.5,10.6,.614,1.4,3.0,.473,4.9,10.5,15.5,1.6,1.0,1.6,0.8,2.9,14.5,2022
95,Jevon Carter,PG,26,TOT,66,3,905,3.9,10.1,.387,2.6,6.8,.388,1.3,3.3,.386,0.6,0.7,.833,0.6,3.8,4.4,3.8,1.0,0.6,1.4,2.7,11.0,2022
96,Wendell Carter Jr.,PF,22,ORL,62,61,1852,7.0,13.3,.525,1.4,4.2,.327,5.6,9.1,.615,2.8,4.0,.691,2.7,9.9,12.6,3.3,0.7,0.8,2.3,3.3,18.1,2022
104,Josh Christopher,SG,20,HOU,74,2,1334,6.0,13.5,.448,1.5,5.1,.296,4.5,8.4,.540,2.2,3.0,.735,1.4,3.6,5.0,4.0,1.8,0.4,3.1,2.6,15.8,2022
106,Brandon Clarke,PF,25,MEM,64,1,1246,8.3,12.9,.644,0.1,0.6,.227,8.2,12.3,.666,2.5,3.8,.654,3.9,6.0,9.9,2.5,1.1,2.0,1.0,3.5,19.2,2022
107,Jordan Clarkson,SG,29,UTA,79,1,2141,7.8,18.7,.419,3.2,10.0,.318,4.6,8.7,.535,2.4,2.9,.828,1.1,3.5,4.6,3.3,1.1,0.3,2.2,2.5,21.3,2022
108,Nic Claxton,C,22,BRK,47,19,974,6.6,9.8,.674,0.0,0.0,,6.6,9.8,.674,2.0,3.4,.581,3.4,6.4,9.8,1.6,0.9,1.9,1.4,4.1,15.2,2022
109,Amir Coffey,SG,24,LAC,69,30,1567,4.8,10.7,.453,2.2,5.8,.378,2.6,4.9,.542,2.3,2.7,.863,0.6,3.9,4.5,2.8,0.9,0.3,1.0,2.0,14.2,2022
110,John Collins,PF,24,ATL,54,53,1663,7.3,13.9,.526,1.4,3.8,.364,6.0,10.1,.588,2.9,3.7,.793,2.0,7.1,9.1,2.1,0.7,1.2,1.3,3.6,19.0,2022
113,Mike Conley,PG,34,UTA,72,72,2058,6.0,13.8,.435,3.0,7.2,.408,3.1,6.6,.464,2.3,2.8,.796,0.8,3.0,3.8,6.7,1.7,0.4,2.2,2.5,17.2,2022
114,Pat Connaughton,SF,29,MIL,65,19,1691,4.8,10.6,.458,3.1,7.9,.395,1.7,2.7,.643,1.0,1.1,.833,1.0,4.9,5.8,1.7,1.3,0.3,0.7,1.8,13.7,2022
118,DeMarcus Cousins,C,31,TOT,48,7,718,7.5,16.2,.460,1.9,6.1,.303,5.6,10.1,.554,4.8,6.3,.760,3.7,9.8,13.5,3.6,1.8,1.1,4.3,7.0,21.6,2022
119,Robert Covington,PF,31,TOT,71,42,1940,3.9,9.2,.420,2.4,6.3,.378,1.5,3.0,.509,1.1,1.3,.841,1.1,6.2,7.3,1.7,1.9,1.7,1.4,3.5,11.2,2022
120,Torrey Craig,SF,31,TOT,78,16,1596,4.5,9.9,.454,1.7,5.3,.329,2.8,4.7,.594,0.9,1.2,.750,1.9,5.1,7.0,2.1,1.0,0.8,1.5,3.4,11.6,2022
121,Jae Crowder,PF,31,PHO,67,67,1886,4.1,10.4,.399,2.4,7.0,.348,1.7,3.4,.503,1.4,1.7,.789,0.6,6.2,6.8,2.4,1.8,0.6,1.0,3.3,12.1,2022
124,Cade Cunningham,SG,20,DET,64,64,2088,7.4,17.8,.416,2.0,6.3,.314,5.4,11.5,.472,2.4,2.9,.845,1.0,5.1,6.1,6.1,1.3,0.7,4.0,3.4,19.2,2022
125,Seth Curry,SG,31,TOT,64,64,2135,6.1,12.5,.487,2.7,6.3,.422,3.4,6.2,.553,1.4,1.6,.872,0.4,3.0,3.4,3.9,0.9,0.2,1.8,2.5,16.2,2022
126,Stephen Curry,PG,33,GSW,64,64,2211,8.7,19.9,.437,4.6,12.2,.380,4.1,7.7,.527,4.5,4.9,.923,0.6,4.9,5.5,6.6,1.4,0.4,3.4,2.1,26.5,2022
131,Dewayne Dedmon,C,32,MIA,67,15,1065,5.5,9.8,.566,0.6,1.6,.404,4.9,8.2,.597,2.5,3.4,.750,3.5,9.5,13.0,1.6,0.8,1.4,2.4,5.9,14.3,2022
134,DeMar DeRozan,PF,32,CHI,76,76,2743,10.2,20.1,.504,0.7,1.9,.352,9.5,18.3,.520,6.8,7.8,.877,0.7,4.4,5.1,4.9,0.9,0.3,2.4,2.3,27.8,2022
137,Hamidou Diallo,SG,23,DET,58,29,1269,7.4,14.9,.496,0.7,2.6,.247,6.8,12.3,.550,2.6,4.0,.650,2.0,5.9,7.9,2.1,2.0,0.5,1.6,4.1,18.0,2022
138,Gorgui Dieng,C,32,ATL,44,3,371,5.1,10.9,.473,2.8,6.6,.426,2.3,4.3,.545,1.8,2.5,.731,3.1,8.6,11.7,3.3,1.1,1.3,1.9,5.0,14.9,2022
139,Spencer Dinwiddie,PG-SG,28,TOT,67,51,1980,5.6,13.4,.416,2.0,6.0,.339,3.5,7.4,.479,3.5,4.6,.774,0.8,4.3,5.1,6.3,0.8,0.2,1.9,2.7,16.7,2022
140,Donte DiVincenzo,SG,25,TOT,42,1,1006,4.2,12.0,.351,2.6,7.8,.339,1.6,4.2,.373,2.5,3.0,.843,1.4,4.7,6.1,4.2,1.7,0.3,2.6,2.5,13.6,2022
141,Luka Dončić,PG,22,DAL,65,65,2301,10.0,22.0,.457,3.1,8.9,.353,6.9,13.0,.528,5.7,7.7,.744,0.9,8.4,9.3,8.9,1.2,0.6,4.6,2.3,28.9,2022
142,Luguentz Dort,SG,22,OKC,51,51,1665,6.3,15.7,.404,2.8,8.5,.332,3.5,7.2,.487,3.5,4.1,.843,0.8,3.8,4.6,1.9,1.0,0.4,1.9,3.2,19.0,2022
143,Ayo Dosunmu,SG,22,CHI,77,40,2110,4.7,9.1,.520,1.2,3.2,.376,3.5,6.0,.596,0.9,1.3,.679,0.5,3.2,3.7,4.4,1.0,0.5,1.8,3.1,11.6,2022
150,Andre Drummond,C,28,TOT,73,36,1437,6.2,10.8,.570,0.0,0.1,.000,6.2,10.8,.574,2.2,4.1,.524,5.7,11.3,17.0,3.3,2.0,1.7,2.9,4.8,14.5,2022
151,Chris Duarte,SG,24,IND,55,39,1541,6.3,14.5,.432,2.2,6.0,.369,4.1,8.6,.475,2.1,2.6,.804,1.0,4.3,5.3,2.7,1.3,0.2,2.1,2.2,16.8,2022
154,Kevin Durant,PF,33,BRK,55,55,2047,10.2,19.6,.518,2.0,5.3,.383,8.1,14.3,.568,6.5,7.2,.910,0.5,6.6,7.2,6.2,0.8,0.9,3.4,2.0,28.9,2022
156,Anthony Edwards,SG,20,MIN,72,72,2466,8.0,18.2,.441,3.1,8.8,.357,4.9,9.4,.519,3.2,4.1,.786,0.9,4.1,5.0,4.0,1.5,0.7,2.8,2.4,22.4,2022
158,Kessler Edwards,SF,21,BRK,48,23,987,4.0,9.7,.412,1.8,5.0,.353,2.3,4.8,.473,0.6,0.7,.842,1.6,4.7,6.3,1.1,1.1,0.9,1.5,3.1,10.4,2022
160,CJ Elleby,SF,21,POR,58,28,1174,3.7,9.4,.393,1.1,3.9,.294,2.6,5.6,.462,1.8,2.6,.714,2.0,4.9,7.0,2.7,1.1,0.6,1.7,3.6,10.4,2022
161,Wayne Ellington,SG,34,LAL,43,9,810,4.4,10.5,.414,3.6,9.4,.389,0.7,1.2,.615,0.4,0.5,.818,0.4,3.0,3.4,1.3,1.0,0.2,0.8,1.9,12.8,2022
162,Joel Embiid,C,27,PHI,68,68,2297,10.4,20.9,.499,1.5,3.9,.371,9.0,17.0,.529,10.2,12.6,.814,2.3,10.2,12.5,4.5,1.2,1.6,3.4,2.8,32.6,2022
164,Drew Eubanks,C,24,TOT,71,31,1245,6.4,10.7,.596,0.1,0.7,.217,6.2,10.1,.621,2.9,3.8,.762,3.8,7.3,11.0,2.5,0.9,1.2,2.3,3.5,15.8,2022
168,Dorian Finney-Smith,PF,28,DAL,80,80,2644,4.4,9.4,.471,2.3,5.9,.395,2.1,3.5,.599,0.8,1.1,.675,1.7,3.4,5.1,2.0,1.2,0.5,1.1,2.5,12.0,2022
170,Malachi Flynn,PG,23,TOR,44,5,537,4.8,12.3,.393,2.0,6.0,.333,2.8,6.2,.452,1.0,1.6,.625,0.7,3.6,4.2,4.7,1.3,0.3,0.9,3.0,12.7,2022
171,Bryn Forbes,SG,28,TOT,75,2,1286,6.5,15.1,.429,3.4,8.3,.414,3.1,6.8,.447,2.2,2.4,.908,0.3,2.3,2.6,2.1,0.7,0.1,1.6,2.7,18.6,2022
173,Trent Forrest,PG,23,UTA,60,6,765,3.6,7.3,.490,0.2,1.3,.185,3.3,6.0,.555,1.8,2.3,.792,1.1,3.6,4.7,5.0,1.4,0.3,2.3,2.0,9.2,2022
174,Evan Fournier,SG,29,NYK,80,80,2358,6.1,14.7,.417,3.7,9.5,.389,2.5,5.3,.465,1.2,1.7,.708,0.5,2.7,3.2,2.6,1.2,0.3,1.6,2.7,17.2,2022
175,De'Aaron Fox,PG,24,SAC,59,59,2083,8.9,18.9,.473,1.3,4.3,.297,7.6,14.6,.524,4.5,6.0,.750,0.4,3.6,4.0,5.7,1.2,0.4,2.9,3.0,23.6,2022
181,Daniel Gafford,C,23,WAS,72,53,1444,7.1,10.2,.693,0.0,0.0,.000,7.1,10.2,.695,2.7,3.8,.699,3.9,6.3,10.1,1.7,0.7,2.5,1.6,4.2,16.9,2022
182,Danilo Gallinari,PF,33,ATL,66,18,1672,5.6,12.9,.434,2.4,6.3,.381,3.2,6.5,.485,3.0,3.4,.904,0.8,5.9,6.6,2.2,0.6,0.3,0.8,2.0,16.6,2022
184,Darius Garland,PG,22,CLE,68,68,2430,8.0,17.4,.462,2.6,6.7,.383,5.5,10.7,.512,3.2,3.6,.892,0.6,2.7,3.3,8.6,1.3,0.1,3.7,1.7,21.8,2022
188,Rudy Gay,PF,35,UTA,55,1,1038,5.4,13.1,.414,2.4,7.0,.345,3.0,6.1,.494,2.2,2.7,.785,1.9,6.5,8.4,1.9,0.9,0.7,1.6,3.3,15.5,2022
190,Taj Gibson,C,36,NYK,52,4,946,3.3,6.3,.518,0.6,1.4,.395,2.7,4.9,.555,1.6,2.0,.808,3.3,5.4,8.7,1.2,0.8,1.5,1.0,5.2,8.7,2022
191,Josh Giddey,SF,19,OKC,54,54,1700,6.0,14.2,.419,1.2,4.5,.263,4.8,9.7,.492,1.2,1.7,.709,2.1,6.8,8.9,7.3,1.1,0.4,3.6,1.9,14.3,2022
192,Shai Gilgeous-Alexander,PG,23,OKC,56,56,1942,8.8,19.5,.453,1.6,5.5,.300,7.2,14.0,.514,6.1,7.5,.810,0.7,4.5,5.2,6.1,1.3,0.9,2.9,2.6,25.4,2022
193,Anthony Gill,PF,29,WAS,44,0,463,4.8,8.5,.569,1.1,2.0,.538,3.7,6.5,.578,3.3,4.0,.808,2.6,4.0,6.6,2.1,0.4,0.9,1.4,4.5,14.0,2022
195,Rudy Gobert,C,29,UTA,66,66,2120,6.1,8.6,.713,0.0,0.1,.000,6.1,8.6,.718,5.1,7.5,.690,4.1,12.3,16.4,1.2,0.8,2.3,2.0,3.0,17.4,2022
198,Aaron Gordon,PF,26,DEN,75,75,2376,6.6,12.6,.520,1.3,3.9,.335,5.3,8.7,.605,2.6,3.5,.743,1.9,4.8,6.7,2.8,0.7,0.7,2.0,2.2,17.1,2022
199,Eric Gordon,SG,33,HOU,57,46,1669,5.8,12.2,.475,2.7,6.5,.412,3.1,5.7,.548,2.3,2.9,.778,0.3,2.1,2.4,3.3,0.6,0.4,2.3,1.4,16.5,2022
200,Devonte' Graham,PG,26,NOP,76,63,2162,4.9,13.6,.363,3.2,9.4,.341,1.7,4.2,.413,2.0,2.3,.843,0.6,2.3,2.9,5.3,1.2,0.2,1.7,1.6,15.0,2022
201,Jerami Grant,PF,27,DET,47,47,1500,7.2,16.8,.426,2.2,6.1,.358,5.0,10.7,.465,5.2,6.2,.838,0.7,3.9,4.6,2.7,1.1,1.2,2.0,2.6,21.7,2022
203,Danny Green,SF,34,PHI,62,28,1353,3.4,8.5,.394,2.7,7.2,.380,0.6,1.3,.469,0.3,0.4,.786,0.9,3.3,4.2,1.7,1.6,1.0,1.2,2.8,9.7,2022
204,Draymond Green,PF,31,GSW,46,44,1329,3.7,7.0,.525,0.4,1.5,.296,3.2,5.5,.586,1.6,2.5,.659,1.2,7.9,9.1,8.7,1.7,1.4,3.8,3.7,9.4,2022
205,Jalen Green,SG,19,HOU,67,67,2138,6.8,16.1,.426,2.6,7.7,.343,4.2,8.4,.502,3.2,4.0,.797,0.6,3.2,3.8,3.0,0.7,0.3,2.3,1.7,19.5,2022
206,JaMychal Green,PF,31,DEN,67,8,1085,5.3,10.8,.486,1.1,4.1,.266,4.2,6.7,.621,2.7,3.1,.871,2.7,6.6,9.3,2.0,1.4,0.9,1.9,5.2,14.3,2022
207,Javonte Green,SF,28,CHI,65,45,1519,4.2,7.7,.542,0.9,2.4,.356,3.3,5.3,.625,1.9,2.3,.833,2.2,4.4,6.5,1.4,1.6,0.8,0.7,3.1,11.1,2022
208,Jeff Green,PF,35,DEN,75,63,1849,5.4,10.3,.524,1.0,3.3,.315,4.4,7.0,.620,3.2,3.9,.833,0.8,3.7,4.5,1.9,0.5,0.5,1.4,2.9,15.0,2022
209,Josh Green,SG,21,DAL,67,3,1039,4.5,8.9,.508,1.0,2.7,.359,3.5,6.2,.573,1.1,1.6,.689,1.8,3.8,5.6,2.7,1.6,0.5,1.5,4.0,11.1,2022
210,Blake Griffin,C,32,BRK,56,24,958,5.0,11.8,.425,1.4,5.4,.262,3.6,6.3,.565,2.1,2.9,.724,2.3,6.3,8.6,3.9,1.0,0.5,1.2,3.6,13.5,2022
211,Quentin Grimes,SG,21,NYK,46,6,786,4.4,10.8,.404,3.3,8.7,.381,1.1,2.1,.500,0.6,0.9,.684,1.1,3.2,4.3,2.0,1.4,0.5,1.3,3.3,12.6,2022
213,Rui Hachimura,PF,23,WAS,42,13,943,7.1,14.5,.491,2.1,4.7,.447,5.0,9.8,.512,1.8,2.5,.697,1.0,5.2,6.1,1.8,0.9,0.3,1.3,2.0,18.1,2022
214,Tyrese Haliburton,SG-PG,21,TOT,77,77,2695,5.7,12.1,.473,2.2,5.2,.414,3.6,6.9,.517,2.1,2.5,.842,0.8,3.3,4.2,8.4,1.8,0.7,2.7,1.6,15.8,2022
216,R.J. Hampton,SG,20,ORL,64,14,1402,4.5,11.7,.383,1.6,4.7,.350,2.9,7.0,.405,1.9,3.0,.641,0.6,4.4,5.0,4.1,1.1,0.3,2.2,2.6,12.6,2022
217,Tim Hardaway Jr.,SG,29,DAL,42,20,1245,6.0,15.3,.394,2.9,8.8,.336,3.1,6.5,.473,2.3,3.0,.757,0.4,4.1,4.5,2.7,1.1,0.2,1.0,2.1,17.3,2022
218,James Harden,PG,32,TOT,65,65,2419,6.1,14.8,.410,2.2,6.7,.330,3.9,8.1,.476,7.0,8.0,.877,0.8,6.6,7.4,9.9,1.2,0.5,4.2,2.3,21.3,2022
219,Maurice Harkless,SF,28,SAC,47,24,863,3.5,7.6,.459,1.3,4.2,.307,2.2,3.3,.650,0.8,1.2,.714,0.5,4.2,4.7,1.0,1.2,1.0,1.3,3.2,9.1,2022
221,Montrezl Harrell,C,28,TOT,71,3,1641,7.9,12.2,.645,0.1,0.4,.235,7.8,11.8,.658,4.7,6.5,.716,3.3,6.2,9.5,3.2,0.6,0.9,1.6,3.0,20.4,2022
222,Gary Harris,SG,27,ORL,61,30,1730,5.0,11.5,.434,2.4,6.3,.384,2.6,5.2,.494,1.7,2.0,.874,0.7,1.8,2.5,2.2,1.2,0.2,1.3,2.3,14.1,2022
224,Tobias Harris,PF,29,PHI,73,73,2543,7.0,14.5,.482,1.4,3.9,.367,5.5,10.6,.525,2.4,2.9,.842,1.1,5.9,7.0,3.6,0.7,0.6,1.6,2.3,17.8,2022
226,Josh Hart,SG,26,TOT,54,53,1791,5.8,11.4,.504,1.5,4.3,.343,4.3,7.2,.601,3.2,4.2,.758,1.2,6.6,7.8,4.5,1.2,0.3,2.3,3.0,16.2,2022
227,Isaiah Hartenstein,C,23,LAC,68,0,1216,6.8,10.8,.626,0.4,0.9,.467,6.4,9.9,.640,2.7,3.9,.689,3.5,6.4,9.8,4.7,1.5,2.3,2.5,4.9,16.7,2022
230,Jaxson Hayes,C,21,NOP,70,28,1398,6.3,10.2,.616,0.5,1.5,.351,5.8,8.8,.660,3.7,4.8,.766,3.0,5.2,8.1,1.1,0.8,1.4,1.4,4.0,16.8,2022
231,Killian Hayes,PG,20,DET,66,40,1647,3.8,10.0,.383,1.0,3.7,.263,2.9,6.4,.452,1.2,1.6,.770,0.8,3.8,4.6,6.1,1.7,0.8,2.4,4.0,9.9,2022
232,Gordon Hayward,SF,31,CHO,49,48,1564,6.5,14.2,.459,2.0,5.1,.391,4.5,9.1,.496,2.9,3.4,.846,0.9,4.3,5.2,4.1,1.1,0.5,1.9,2.0,17.9,2022
235,Willy Hernangómez,C,27,NOP,50,8,839,7.3,14.0,.520,0.2,0.5,.333,7.1,13.5,.527,4.7,6.1,.773,6.1,8.4,14.5,2.7,0.9,0.8,2.2,4.2,19.4,2022
236,Tyler Herro,SG,22,MIA,66,10,2151,8.4,18.8,.447,2.9,7.3,.399,5.5,11.4,.477,3.2,3.7,.868,0.5,5.0,5.5,4.4,0.7,0.1,2.9,1.6,22.9,2022
237,Buddy Hield,SG,29,TOT,81,32,2499,6.4,15.8,.406,3.8,10.3,.366,2.7,5.5,.482,1.6,1.8,.874,1.0,4.1,5.1,3.3,1.1,0.4,2.2,2.7,18.2,2022
239,George Hill,PG,35,MIL,54,17,1253,3.4,7.9,.429,1.2,3.8,.306,2.2,4.1,.546,1.6,1.8,.919,1.1,3.4,4.5,3.4,1.2,0.2,1.2,2.0,9.6,2022
244,Aaron Holiday,PG,25,TOT,63,15,1021,5.3,11.9,.447,1.4,3.6,.379,3.9,8.3,.477,2.1,2.4,.868,0.8,3.5,4.3,5.4,1.5,0.3,2.4,3.2,14.1,2022
245,Jrue Holiday,PG,31,MIL,67,64,2207,7.8,15.6,.501,2.2,5.2,.411,5.6,10.3,.547,2.2,2.9,.761,1.1,3.8,4.9,7.5,1.8,0.5,3.0,2.2,20.0,2022
246,Justin Holiday,SF-SG,32,TOT,74,65,2057,4.6,11.6,.394,3.1,8.4,.367,1.5,3.2,.467,0.9,1.1,.806,0.5,2.8,3.3,2.2,1.0,0.6,1.2,2.7,13.1,2022
247,Richaun Holmes,C,28,SAC,45,37,1074,6.6,10.1,.660,0.1,0.2,.400,6.6,9.9,.664,2.3,3.0,.778,3.1,7.5,10.6,1.6,0.6,1.4,1.9,4.3,15.7,2022
248,Rodney Hood,PF-SF,29,TOT,52,0,709,2.9,8.0,.369,1.5,4.6,.330,1.4,3.4,.424,0.9,1.0,.895,0.8,3.1,3.9,1.9,0.8,0.3,0.6,1.6,8.3,2022
250,Al Horford,C,35,BOS,69,69,2005,4.8,10.2,.467,1.6,4.8,.336,3.2,5.5,.582,1.4,1.7,.842,1.9,7.6,9.5,4.2,0.9,1.7,1.2,2.3,12.6,2022
251,Talen Horton-Tucker,SG,21,LAL,60,19,1511,5.3,12.8,.416,1.2,4.3,.269,4.2,8.5,.492,2.4,3.0,.800,0.9,3.7,4.6,3.8,1.4,0.7,2.0,3.5,14.2,2022
252,Danuel House Jr.,SF,28,TOT,42,7,727,4.0,9.8,.404,2.2,5.8,.376,1.8,4.0,.444,2.2,2.9,.759,0.9,4.6,5.5,2.2,1.0,0.8,1.6,2.5,12.3,2022
253,Dwight Howard,C,36,LAL,60,27,971,5.0,8.1,.612,0.3,0.6,.533,4.7,7.6,.618,3.6,5.4,.658,4.4,8.8,13.2,1.3,1.3,1.3,1.7,4.3,13.8,2022
255,Kevin Huerter,SF,23,ATL,74,60,2188,5.7,12.5,.454,2.6,6.8,.389,3.0,5.7,.530,0.7,0.9,.808,0.5,3.7,4.2,3.3,0.9,0.4,1.5,3.0,14.7,2022
259,De'Andre Hunter,SF,24,ATL,53,52,1577,5.8,13.1,.442,1.7,4.5,.379,4.1,8.7,.474,2.9,3.8,.765,0.6,3.4,4.0,1.6,0.8,0.5,1.6,3.5,16.2,2022
261,Bones Hyland,SG,21,DEN,69,4,1310,6.3,15.7,.403,3.6,9.8,.366,2.7,5.9,.465,2.9,3.4,.856,0.4,4.8,5.2,5.2,1.1,0.5,2.4,4.2,19.2,2022
262,Serge Ibaka,C,32,TOT,54,12,877,6.1,12.2,.500,1.5,4.1,.374,4.6,8.1,.563,1.3,1.8,.727,2.5,7.7,10.3,2.0,0.5,1.4,1.8,4.2,15.0,2022
264,Joe Ingles,SF,34,UTA,45,15,1122,3.7,9.1,.404,2.5,7.2,.347,1.2,1.9,.617,0.5,0.7,.773,0.4,3.8,4.2,5.1,0.7,0.2,1.5,2.6,10.4,2022
265,Brandon Ingram,SF,24,NOP,55,55,1869,8.7,18.9,.461,1.4,4.4,.327,7.3,14.6,.501,5.1,6.2,.826,0.7,5.5,6.2,5.9,0.7,0.5,2.9,2.3,24.0,2022
268,Frank Jackson,PG,23,DET,53,7,1164,6.0,14.9,.402,2.7,8.6,.308,3.3,6.3,.529,2.7,3.2,.827,0.6,2.1,2.7,1.7,0.8,0.3,1.2,2.8,17.3,2022
270,Jaren Jackson Jr.,PF,22,MEM,78,78,2126,7.3,17.5,.415,2.2,6.8,.319,5.1,10.8,.476,4.8,5.8,.823,2.0,5.7,7.7,1.5,1.2,3.0,2.2,4.6,21.5,2022
271,Josh Jackson,SF,24,TOT,51,3,830,5.2,13.0,.400,1.4,5.6,.254,3.8,7.4,.512,2.4,3.3,.714,0.9,5.2,6.1,2.3,1.1,1.0,2.0,3.8,14.2,2022
273,Reggie Jackson,SG,31,LAC,75,75,2337,7.4,18.8,.392,2.6,7.9,.326,4.8,10.9,.439,2.1,2.5,.847,0.6,3.6,4.2,5.5,0.8,0.2,2.7,2.4,19.5,2022
274,LeBron James,PF,37,LAL,56,56,2084,11.1,21.1,.524,2.8,7.7,.359,8.3,13.4,.620,4.4,5.8,.756,1.1,6.8,7.9,6.0,1.3,1.0,3.4,2.1,29.3,2022
277,Ty Jerome,SG,24,OKC,48,4,801,5.6,14.7,.378,2.4,8.4,.290,3.1,6.4,.493,1.7,2.1,.809,0.9,2.7,3.5,4.9,1.3,0.2,1.7,3.3,15.3,2022
278,Isaiah Joe,SG,22,PHI,55,1,609,3.7,10.5,.350,2.7,8.0,.333,1.0,2.5,.405,1.7,1.8,.935,0.4,3.0,3.3,2.1,0.8,0.2,1.1,2.8,11.7,2022
281,Cameron Johnson,PF,25,PHO,66,16,1730,5.8,12.6,.460,3.5,8.1,.425,2.4,4.5,.523,2.0,2.4,.860,0.9,4.8,5.7,2.1,1.2,0.3,1.0,2.4,17.1,2022
284,James Johnson,PF,34,BRK,62,10,1191,4.4,9.3,.469,0.7,2.6,.271,3.7,6.7,.545,0.9,1.7,.527,1.5,5.0,6.5,3.9,0.9,1.0,1.5,4.9,10.3,2022
286,Keldon Johnson,SF,22,SAS,75,74,2392,7.1,15.2,.466,2.4,6.0,.398,4.7,9.2,.510,2.7,3.5,.756,1.2,5.7,6.9,2.4,0.9,0.2,1.4,2.2,19.2,2022
288,Stanley Johnson,PF,25,LAL,48,27,1094,3.9,8.3,.466,1.1,3.5,.314,2.8,4.8,.575,1.7,2.4,.716,1.1,4.0,5.1,2.6,1.4,0.5,1.2,3.6,10.5,2022
290,Nikola Jokić,C,26,DEN,74,74,2476,11.1,19.1,.583,1.4,4.2,.337,9.7,14.9,.652,5.5,6.8,.810,3.0,11.8,14.8,8.5,1.6,0.9,4.1,2.8,29.1,2022
292,Damian Jones,C,26,SAC,56,15,1017,6.2,9.4,.658,0.4,1.0,.345,5.8,8.4,.696,3.3,4.6,.718,2.7,6.1,8.7,2.4,0.9,1.7,2.1,4.6,16.1,2022
293,Derrick Jones Jr.,PF,24,CHI,51,8,899,4.2,7.8,.538,0.8,2.4,.328,3.4,5.4,.634,2.2,2.8,.800,2.4,4.4,6.8,1.2,1.0,1.3,1.2,4.2,11.5,2022
294,Herbert Jones,PF,23,NOP,78,69,2335,4.2,8.9,.476,0.9,2.6,.337,3.3,6.3,.533,2.1,2.5,.840,1.5,3.1,4.6,2.6,2.0,0.9,1.5,3.7,11.4,2022
298,Tre Jones,PG,22,SAS,69,11,1148,5.2,10.6,.490,0.3,1.6,.196,4.9,9.0,.542,2.2,2.9,.780,0.9,4.0,4.9,7.3,1.3,0.2,1.4,2.4,13.0,2022
299,Tyus Jones,PG,25,MEM,73,23,1549,5.8,12.8,.451,1.9,4.8,.390,3.9,8.1,.487,1.3,1.5,.818,0.4,3.7,4.1,7.5,1.5,0.0,1.1,0.7,14.7,2022
300,DeAndre Jordan,C,33,TOT,48,20,622,5.3,8.3,.643,0.0,0.0,,5.3,8.3,.643,1.3,2.3,.550,4.8,10.5,15.3,1.2,0.7,2.0,2.1,4.1,11.9,2022
301,Cory Joseph,PG,30,DET,65,39,1600,4.0,9.0,.445,1.5,3.5,.414,2.5,5.5,.465,2.3,2.5,.885,0.7,3.3,3.9,5.3,0.9,0.4,1.9,3.3,11.7,2022
304,Luke Kennard,SG,25,LAC,70,13,1919,5.4,12.0,.449,3.6,7.9,.449,1.8,4.1,.449,1.3,1.4,.896,0.4,3.9,4.3,2.7,0.8,0.1,1.1,1.9,15.6,2022
308,Corey Kispert,SF,22,WAS,77,36,1801,4.7,10.3,.455,2.2,6.4,.350,2.4,3.9,.629,1.1,1.2,.871,1.1,3.1,4.2,1.7,0.7,0.4,1.0,1.9,12.7,2022
309,Maxi Kleber,PF,30,DAL,59,21,1450,3.5,8.8,.398,2.1,6.3,.325,1.4,2.5,.586,1.1,1.6,.708,1.7,7.0,8.7,1.7,0.7,1.4,1.2,3.4,10.2,2022
313,John Konchar,SG,25,MEM,72,7,1292,3.8,7.3,.515,1.4,3.5,.413,2.3,3.8,.610,0.8,1.4,.551,2.4,6.7,9.2,3.0,1.3,0.6,0.8,2.5,9.7,2022
314,Furkan Korkmaz,SG,24,PHI,67,19,1414,4.6,12.0,.387,2.0,6.8,.289,2.7,5.2,.515,1.7,2.1,.810,0.6,3.9,4.5,3.2,0.8,0.2,1.2,1.5,13.0,2022
318,Jonathan Kuminga,SF,19,GSW,70,12,1185,7.2,14.0,.513,1.5,4.5,.336,5.7,9.4,.598,3.9,5.8,.684,1.6,5.5,7.1,1.9,0.9,0.7,2.2,4.4,19.8,2022
319,Kyle Kuzma,PF,26,WAS,66,66,2204,6.9,15.3,.452,2.1,6.1,.341,4.8,9.2,.526,2.5,3.6,.712,1.1,8.0,9.2,3.8,0.7,0.9,2.8,2.1,18.5,2022
321,Jeremy Lamb,SF-SG,29,TOT,56,0,935,5.1,13.4,.383,2.1,6.5,.324,3.0,6.8,.441,3.4,4.1,.840,1.0,4.9,5.9,3.1,1.2,0.8,1.4,2.3,15.8,2022
322,Jock Landale,C,26,SAS,54,1,589,6.2,12.5,.495,1.8,5.4,.326,4.4,7.0,.626,2.1,2.5,.829,3.9,4.6,8.4,2.8,0.6,0.9,1.9,3.2,16.2,2022
323,Romeo Langford,SG,22,TOT,48,5,771,3.9,8.9,.435,1.4,4.0,.341,2.5,4.9,.509,1.1,2.0,.548,1.4,3.6,5.0,1.0,1.0,0.7,0.7,2.2,10.2,2022
324,Zach LaVine,SG,26,CHI,67,67,2328,8.7,18.3,.476,2.9,7.3,.389,5.9,11.0,.534,4.9,5.8,.853,0.3,4.4,4.8,4.7,0.6,0.4,2.6,1.9,25.3,2022
326,Damion Lee,SG,29,GSW,63,5,1256,4.8,11.0,.441,1.8,5.4,.337,3.0,5.6,.541,1.9,2.1,.880,0.8,5.0,5.8,1.8,1.1,0.2,1.1,2.7,13.4,2022
329,Caris LeVert,SG,27,TOT,58,49,1781,7.7,17.3,.444,1.7,5.2,.320,6.0,12.1,.497,3.0,3.9,.756,0.9,3.5,4.3,5.0,1.0,0.5,2.2,2.6,19.9,2022
333,Nassir Little,SF,21,POR,42,23,1088,4.8,10.4,.460,1.7,5.1,.331,3.1,5.3,.584,2.3,3.1,.734,1.9,5.9,7.8,1.8,0.8,1.2,1.3,2.7,13.6,2022
335,Kevon Looney,C,25,GSW,82,80,1732,4.3,7.6,.571,0.0,0.0,.000,4.3,7.5,.573,1.6,2.6,.600,4.3,8.1,12.4,3.4,1.0,1.1,1.4,4.5,10.2,2022
339,Kevin Love,C,33,CLE,74,4,1665,7.1,16.5,.430,4.0,10.3,.392,3.0,6.1,.493,3.6,4.3,.838,1.9,9.7,11.6,3.5,0.6,0.4,2.1,2.2,21.8,2022
340,Kyle Lowry,PG,35,MIA,63,63,2133,4.7,10.6,.440,2.4,6.4,.377,2.2,4.1,.539,2.5,2.9,.851,0.6,4.2,4.8,8.0,1.1,0.3,2.8,3.0,14.2,2022
342,Timothé Luwawu-Cabarrot,SF,26,ATL,52,18,685,3.9,9.8,.398,2.3,6.4,.361,1.6,3.4,.469,1.8,2.2,.854,0.9,3.4,4.3,2.1,0.9,0.3,1.1,4.0,11.9,2022
343,Trey Lyles,PF,26,TOT,75,23,1537,6.1,13.2,.466,1.6,4.9,.321,4.6,8.3,.552,4.6,5.7,.802,2.1,6.8,8.9,2.1,0.7,0.7,1.7,2.9,18.4,2022
344,Théo Maledon,PG,20,OKC,51,7,908,4.7,12.6,.375,1.7,5.9,.293,3.0,6.6,.449,3.1,4.0,.790,0.8,4.4,5.2,4.4,1.2,0.4,2.6,2.7,14.3,2022
346,Terance Mann,SF,25,LAC,81,33,2317,5.2,10.7,.484,1.2,3.2,.365,4.0,7.5,.535,2.0,2.5,.780,1.6,5.0,6.6,3.2,0.9,0.3,1.3,2.8,13.5,2022
347,Tre Mann,PG,20,OKC,60,26,1367,6.1,15.5,.393,2.6,7.2,.360,3.5,8.3,.421,1.7,2.2,.793,0.7,3.8,4.5,2.4,1.2,0.3,1.9,2.7,16.5,2022
349,Lauri Markkanen,SF,24,CLE,61,61,1878,6.0,13.5,.445,2.6,7.3,.358,3.4,6.2,.548,2.6,3.0,.868,1.1,5.5,6.6,1.6,0.9,0.6,1.0,2.5,17.3,2022
350,Naji Marshall,SF,24,NOP,55,4,735,5.3,13.2,.405,1.0,5.1,.200,4.3,8.0,.537,3.6,4.6,.796,1.9,5.1,7.0,3.0,1.6,0.4,2.3,3.4,15.3,2022
351,Caleb Martin,SF,26,MIA,60,12,1372,5.5,10.8,.507,1.7,4.1,.413,3.8,6.7,.565,1.9,2.4,.763,1.8,4.2,6.0,1.7,1.5,0.8,1.4,2.7,14.5,2022
352,Cody Martin,SF,26,CHO,71,11,1866,3.9,8.2,.482,1.2,3.1,.384,2.8,5.1,.542,1.4,2.1,.701,1.6,3.9,5.5,3.5,1.7,0.6,1.2,2.2,10.5,2022
354,Kenyon Martin Jr.,SF,21,HOU,79,2,1656,6.1,11.4,.533,1.3,3.7,.357,4.8,7.7,.617,1.7,2.7,.634,1.7,4.7,6.5,2.2,0.7,0.9,1.3,2.5,15.1,2022
355,Garrison Mathews,SG,25,HOU,65,33,1712,3.9,9.7,.399,2.9,8.1,.360,0.9,1.6,.600,3.0,3.8,.794,0.7,3.3,4.0,1.3,1.2,0.5,0.9,3.5,13.7,2022
357,Wesley Matthews,SG,35,MIL,49,14,1002,3.1,7.9,.395,1.9,5.6,.338,1.2,2.3,.540,0.8,1.0,.786,1.1,2.2,3.3,1.3,0.8,0.3,0.6,3.1,8.9,2022
358,Tyrese Maxey,PG,21,PHI,75,74,2650,6.6,13.5,.485,1.8,4.2,.427,4.8,9.3,.512,2.9,3.3,.866,0.4,2.9,3.3,4.4,0.7,0.4,1.2,2.1,17.8,2022
362,CJ McCollum,SG,30,TOT,62,62,2145,9.0,19.5,.460,3.1,7.9,.388,5.9,11.7,.509,1.9,2.9,.682,0.9,3.6,4.5,5.3,1.2,0.4,2.1,2.0,23.0,2022
364,Jaden McDaniels,PF,21,MIN,70,31,1803,5.1,11.1,.460,1.6,5.0,.317,3.5,6.0,.579,1.1,1.4,.803,1.5,4.3,5.9,1.6,1.0,1.1,1.5,4.5,12.9,2022
365,Jalen McDaniels,SF,24,CHO,55,2,895,4.9,10.2,.484,1.6,4.3,.380,3.3,5.9,.562,2.1,2.9,.736,1.5,5.3,6.8,2.3,1.0,0.9,1.4,3.7,13.7,2022
366,Doug McDermott,PF,30,SAS,51,51,1223,6.3,13.7,.462,3.2,7.5,.422,3.1,6.2,.512,1.2,1.5,.784,0.5,2.9,3.4,1.9,0.4,0.2,1.3,2.3,17.0,2022
367,JaVale McGee,C,34,PHO,74,17,1172,8.8,14.1,.629,0.1,0.3,.222,8.8,13.8,.637,3.1,4.5,.699,5.0,10.2,15.2,1.3,0.7,2.5,3.0,5.6,20.9,2022
369,Rodney McGruder,SG,30,DET,51,2,754,4.7,10.7,.436,2.8,7.0,.397,1.9,3.8,.506,0.9,1.2,.731,1.5,3.8,5.3,2.3,1.0,0.3,1.1,2.8,13.0,2022
372,Jordan McLaughlin,PG,25,MIN,62,3,902,3.5,8.0,.440,1.1,3.4,.318,2.4,4.6,.530,1.2,1.6,.750,0.9,2.9,3.8,7.2,2.3,0.4,1.5,2.2,9.3,2022
373,Ben McLemore,SG,28,POR,64,6,1285,6.1,15.1,.401,4.2,11.7,.362,1.8,3.4,.533,2.0,2.5,.818,0.3,2.5,2.9,1.7,1.1,0.3,1.5,2.9,18.4,2022
374,De'Anthony Melton,SG,23,MEM,73,15,1657,6.1,15.1,.404,3.0,8.1,.374,3.1,7.0,.440,2.0,2.6,.750,1.4,5.7,7.1,4.2,2.3,0.8,2.4,2.8,17.2,2022
376,Chimezie Metu,C,24,SAC,60,20,1279,5.7,12.6,.452,1.6,5.2,.306,4.1,7.4,.555,2.0,2.6,.780,1.0,8.5,9.4,1.7,1.4,0.9,1.7,2.6,15.0,2022
377,Khris Middleton,SF,30,MIL,66,66,2141,7.6,17.2,.443,2.7,7.3,.373,4.9,9.9,.494,4.4,4.9,.890,0.7,5.3,6.0,6.0,1.3,0.3,3.2,2.7,22.3,2022
379,Patty Mills,SG,33,BRK,81,48,2346,5.0,12.2,.408,3.5,8.7,.400,1.5,3.5,.429,0.7,0.9,.814,0.3,2.1,2.4,2.8,0.8,0.3,1.1,1.7,14.2,2022
381,Shake Milton,SG,25,PHI,55,6,1179,5.3,12.3,.429,1.3,4.1,.323,4.0,8.2,.481,1.9,2.2,.836,0.9,3.4,4.3,4.2,0.9,0.5,1.3,3.0,13.7,2022
382,Davion Mitchell,PG,23,SAC,75,19,2076,6.1,14.6,.418,1.8,5.5,.316,4.4,9.1,.480,1.0,1.5,.659,0.6,2.3,2.9,5.4,1.0,0.4,2.0,2.4,14.9,2022
383,Donovan Mitchell,SG,25,UTA,67,67,2266,9.8,21.9,.448,3.7,10.4,.355,6.1,11.5,.533,4.2,5.0,.853,0.9,3.6,4.5,5.7,1.6,0.2,3.2,2.6,27.5,2022
384,Evan Mobley,PF,20,CLE,69,69,2331,6.5,12.8,.508,0.4,1.4,.250,6.2,11.4,.541,2.6,3.9,.663,2.2,6.6,8.8,2.7,0.9,1.8,2.1,2.3,16.0,2022
385,Malik Monk,SG,23,LAL,76,37,2139,6.6,13.9,.473,2.9,7.4,.391,3.7,6.5,.568,1.6,2.0,.795,0.6,3.7,4.3,3.7,1.0,0.5,2.1,2.3,17.6,2022
387,Moses Moody,SG,19,GSW,52,11,607,4.7,10.9,.437,2.4,6.5,.364,2.4,4.3,.548,1.7,2.1,.778,1.0,3.7,4.7,1.4,0.4,0.6,0.8,2.6,13.5,2022
390,Ja Morant,PG,22,MEM,57,57,1889,11.1,22.4,.493,1.7,4.9,.344,9.4,17.6,.534,6.0,7.9,.761,1.5,4.7,6.2,7.3,1.3,0.4,3.7,1.6,29.8,2022
393,Marcus Morris,PF,32,LAC,54,54,1564,6.9,15.9,.434,2.3,6.3,.367,4.6,9.6,.478,3.0,3.4,.872,0.6,4.9,5.5,2.6,0.6,0.4,1.6,2.6,19.1,2022
395,Monte Morris,PG,26,DEN,75,74,2239,6.0,12.4,.484,2.0,5.0,.395,4.0,7.4,.545,1.2,1.4,.869,0.4,3.2,3.6,5.4,0.9,0.2,1.3,1.5,15.2,2022
399,Trey Murphy III,SF,21,NOP,62,1,864,4.5,11.5,.394,3.0,7.7,.382,1.6,3.8,.418,1.9,2.1,.882,2.0,4.2,6.1,1.6,1.0,0.3,0.7,2.5,13.9,2022
400,Dejounte Murray,PG,25,SAS,68,68,2366,8.7,18.9,.462,1.5,4.5,.327,7.3,14.4,.504,3.0,3.8,.794,1.2,7.3,8.6,9.5,2.1,0.3,2.7,2.1,21.9,2022
401,Mike Muscala,C,30,OKC,43,0,592,6.9,15.1,.456,4.3,9.9,.429,2.6,5.2,.506,2.9,3.5,.842,1.3,6.6,7.8,1.3,1.1,1.6,0.9,3.5,20.9,2022
402,Svi Mykhailiuk,SF,24,TOR,56,5,716,4.6,11.8,.389,2.1,6.7,.306,2.5,5.0,.500,1.6,1.9,.865,1.0,3.6,4.6,2.3,1.3,0.2,1.6,2.7,12.8,2022
404,Larry Nance Jr.,C-PF,29,TOT,46,11,1040,4.5,8.6,.522,0.8,2.4,.329,3.7,6.1,.599,1.4,2.0,.702,2.5,6.1,8.6,2.8,1.5,0.7,1.3,2.9,11.1,2022
406,Aaron Nesmith,SF,22,BOS,52,3,574,4.5,11.4,.396,1.9,7.2,.270,2.6,4.2,.612,1.3,1.6,.808,0.9,4.6,5.6,1.4,1.3,0.3,1.9,4.4,12.3,2022
407,Raul Neto,PG,29,WAS,70,19,1372,5.4,11.6,.463,0.9,3.1,.292,4.4,8.4,.526,2.2,2.8,.769,0.3,3.2,3.5,5.7,1.4,0.1,2.1,2.7,13.8,2022
409,Georges Niang,PF,28,PHI,76,7,1736,5.1,11.7,.437,3.2,8.0,.403,1.9,3.6,.511,1.1,1.2,.881,0.5,3.7,4.2,2.1,0.6,0.3,1.2,3.9,14.5,2022
413,Jaylen Nowell,SG,22,MIN,62,1,975,7.2,15.2,.475,2.3,5.9,.394,4.9,9.3,.526,2.7,3.4,.783,0.8,3.7,4.5,4.8,1.0,0.4,1.3,2.7,19.5,2022
414,Frank Ntilikina,SG,23,DAL,58,5,685,4.7,11.7,.399,2.0,5.8,.342,2.7,5.9,.455,1.3,1.3,.960,0.6,3.5,4.2,3.6,1.4,0.4,1.6,3.2,12.6,2022
415,Jusuf Nurkić,C,27,POR,56,56,1579,7.3,13.7,.535,0.3,1.3,.268,7.0,12.4,.563,4.2,6.1,.690,3.8,10.3,14.1,3.6,1.4,0.8,3.3,4.3,19.2,2022
416,David Nwaba,SF,29,HOU,46,4,609,5.0,10.4,.483,0.9,2.9,.306,4.1,7.5,.551,2.8,4.0,.716,2.4,6.5,8.9,2.1,1.7,1.2,1.2,3.3,13.8,2022
417,Jordan Nwora,SF,23,MIL,62,13,1185,5.7,14.0,.403,2.4,6.9,.348,3.3,7.1,.455,1.1,1.3,.837,1.1,5.6,6.7,1.8,0.8,0.5,1.7,2.4,14.8,2022
418,Royce O'Neale,SF,28,UTA,77,77,2406,3.0,6.6,.457,1.8,4.6,.389,1.3,2.1,.609,0.7,0.8,.804,1.0,4.5,5.5,2.9,1.3,0.5,1.2,2.7,8.5,2022
420,Chuma Okeke,PF,23,ORL,70,20,1749,4.4,11.8,.376,2.4,7.6,.318,2.0,4.2,.480,1.1,1.3,.846,1.0,6.2,7.1,2.4,2.0,0.9,1.2,2.0,12.5,2022
421,Josh Okogie,SG,23,MIN,49,6,516,2.9,7.3,.404,1.0,3.3,.298,2.0,4.0,.491,2.4,3.6,.686,2.0,2.9,4.9,1.7,1.8,0.8,1.6,3.7,9.3,2022
422,Onyeka Okongwu,C,21,ATL,48,6,992,5.7,8.2,.690,0.0,0.0,,5.7,8.2,.690,2.9,4.0,.727,4.2,6.1,10.3,1.9,1.1,2.2,1.6,5.4,14.2,2022
423,Isaac Okoro,SF,21,CLE,67,61,1981,3.8,7.8,.480,1.0,2.9,.350,2.8,5.0,.555,2.2,2.8,.768,1.3,2.3,3.7,2.2,1.0,0.4,1.1,3.0,10.7,2022
430,Cedi Osman,SF,26,CLE,66,3,1462,6.1,14.1,.432,3.2,8.8,.357,2.9,5.2,.559,2.1,3.2,.664,0.6,3.0,3.6,3.3,1.3,0.2,1.6,3.1,17.5,2022
432,Kelly Oubre Jr.,SF,26,CHO,76,13,1999,7.4,16.8,.440,3.4,10.0,.345,3.9,6.8,.578,2.3,3.4,.667,1.4,4.0,5.4,1.5,1.4,0.6,1.2,3.4,20.5,2022
437,Eric Paschall,PF,25,UTA,58,3,736,5.6,11.5,.485,2.0,5.3,.370,3.6,6.2,.583,3.2,4.2,.767,1.5,3.7,5.2,1.8,0.4,0.2,1.3,2.5,16.3,2022
438,Chris Paul,PG,36,PHO,65,65,2139,6.1,12.4,.493,1.1,3.3,.317,5.0,9.0,.559,2.8,3.4,.837,0.4,4.4,4.8,11.8,2.0,0.3,2.6,2.3,16.1,2022
439,Cameron Payne,PG,27,PHO,58,12,1278,6.8,16.5,.409,2.0,5.9,.336,4.8,10.6,.449,2.1,2.5,.843,0.7,4.3,4.9,7.9,1.1,0.5,2.9,3.4,17.6,2022
440,Elfrid Payton,PG,27,PHO,50,1,549,4.4,11.5,.383,0.3,1.2,.222,4.1,10.3,.401,0.8,2.1,.375,1.4,4.4,5.8,6.5,1.6,0.4,3.1,2.5,9.8,2022
441,Gary Payton II,SG,29,GSW,71,16,1247,6.1,9.9,.616,1.2,3.5,.358,4.9,6.5,.754,1.0,1.7,.603,2.1,5.1,7.1,1.8,2.8,0.6,1.2,3.8,14.5,2022
446,Mason Plumlee,C,31,CHO,73,73,1793,4.1,6.4,.641,0.0,0.0,.000,4.1,6.4,.645,1.3,3.4,.392,3.5,7.8,11.3,4.5,1.2,1.0,2.0,4.5,9.6,2022
447,Jakob Poeltl,C,26,SAS,68,67,1970,7.5,12.1,.618,0.0,0.0,1.000,7.5,12.1,.618,1.7,3.5,.495,4.8,6.8,11.6,3.5,0.8,2.2,2.0,3.9,16.7,2022
448,Aleksej Pokusevski,PF,20,OKC,61,12,1233,5.4,13.3,.408,1.7,5.8,.289,3.8,7.6,.498,1.0,1.5,.700,2.1,7.2,9.3,3.8,1.1,1.1,2.7,2.6,13.5,2022
450,Jordan Poole,SG,22,GSW,76,51,2283,7.5,16.7,.448,3.3,9.1,.364,4.1,7.5,.550,3.9,4.2,.925,0.5,3.6,4.1,4.8,0.9,0.4,2.9,3.2,22.2,2022
451,Kevin Porter Jr.,PG,21,HOU,61,61,1907,6.3,15.3,.415,2.9,7.8,.375,3.4,7.5,.456,2.3,3.6,.642,0.8,4.2,5.0,7.1,1.3,0.4,3.6,2.9,17.9,2022
453,Otto Porter Jr.,PF,28,GSW,63,15,1396,5.0,10.7,.464,2.1,5.6,.370,2.9,5.2,.565,1.3,1.6,.803,2.2,7.1,9.3,2.4,1.8,0.7,1.0,2.1,13.3,2022
454,Bobby Portis,C,26,MIL,72,59,2028,7.4,15.5,.479,2.4,6.0,.393,5.0,9.5,.533,1.5,2.0,.752,3.2,8.5,11.7,1.5,0.9,0.9,1.6,3.1,18.7,2022
455,Kristaps Porziņģis,PF,26,TOT,51,51,1481,8.6,18.6,.459,1.9,6.1,.310,6.7,12.5,.532,6.0,7.0,.867,2.5,7.5,10.0,2.9,0.9,2.0,2.0,3.3,25.0,2022
457,Dwight Powell,C,30,DAL,82,71,1798,5.4,8.0,.671,0.3,0.7,.351,5.1,7.3,.703,3.3,4.2,.783,3.5,4.6,8.1,1.9,0.7,0.8,1.3,4.4,14.4,2022
459,Norman Powell,SF-SG,28,TOT,45,41,1458,6.9,14.9,.461,2.6,6.2,.419,4.3,8.7,.491,4.7,5.8,.811,0.5,3.1,3.6,2.4,1.0,0.5,1.7,2.6,21.1,2022
460,Joshua Primo,SF,19,SAS,50,16,965,3.8,10.1,.374,1.6,5.1,.307,2.2,5.0,.444,1.6,2.2,.746,1.2,3.0,4.2,3.0,0.7,0.9,2.1,2.9,10.7,2022
461,Taurean Prince,PF,27,MIN,69,8,1177,5.4,11.9,.454,2.6,7.0,.376,2.8,4.9,.565,1.9,2.5,.756,0.8,4.5,5.3,2.1,1.4,0.7,1.6,3.5,15.4,2022
462,Payton Pritchard,PG,24,BOS,71,2,1001,5.8,13.4,.429,3.6,8.8,.412,2.1,4.6,.461,0.8,0.8,1.000,1.2,3.7,4.8,5.0,0.9,0.2,1.5,2.2,15.9,2022
465,Immanuel Quickley,PG,22,NYK,78,3,1802,5.7,14.5,.392,2.7,7.9,.346,2.9,6.6,.448,3.5,4.0,.881,0.6,4.3,4.9,5.5,1.1,0.1,2.0,3.3,17.6,2022
467,Julius Randle,PF,27,NYK,72,72,2544,7.2,17.6,.411,1.7,5.5,.308,5.5,12.1,.458,4.3,5.7,.756,1.8,8.4,10.1,5.2,0.7,0.6,3.5,2.9,20.5,2022
468,Austin Reaves,SG,23,LAL,61,19,1418,3.7,8.1,.459,1.3,4.2,.317,2.4,3.8,.616,2.5,3.0,.839,1.1,3.8,4.9,2.8,0.7,0.5,1.0,2.2,11.3,2022
469,Cam Reddish,SF,22,TOT,49,7,1012,5.9,14.5,.404,2.3,6.5,.359,3.5,8.0,.442,3.6,4.0,.902,0.9,2.8,3.7,1.7,1.7,0.5,2.0,2.1,17.7,2022
470,Davon Reed,SG,26,DEN,48,5,668,4.4,8.7,.503,2.0,4.6,.430,2.4,4.0,.587,0.5,0.8,.667,0.8,5.1,5.8,2.9,1.3,0.5,0.9,3.4,11.3,2022
472,Naz Reid,C,22,MIN,77,6,1215,6.9,14.1,.489,1.7,4.9,.343,5.2,9.2,.568,3.4,4.4,.765,3.0,5.9,8.9,2.1,1.2,2.1,2.4,5.1,18.9,2022
473,Nick Richards,C,24,CHO,50,5,367,5.9,8.8,.667,0.0,0.0,,5.9,8.8,.667,2.9,4.2,.698,3.3,5.1,8.4,1.3,0.9,2.1,2.4,5.0,14.7,2022
474,Josh Richardson,SG,28,TOT,65,7,1600,5.3,12.0,.438,2.3,5.5,.415,3.0,6.5,.458,2.2,2.4,.889,0.9,3.2,4.2,2.6,1.3,0.7,1.5,2.6,15.0,2022
475,Austin Rivers,SG,29,DEN,67,18,1480,3.6,8.5,.417,1.9,5.6,.342,1.6,2.9,.563,0.8,1.1,.727,0.5,2.3,2.8,2.2,1.2,0.1,1.3,2.9,9.8,2022
476,Duncan Robinson,SG,27,MIA,79,68,2043,5.1,12.8,.399,4.1,11.0,.372,1.0,1.8,.569,0.9,1.1,.836,0.4,3.2,3.6,2.3,0.7,0.2,1.1,3.5,15.2,2022
478,Mitchell Robinson,C,23,NYK,72,62,1848,5.1,6.7,.761,0.0,0.0,,5.1,6.7,.761,1.7,3.5,.486,5.7,6.3,12.0,0.7,1.1,2.6,1.2,3.8,11.9,2022
479,Jeremiah Robinson-Earl,C,21,OKC,49,36,1087,4.4,10.7,.414,1.9,5.5,.352,2.5,5.3,.478,1.3,1.8,.741,2.5,6.6,9.1,1.6,1.0,0.5,1.3,2.5,12.1,2022
480,Isaiah Roby,PF,23,OKC,45,28,948,6.3,12.3,.514,1.7,3.8,.444,4.6,8.5,.545,3.0,4.4,.672,2.8,5.4,8.2,2.7,1.4,1.3,1.6,4.1,17.2,2022
483,Terrence Ross,SG,30,ORL,63,0,1448,5.5,13.8,.397,1.9,6.6,.292,3.6,7.2,.493,2.8,3.2,.862,0.5,3.5,4.0,2.9,0.7,0.3,1.9,1.7,15.6,2022
484,Terry Rozier,SG,27,CHO,73,73,2458,7.6,17.1,.444,3.3,8.7,.374,4.3,8.4,.516,2.2,2.6,.852,0.8,3.8,4.6,4.8,1.4,0.4,1.4,1.7,20.6,2022
486,D'Angelo Russell,PG,25,MIN,65,65,2077,7.0,16.9,.411,3.1,9.0,.340,3.9,7.9,.492,3.4,4.2,.825,0.4,3.3,3.7,8.0,1.1,0.4,2.9,2.3,20.4,2022
488,Domantas Sabonis,PF-C,25,TOT,62,61,2136,7.5,13.0,.573,0.7,2.1,.312,6.8,10.9,.623,4.1,5.6,.741,3.4,9.3,12.7,5.4,1.0,0.5,3.3,3.4,19.7,2022
490,Tomáš Satoranský,SG-PG-SF,30,TOT,55,13,906,2.9,7.6,.377,0.4,2.1,.208,2.4,5.5,.442,1.7,2.1,.796,1.1,3.9,5.0,7.3,1.2,0.2,1.8,2.8,7.9,2022
493,Dennis Schröder,SG-PG,28,TOT,64,29,1837,6.1,14.2,.431,1.7,4.9,.344,4.4,9.3,.477,3.1,3.6,.853,0.7,3.5,4.2,5.8,1.0,0.2,2.8,3.0,17.0,2022
497,Alperen Şengün,C,19,HOU,72,13,1489,6.0,12.7,.474,0.7,2.8,.248,5.3,9.9,.539,4.0,5.6,.711,3.3,6.2,9.5,4.5,1.4,1.6,3.5,5.2,16.7,2022
499,Landry Shamet,SG,24,PHO,69,14,1437,4.8,12.2,.394,3.1,8.4,.368,1.7,3.8,.450,1.7,2.0,.840,0.4,2.8,3.2,2.7,0.7,0.2,1.0,2.3,14.4,2022
501,Pascal Siakam,PF,27,TOR,68,68,2578,8.3,16.9,.494,1.0,3.0,.344,7.3,13.8,.527,4.0,5.3,.749,1.8,6.3,8.1,5.0,1.2,0.6,2.5,3.1,21.7,2022
504,Anfernee Simons,SG,22,POR,57,30,1681,7.6,17.1,.443,3.8,9.5,.405,3.7,7.6,.490,2.2,2.5,.888,0.6,2.7,3.2,4.7,0.6,0.1,2.5,2.4,21.2,2022
509,Marcus Smart,PG,27,BOS,71,71,2296,4.7,11.3,.418,1.9,5.6,.331,2.8,5.6,.506,2.2,2.8,.793,0.7,3.6,4.2,6.5,1.9,0.3,2.5,2.5,13.5,2022
511,Ish Smith,PG,33,TOT,65,1,1126,5.9,13.7,.430,0.8,2.1,.373,5.1,11.6,.441,0.5,0.8,.625,0.8,3.7,4.5,7.8,1.5,0.7,2.5,2.5,13.1,2022
512,Jalen Smith,PF,21,TOT,51,8,925,6.8,13.6,.503,1.6,4.7,.328,5.3,8.9,.596,3.0,4.0,.765,3.9,8.0,11.9,0.9,0.6,1.6,1.6,3.7,18.3,2022
514,Tony Snell,SG,30,TOT,53,12,823,3.0,7.5,.404,2.0,5.6,.352,1.0,1.9,.558,0.2,0.2,1.000,0.7,3.8,4.5,1.2,0.7,0.4,0.8,3.1,8.2,2022
518,Lance Stephenson,PG-SG,31,TOT,46,1,814,6.5,14.3,.455,1.2,4.0,.300,5.3,10.3,.515,2.8,3.5,.788,0.5,5.1,5.6,7.3,1.1,0.2,3.2,4.2,17.0,2022
519,Lamar Stevens,PF,24,CLE,63,13,1015,5.5,11.3,.489,0.6,2.3,.277,4.9,9.0,.543,1.9,2.7,.707,1.7,4.1,5.8,1.6,1.1,0.6,1.5,3.8,13.6,2022
520,Isaiah Stewart,C,20,DET,71,71,1816,5.0,9.7,.510,0.3,0.9,.326,4.7,8.8,.529,1.5,2.0,.718,4.5,7.8,12.2,1.6,0.4,1.5,1.7,4.2,11.7,2022
521,Max Strus,SF,25,MIA,68,16,1587,5.6,12.8,.441,4.1,10.0,.410,1.5,2.8,.557,1.0,1.2,.792,0.5,4.0,4.6,2.1,0.6,0.4,1.3,2.6,16.4,2022
522,Jalen Suggs,PG,20,ORL,48,45,1307,5.5,15.1,.361,1.2,5.4,.214,4.3,9.7,.443,3.5,4.5,.773,0.7,4.0,4.7,5.8,1.6,0.5,3.9,3.9,15.5,2022
525,Jae'Sean Tate,PF,26,HOU,78,77,2056,6.4,12.8,.498,1.1,3.5,.312,5.3,9.2,.569,2.3,3.2,.707,2.4,5.0,7.4,3.9,1.3,0.7,2.4,5.0,16.1,2022
526,Jayson Tatum,SF,23,BOS,76,76,2731,9.3,20.6,.453,3.0,8.6,.353,6.3,12.0,.524,5.3,6.2,.853,1.1,6.9,8.0,4.4,1.0,0.6,2.9,2.3,27.0,2022
528,Garrett Temple,SG,35,NOP,59,16,1098,3.6,9.7,.376,1.9,6.1,.319,1.7,3.6,.473,0.9,1.3,.683,1.0,3.7,4.7,2.4,1.4,0.8,1.4,2.7,10.1,2022
532,Daniel Theis,C,29,TOT,47,27,977,5.6,10.7,.519,1.2,3.9,.308,4.3,6.8,.641,1.8,2.7,.681,2.2,6.2,8.4,1.5,0.7,1.1,1.7,4.1,14.1,2022
534,Cam Thomas,SG,20,BRK,67,2,1176,6.7,15.4,.433,1.4,5.3,.270,5.2,10.1,.520,2.7,3.2,.829,0.5,4.4,4.9,2.4,1.0,0.2,1.7,2.0,17.4,2022
538,Tristan Thompson,PF,30,TOT,57,6,897,5.7,10.7,.528,0.0,0.1,.333,5.6,10.6,.530,2.4,4.7,.526,4.8,6.7,11.6,1.4,0.9,0.8,1.8,3.9,13.8,2022
540,Matisse Thybulle,SG,24,PHI,66,50,1685,3.2,6.4,.500,1.0,3.1,.313,2.2,3.3,.673,0.7,0.9,.791,0.9,2.3,3.2,1.6,2.5,1.5,0.8,3.4,8.1,2022
542,Xavier Tillman Sr.,PF,23,MEM,53,2,701,5.0,11.1,.454,0.5,2.5,.204,4.5,8.6,.527,2.4,3.6,.648,3.4,4.9,8.3,3.2,2.5,0.8,1.7,3.2,12.9,2022
544,Obi Toppin,PF,23,NYK,72,10,1230,7.3,13.8,.531,1.5,4.9,.308,5.8,8.9,.655,2.8,3.6,.758,2.0,5.8,7.8,2.3,0.7,1.0,1.6,3.0,19.0,2022
545,Juan Toscano-Anderson,SF,28,GSW,73,6,994,4.2,8.5,.489,1.0,3.2,.322,3.2,5.4,.588,1.4,2.5,.571,1.0,5.4,6.4,4.6,1.7,0.6,2.5,4.2,10.8,2022
546,Karl-Anthony Towns,C,26,MIN,74,74,2476,9.3,17.7,.529,2.2,5.3,.410,7.2,12.3,.580,5.6,6.8,.822,2.8,7.7,10.6,3.9,1.0,1.2,3.3,3.9,26.4,2022
547,Gary Trent Jr.,SG,23,TOR,70,69,2448,6.6,16.0,.414,3.1,8.0,.383,3.5,8.0,.445,2.6,3.0,.853,0.4,2.4,2.8,2.1,1.8,0.3,1.1,2.1,18.9,2022
548,P.J. Tucker,PF,36,MIA,71,70,1981,3.8,7.8,.484,1.5,3.5,.415,2.3,4.3,.540,0.8,1.1,.738,1.8,5.2,7.0,2.7,1.1,0.3,1.2,2.9,9.8,2022
550,Myles Turner,C,25,IND,42,42,1235,5.8,11.5,.509,1.8,5.3,.333,4.1,6.1,.662,2.3,3.1,.752,1.9,6.8,8.7,1.3,0.8,3.4,1.6,3.5,15.7,2022
551,Jonas Valančiūnas,C,29,NOP,74,74,2240,8.2,15.1,.544,0.9,2.5,.361,7.3,12.5,.581,3.8,4.6,.820,3.6,9.9,13.5,3.1,0.7,1.0,2.9,4.0,21.1,2022
553,Jarred Vanderbilt,PF,22,MIN,74,67,1880,4.1,6.9,.587,0.0,0.3,.143,4.0,6.6,.605,1.6,2.5,.656,4.1,7.8,11.9,1.8,1.9,0.9,1.4,3.5,9.8,2022
554,Fred VanVleet,PG,27,TOR,65,65,2462,6.5,16.0,.403,3.5,9.4,.377,2.9,6.7,.440,2.8,3.2,.874,0.6,3.6,4.2,6.3,1.6,0.5,2.5,2.4,19.3,2022
555,Devin Vassell,SF,21,SAS,71,32,1937,6.1,14.2,.427,2.5,7.1,.361,3.5,7.1,.492,1.5,1.8,.838,0.8,4.9,5.7,2.5,1.4,0.8,1.1,2.7,16.2,2022
556,Gabe Vincent,PG,25,MIA,68,27,1589,4.8,11.6,.417,2.7,7.3,.368,2.2,4.3,.500,1.0,1.2,.815,0.5,2.4,2.9,4.8,1.4,0.3,2.2,3.6,13.4,2022
557,Nikola Vučević,C,31,CHI,73,73,2418,8.1,17.2,.473,1.5,4.9,.314,6.6,12.3,.537,1.4,1.8,.760,2.1,9.9,12.0,3.5,1.0,1.1,2.0,2.7,19.2,2022
558,Dean Wade,PF,25,CLE,51,28,980,3.6,8.0,.456,1.9,5.2,.359,1.8,2.8,.640,0.7,1.1,.667,1.1,4.4,5.5,1.9,1.1,0.3,0.6,3.2,9.9,2022
559,Franz Wagner,SF,20,ORL,79,79,2429,6.8,14.5,.468,1.4,4.0,.354,5.3,10.4,.511,2.8,3.2,.863,1.2,4.0,5.3,3.4,1.0,0.5,1.8,2.4,17.7,2022
560,Moritz Wagner,C,24,ORL,63,3,960,7.4,14.9,.497,2.5,7.5,.328,4.9,7.3,.672,3.9,4.8,.806,1.6,7.1,8.7,3.3,0.7,0.5,2.1,4.6,21.2,2022
561,Ish Wainright,PF,27,PHO,45,0,359,4.1,10.4,.394,1.9,5.9,.322,2.2,4.5,.489,0.7,1.2,.583,2.7,2.7,5.4,1.5,2.0,0.6,1.3,4.9,10.8,2022
563,Lonnie Walker IV,SG,23,SAS,70,6,1612,6.9,17.1,.407,2.5,7.9,.314,4.5,9.2,.487,2.6,3.3,.784,0.4,3.6,4.0,3.4,1.0,0.4,1.6,2.2,19.0,2022
568,Duane Washington Jr.,PG,21,IND,48,7,968,6.4,15.9,.405,3.0,8.0,.377,3.4,7.9,.434,1.7,2.3,.754,0.1,2.9,3.1,3.2,1.0,0.1,2.1,2.5,17.6,2022
569,P.J. Washington,C,23,CHO,65,28,1768,5.1,10.8,.470,2.2,6.1,.365,2.9,4.7,.606,1.2,1.6,.716,1.7,5.2,6.9,3.0,1.2,1.2,1.7,3.1,13.6,2022
573,Trendon Watford,SF,21,POR,48,10,869,5.9,11.1,.532,0.4,1.6,.237,5.5,9.5,.581,2.9,3.9,.755,2.4,5.9,8.2,3.4,1.0,1.2,1.8,4.8,15.1,2022
576,Russell Westbrook,PG,33,LAL,78,78,2678,7.4,16.6,.444,1.1,3.6,.298,6.3,13.0,.485,3.6,5.4,.667,1.5,6.3,7.8,7.4,1.0,0.3,4.0,3.2,19.4,2022
577,Coby White,PG,21,CHI,61,17,1675,6.0,13.8,.433,2.9,7.6,.385,3.1,6.3,.491,1.7,2.0,.857,0.4,3.5,3.9,3.8,0.6,0.2,1.5,2.9,16.6,2022
578,Derrick White,SG,27,TOT,75,52,2199,5.5,13.1,.421,1.9,6.0,.312,3.6,7.1,.515,3.3,3.8,.864,0.6,3.7,4.3,6.0,1.0,0.9,1.9,2.8,16.2,2022
579,Hassan Whiteside,C,32,UTA,65,8,1162,6.7,10.2,.652,0.0,0.0,,6.7,10.2,.652,3.2,5.2,.623,5.1,10.2,15.3,0.8,0.7,3.2,1.6,5.5,16.5,2022
581,Aaron Wiggins,SG,23,OKC,50,35,1209,4.6,10.0,.463,1.3,4.1,.304,3.4,5.9,.573,1.8,2.5,.729,1.5,3.8,5.3,2.0,0.9,0.3,1.6,2.8,12.4,2022
582,Andrew Wiggins,SF,26,GSW,73,73,2329,7.3,15.8,.466,2.4,6.2,.393,4.9,9.6,.513,2.3,3.6,.634,1.3,3.7,5.0,2.5,1.2,0.8,1.7,2.4,19.4,2022
585,Grant Williams,PF,23,BOS,77,21,1875,3.9,8.3,.475,2.0,5.0,.411,1.9,3.3,.569,1.7,1.8,.905,1.2,4.0,5.3,1.5,0.7,1.1,1.2,3.6,11.6,2022
586,Kenrich Williams,SF,27,OKC,49,0,1072,4.9,10.6,.461,1.4,4.1,.339,3.5,6.6,.536,1.0,1.8,.545,2.5,4.9,7.4,3.6,1.5,0.3,1.5,2.7,12.2,2022
587,Lou Williams,PG,35,ATL,56,0,799,5.6,14.4,.391,1.7,4.6,.363,4.0,9.8,.404,3.0,3.5,.859,0.7,3.2,3.9,4.7,1.3,0.1,1.9,2.2,15.9,2022
589,Robert Williams,C,24,BOS,61,61,1804,5.4,7.3,.736,0.0,0.0,.000,5.4,7.3,.738,1.3,1.8,.722,4.7,7.0,11.7,2.4,1.1,2.7,1.3,2.7,12.1,2022
590,Ziaire Williams,SF,20,MEM,62,31,1346,5.1,11.3,.450,2.0,6.5,.314,3.1,4.9,.632,1.2,1.5,.782,0.7,2.8,3.5,1.7,0.9,0.3,1.1,3.0,13.4,2022
592,Dylan Windler,SF,25,CLE,50,0,459,2.9,7.7,.378,1.6,5.5,.300,1.3,2.2,.571,1.2,1.4,.833,1.6,5.3,7.0,2.7,1.1,0.2,1.3,3.7,8.6,2022
593,Justise Winslow,PF,25,TOT,48,11,774,5.1,12.0,.428,0.7,3.1,.227,4.4,8.9,.497,1.8,3.1,.591,2.3,7.1,9.4,3.9,1.6,1.2,2.3,3.1,12.7,2022
595,Christian Wood,C,26,HOU,68,67,2094,7.6,15.1,.501,2.3,5.8,.390,5.3,9.3,.570,3.6,5.7,.623,1.9,9.9,11.8,2.7,0.9,1.1,2.2,2.9,20.9,2022
597,Delon Wright,SG,29,ATL,77,8,1452,3.0,6.7,.454,1.1,2.9,.379,1.9,3.8,.510,1.3,1.6,.857,1.2,4.2,5.5,4.7,2.3,0.5,1.1,1.4,8.5,2022
601,Thaddeus Young,PF,33,TOT,52,1,845,6.0,11.6,.518,0.7,2.0,.354,5.3,9.5,.554,1.0,2.1,.469,3.4,5.5,8.9,4.4,2.3,0.8,2.2,3.5,13.7,2022
602,Trae Young,PG,23,ATL,76,76,2652,9.7,21.0,.460,3.2,8.3,.382,6.5,12.7,.512,6.8,7.5,.904,0.7,3.2,3.9,10.0,1.0,0.1,4.1,1.7,29.3,2022
603,Omer Yurtseven,C,23,MIA,56,12,706,6.6,12.6,.526,0.1,0.6,.091,6.6,12.0,.547,1.9,3.1,.623,4.3,10.7,15.0,2.5,0.9,1.0,2.1,4.3,15.2,2022
605,Ivica Zubac,C,24,LAC,76,76,1852,6.0,9.6,.626,0.0,0.0,,6.0,9.6,.626,3.2,4.4,.727,4.2,8.3,12.5,2.3,0.7,1.5,2.2,3.9,15.3,2022
