Rk,Player,Pos,Age,Tm,G,GS,MP,FG,FGA,FG%,3P,3PA,3P%,2P,2PA,2P%,FT,FTA,FT%,ORB,DRB,TRB,AST,STL,BLK,TOV,PF,PTS,Year
1,Precious Achiuwa,PF,21,MIA,61,4,737,6.1,11.1,.544,0.0,0.0,.000,6.1,11.1,.546,2.7,5.4,.509,3.6,6.6,10.2,1.4,1.0,1.4,2.1,4.4,14.8,2021
3,Steven Adams,C,27,NOP,58,58,1605,4.2,6.9,.614,0.0,0.1,.000,4.2,6.8,.620,1.3,3.0,.444,4.8,6.8,11.5,2.5,1.2,0.9,1.7,2.5,9.8,2021
4,Bam Adebayo,C,23,MIA,64,64,2143,7.7,13.4,.570,0.0,0.1,.250,7.6,13.3,.573,4.8,5.9,.799,2.4,7.2,9.6,5.8,1.3,1.1,2.8,2.4,20.1,2021
7,Nickeil Alexander-Walker,SG,22,NOP,46,13,1007,6.9,16.4,.419,2.7,7.8,.347,4.1,8.5,.485,1.7,2.4,.727,0.5,4.7,5.1,3.6,1.7,0.8,2.5,3.1,18.2,2021
8,Grayson Allen,SG,25,MEM,50,38,1259,4.9,11.8,.418,3.1,7.8,.391,1.9,4.0,.471,2.3,2.6,.868,0.5,4.0,4.6,3.1,1.3,0.2,1.4,2.0,15.2,2021
9,Jarrett Allen,C,22,TOT,63,45,1864,5.8,9.3,.618,0.1,0.4,.316,5.6,8.9,.631,3.9,5.6,.703,3.8,8.4,12.2,2.0,0.6,1.7,1.9,1.9,15.6,2021
11,Kyle Anderson,PF,27,MEM,69,69,1887,5.9,12.6,.468,1.8,5.0,.360,4.1,7.6,.539,2.7,3.5,.783,1.0,6.6,7.6,4.8,1.6,1.1,1.6,2.3,16.3,2021
12,Giannis Antetokounmpo,PF,26,MIL,61,61,2013,11.2,19.7,.569,1.2,4.0,.303,10.0,15.7,.636,7.1,10.4,.685,1.7,10.3,12.0,6.4,1.3,1.3,3.7,3.0,30.7,2021
14,Thanasis Antetokounmpo,SF,28,MIL,57,3,551,4.4,9.0,.489,0.5,1.9,.241,3.9,7.1,.556,1.6,3.2,.510,3.5,4.6,8.1,3.0,1.4,0.7,2.8,4.8,10.8,2021
15,Carmelo Anthony,PF,36,POR,69,3,1690,7.0,16.6,.421,2.8,6.9,.409,4.1,9.6,.429,2.9,3.3,.890,0.7,3.9,4.6,2.2,1.0,0.8,1.3,3.1,19.7,2021
16,Cole Anthony,PG,20,ORL,47,34,1273,6.2,15.6,.397,1.6,4.9,.337,4.6,10.7,.424,3.1,3.7,.832,1.1,5.2,6.2,5.4,0.8,0.5,3.0,2.8,17.1,2021
17,OG Anunoby,SF,23,TOR,43,43,1433,6.3,13.0,.480,2.6,6.6,.398,3.6,6.5,.562,2.0,2.6,.784,1.4,4.6,6.0,2.4,1.7,0.8,1.9,2.9,17.1,2021
18,Ryan Arcidiacono,PG,26,CHI,44,0,450,3.9,9.4,.419,2.0,5.4,.373,1.9,4.0,.480,1.0,1.6,.650,0.4,5.0,5.4,4.5,0.7,0.0,0.8,3.8,10.9,2021
20,D.J. Augustin,PG,33,TOT,57,12,1129,4.3,10.9,.394,2.6,6.9,.382,1.7,4.0,.413,2.7,3.0,.904,0.6,2.4,3.0,6.0,0.9,0.0,2.1,1.8,14.0,2021
21,Deni Avdija,SF,20,WAS,54,32,1257,3.7,8.9,.417,1.5,4.8,.315,2.2,4.1,.535,0.8,1.3,.644,0.6,6.9,7.5,1.8,0.9,0.4,0.9,4.0,9.8,2021
22,Deandre Ayton,C,22,PHO,69,69,2115,7.3,11.7,.626,0.1,0.3,.200,7.3,11.4,.639,2.3,2.9,.769,3.9,8.5,12.4,1.7,0.7,1.4,1.8,3.3,17.0,2021
24,Dwayne Bacon,SG,25,ORL,72,50,1853,5.7,14.1,.402,1.1,4.0,.285,4.5,10.1,.449,2.8,3.4,.824,0.6,3.7,4.4,1.8,0.9,0.1,0.9,2.0,15.3,2021
25,Marvin Bagley III,PF,21,SAC,43,42,1112,8.0,15.9,.504,1.2,3.5,.343,6.8,12.4,.550,2.5,4.3,.575,3.4,6.9,10.3,1.4,0.7,0.7,1.9,3.2,19.7,2021
26,LaMelo Ball,PG,19,CHO,51,31,1469,7.2,16.5,.436,2.3,6.4,.352,4.9,10.1,.489,3.1,4.0,.758,1.5,5.9,7.4,7.7,2.0,0.4,3.6,3.3,19.7,2021
27,Lonzo Ball,PG,23,NOP,55,55,1747,6.0,14.4,.414,3.5,9.4,.378,2.4,5.0,.482,1.0,1.3,.781,0.7,4.7,5.4,6.5,1.7,0.6,2.5,2.1,16.5,2021
28,Mo Bamba,C,22,ORL,46,5,725,7.1,14.9,.472,1.9,5.9,.322,5.2,9.1,.568,2.2,3.3,.682,3.8,9.4,13.2,1.7,0.7,2.9,1.8,4.3,18.2,2021
29,Desmond Bane,SG,22,MEM,68,17,1519,5.5,11.8,.469,2.8,6.4,.432,2.8,5.4,.513,0.9,1.2,.816,0.7,4.2,5.0,2.8,1.0,0.4,1.4,3.0,14.8,2021
30,Harrison Barnes,PF,28,SAC,58,58,2102,5.5,11.0,.497,1.7,4.4,.391,3.8,6.6,.567,3.3,4.0,.830,1.1,5.5,6.6,3.4,0.7,0.2,1.6,1.3,16.0,2021
31,RJ Barrett,SG,20,NYK,72,72,2511,6.7,15.2,.441,1.8,4.4,.401,4.9,10.8,.457,3.0,4.0,.746,1.0,5.0,5.9,3.1,0.8,0.3,2.0,2.7,18.1,2021
32,Will Barton,SF,30,DEN,56,52,1736,5.4,12.6,.426,2.0,5.3,.381,3.3,7.3,.459,2.0,2.5,.785,0.8,3.9,4.7,3.8,1.0,0.5,2.0,2.0,14.7,2021
34,Nicolas Batum,SF,32,LAC,67,38,1835,3.7,8.1,.464,2.2,5.3,.404,1.6,2.7,.579,0.9,1.1,.828,1.0,5.2,6.2,2.9,1.4,0.7,1.0,2.0,10.6,2021
35,Aron Baynes,C,34,TOR,53,31,980,4.9,11.2,.441,1.0,3.8,.262,3.9,7.4,.532,1.1,1.5,.707,3.2,6.8,10.0,1.7,0.6,0.8,1.7,4.4,11.9,2021
36,Kent Bazemore,SF,31,GSW,67,18,1333,4.8,10.6,.449,2.0,5.0,.408,2.7,5.6,.486,1.5,2.1,.692,0.7,5.5,6.2,2.9,1.9,0.9,2.2,4.3,13.0,2021
37,Darius Bazley,PF,20,OKC,55,55,1714,5.7,14.5,.396,1.7,6.0,.290,4.0,8.5,.470,2.6,3.7,.702,1.1,7.2,8.3,2.1,0.6,0.5,2.6,1.3,15.8,2021
38,Bradley Beal,SG,27,WAS,60,60,2147,11.2,23.2,.485,2.2,6.3,.349,9.1,16.9,.535,6.8,7.7,.889,1.2,3.5,4.7,4.4,1.2,0.4,3.1,2.3,31.5,2021
41,DeAndre' Bembry,SF,26,TOR,51,12,972,4.3,8.4,.513,0.5,2.0,.264,3.8,6.5,.589,1.7,2.4,.682,1.2,4.2,5.4,4.0,2.0,0.7,2.6,3.2,10.9,2021
42,Dāvis Bertāns,PF,28,WAS,57,7,1464,4.7,11.8,.404,4.2,10.5,.395,0.6,1.2,.480,2.5,2.8,.870,0.4,3.7,4.1,1.2,0.8,0.3,0.8,3.3,16.1,2021
44,Saddiq Bey,SF,21,DET,70,53,1909,5.3,13.0,.404,3.3,8.7,.380,2.0,4.4,.450,2.3,2.8,.844,0.8,5.2,6.0,1.8,1.0,0.3,1.1,2.1,16.2,2021
46,Khem Birch,C,28,TOT,67,22,1529,4.4,8.9,.497,0.3,1.2,.250,4.1,7.7,.537,2.1,3.0,.705,4.1,5.0,9.1,2.1,1.1,1.2,1.0,2.7,11.3,2021
47,Goga Bitadze,C,21,IND,45,3,561,5.3,12.4,.428,1.3,5.1,.253,4.0,7.4,.548,2.9,3.9,.738,3.9,5.8,9.6,2.4,0.6,3.9,1.1,6.0,14.8,2021
48,Bismack Biyombo,C,28,CHO,66,36,1349,3.8,6.5,.587,0.0,0.0,.000,3.8,6.4,.589,1.3,2.8,.448,3.7,5.6,9.3,2.2,0.5,2.0,1.9,3.8,8.8,2021
50,Eric Bledsoe,SG,31,NOP,71,70,2111,5.2,12.4,.421,2.1,6.1,.341,3.2,6.4,.496,2.3,3.3,.687,0.5,3.7,4.2,4.6,0.9,0.4,1.9,1.9,14.8,2021
52,Bogdan Bogdanović,SG,28,ATL,44,27,1305,7.4,15.6,.473,4.0,9.2,.438,3.3,6.4,.522,1.1,1.2,.909,0.6,3.9,4.4,4.1,1.4,0.4,1.5,2.7,19.9,2021
53,Bojan Bogdanović,SF,31,UTA,72,72,2216,6.6,15.0,.439,2.9,7.5,.390,3.7,7.5,.487,3.8,4.3,.879,0.6,3.9,4.6,2.2,0.7,0.1,2.1,1.9,19.9,2021
58,Devin Booker,SG,24,PHO,67,67,2270,9.9,20.4,.484,2.0,5.9,.340,7.9,14.5,.543,5.4,6.2,.867,0.5,3.9,4.5,4.6,0.8,0.3,3.3,2.9,27.2,2021
59,Chris Boucher,C,28,TOR,60,14,1453,7.1,13.9,.514,2.2,5.8,.383,4.9,8.1,.609,3.8,4.8,.788,2.9,7.1,10.0,1.6,0.9,2.8,1.1,4.1,20.3,2021
62,Tony Bradley,C,23,TOT,42,8,684,6.9,10.4,.665,0.0,0.2,.000,6.9,10.2,.675,2.0,2.9,.691,4.5,8.1,12.6,1.9,0.8,1.6,1.7,3.2,15.8,2021
65,Mikal Bridges,SF,24,PHO,72,72,2348,5.6,10.3,.543,2.1,4.8,.425,3.5,5.4,.647,1.7,2.0,.840,1.2,3.6,4.7,2.3,1.2,1.0,0.9,1.8,14.9,2021
66,Miles Bridges,PF,22,CHO,66,19,1932,5.8,11.6,.503,2.2,5.4,.400,3.7,6.2,.593,1.8,2.1,.867,1.5,5.9,7.4,2.7,0.8,1.0,2.0,2.7,15.7,2021
69,Malcolm Brogdon,PG,28,IND,56,56,1930,8.3,18.3,.453,2.7,7.0,.388,5.6,11.3,.493,2.9,3.3,.864,1.1,4.4,5.5,6.1,0.9,0.3,2.1,2.1,22.1,2021
71,Dillon Brooks,SF,25,MEM,67,67,1997,7.8,18.6,.419,2.3,6.7,.344,5.5,11.9,.461,2.9,3.5,.815,1.0,2.6,3.5,2.8,1.4,0.5,2.1,4.3,20.7,2021
72,Bruce Brown,PG,24,BRK,65,37,1451,5.8,10.5,.556,0.4,1.5,.288,5.4,9.0,.599,2.1,2.9,.735,2.8,5.9,8.7,2.6,1.4,0.7,1.3,3.6,14.2,2021
74,Jaylen Brown,SG,24,BOS,58,58,1999,9.7,20.0,.484,2.9,7.4,.397,6.8,12.6,.536,3.4,4.5,.764,1.3,5.0,6.2,3.5,1.3,0.6,2.8,3.0,25.8,2021
75,Moses Brown,C,21,OKC,43,32,920,5.7,10.5,.545,0.0,0.0,,5.7,10.5,.545,3.1,4.9,.619,6.0,9.0,15.0,0.4,1.2,1.8,1.7,3.6,14.5,2021
76,Sterling Brown,SG,25,HOU,51,14,1229,4.4,9.8,.448,2.7,6.3,.423,1.7,3.5,.492,0.7,0.9,.806,1.1,5.4,6.6,2.1,1.1,0.4,1.2,2.8,12.2,2021
78,Jalen Brunson,PG,24,DAL,68,12,1697,7.0,13.3,.523,1.7,4.2,.405,5.2,9.1,.578,2.5,3.2,.795,0.6,4.3,4.9,5.1,0.7,0.0,1.7,2.3,18.2,2021
81,Reggie Bullock,SF,29,NYK,65,64,1949,4.6,10.4,.442,3.0,7.4,.410,1.6,3.0,.521,0.9,1.0,.909,0.3,3.8,4.1,1.8,1.0,0.2,0.8,2.7,13.1,2021
82,Trey Burke,PG,28,DAL,62,1,911,6.0,13.9,.428,2.3,6.5,.354,3.7,7.5,.492,2.0,2.3,.895,0.4,1.7,2.1,3.2,1.4,0.3,1.3,2.5,16.2,2021
83,Alec Burks,SG,29,NYK,49,5,1255,6.0,14.3,.420,2.9,7.1,.415,3.1,7.3,.425,2.9,3.4,.856,0.6,5.9,6.5,3.1,0.9,0.4,1.4,2.9,17.9,2021
84,Jimmy Butler,SF,31,MIA,52,52,1745,7.6,15.2,.497,0.5,2.1,.245,7.0,13.1,.538,7.4,8.6,.863,1.9,5.5,7.4,7.6,2.2,0.4,2.2,1.5,23.0,2021
87,Kentavious Caldwell-Pope,SG,27,LAL,67,67,1902,4.1,9.6,.431,2.3,5.5,.410,1.9,4.0,.460,1.8,2.1,.866,0.5,2.9,3.4,2.4,1.2,0.5,1.2,2.2,12.4,2021
88,Facundo Campazzo,PG,29,DEN,65,19,1425,3.0,8.0,.381,1.9,5.5,.352,1.1,2.5,.444,2.0,2.3,.879,0.6,2.8,3.4,5.9,2.0,0.4,1.8,3.3,10.0,2021
91,Clint Capela,C,26,ATL,63,63,1898,7.8,13.2,.594,0.0,0.0,,7.8,13.2,.594,2.5,4.3,.573,5.6,11.5,17.1,0.9,0.8,2.4,1.4,2.8,18.1,2021
93,Jevon Carter,PG,25,PHO,60,1,717,4.7,11.2,.422,2.8,7.6,.371,1.9,3.6,.528,0.2,0.4,.571,0.8,3.8,4.6,3.6,1.5,0.5,0.8,2.8,12.5,2021
94,Wendell Carter Jr.,C,21,TOT,54,44,1375,6.0,12.0,.503,0.4,1.3,.294,5.6,10.6,.530,3.4,4.7,.732,3.5,8.1,11.6,2.7,0.9,1.1,2.0,3.8,15.9,2021
96,Alex Caruso,PG,26,LAL,58,6,1216,3.9,9.0,.436,1.6,4.1,.401,2.3,5.0,.464,1.5,2.3,.645,0.9,4.1,5.0,4.7,1.9,0.4,2.3,3.2,11.0,2021
97,Willie Cauley-Stein,C,27,DAL,53,16,906,4.6,7.2,.632,0.0,0.4,.091,4.5,6.8,.667,1.9,3.1,.628,2.6,6.8,9.4,1.4,0.8,1.7,1.2,5.1,11.1,2021
101,Brandon Clarke,PF,24,MEM,59,16,1415,6.5,12.6,.517,0.5,2.0,.260,6.0,10.6,.565,2.0,2.9,.690,2.5,5.9,8.3,2.4,1.5,1.3,0.8,2.1,15.5,2021
102,Jordan Clarkson,SG,28,UTA,68,1,1818,9.0,21.3,.425,4.1,11.9,.347,4.9,9.4,.523,2.6,2.9,.896,0.9,4.5,5.4,3.3,1.2,0.2,2.3,2.2,24.8,2021
104,Amir Coffey,SG,23,LAC,44,1,394,4.1,9.4,.437,2.1,5.1,.411,2.0,4.3,.468,2.5,3.5,.711,0.9,3.1,4.0,2.0,0.9,0.0,1.4,2.7,12.8,2021
105,John Collins,PF,23,ATL,63,63,1848,8.4,15.0,.556,1.6,4.1,.399,6.7,11.0,.615,3.3,4.0,.833,2.3,6.8,9.1,1.5,0.7,1.2,1.6,3.8,21.6,2021
106,Mike Conley,PG,33,UTA,51,51,1498,6.8,15.4,.444,3.3,8.1,.412,3.5,7.3,.479,2.9,3.4,.852,0.9,3.4,4.3,7.3,1.7,0.2,2.4,2.4,19.9,2021
107,Pat Connaughton,SG,28,MIL,69,4,1575,3.8,8.8,.434,2.3,6.2,.371,1.5,2.6,.583,0.7,0.9,.775,1.4,6.1,7.6,1.9,1.1,0.5,0.8,2.3,10.7,2021
111,Robert Covington,PF,30,POR,70,70,2243,3.3,8.2,.401,2.2,5.7,.379,1.1,2.5,.451,0.8,1.0,.806,1.0,6.5,7.5,1.9,1.6,1.3,1.0,3.1,9.5,2021
112,Torrey Craig,SF,30,TOT,50,8,803,4.9,10.2,.480,1.7,4.8,.368,3.1,5.4,.579,0.8,1.0,.773,2.6,6.3,8.8,2.2,1.3,1.2,1.1,3.7,12.3,2021
113,Jae Crowder,PF,30,PHO,60,42,1648,4.3,10.7,.404,3.2,8.3,.389,1.1,2.4,.455,1.2,1.6,.760,0.7,5.5,6.2,2.8,1.0,0.6,1.2,2.7,13.2,2021
115,Seth Curry,SG,30,PHI,57,57,1638,5.7,12.1,.467,2.8,6.2,.450,2.9,6.0,.485,1.5,1.7,.896,0.2,2.8,3.0,3.4,1.0,0.2,1.4,2.1,15.6,2021
116,Stephen Curry,PG,32,GSW,63,63,2152,11.0,22.8,.482,5.6,13.4,.421,5.4,9.4,.569,6.1,6.6,.916,0.5,5.3,5.8,6.1,1.3,0.1,3.6,2.0,33.7,2021
120,Terence Davis,SG,23,TOT,61,4,1074,6.5,15.3,.428,3.3,8.9,.367,3.3,6.3,.513,1.5,1.8,.818,0.7,4.5,5.2,2.8,1.5,0.5,2.1,3.3,17.9,2021
124,DeMar DeRozan,PF,31,SAS,61,61,2056,8.0,16.1,.495,0.3,1.3,.257,7.6,14.8,.515,6.8,7.7,.880,0.7,3.8,4.5,7.4,1.0,0.3,2.1,2.2,23.0,2021
126,Hamidou Diallo,SG-SF,22,TOT,52,9,1226,6.6,13.8,.477,0.8,2.4,.341,5.8,11.4,.505,3.8,5.9,.640,1.7,6.3,8.0,3.0,1.2,0.7,2.2,3.9,17.7,2021
129,Donte DiVincenzo,SG,24,MIL,66,66,1814,5.0,12.0,.420,2.6,6.9,.379,2.4,5.1,.475,1.0,1.4,.718,1.6,5.9,7.5,4.0,1.4,0.3,1.8,2.2,13.7,2021
130,Luka Dončić,PG,21,DAL,66,66,2262,10.3,21.5,.479,3.1,8.7,.350,7.2,12.8,.567,5.5,7.5,.730,0.9,7.5,8.4,9.0,1.0,0.6,4.5,2.4,29.1,2021
131,Luguentz Dort,SG,21,OKC,52,52,1543,5.8,14.9,.387,2.6,7.7,.343,3.1,7.2,.432,2.8,3.8,.744,0.9,3.5,4.4,2.1,1.0,0.4,1.8,3.1,17.0,2021
132,Damyean Dotson,SG,26,CLE,46,7,907,4.7,11.6,.406,1.8,6.3,.289,2.9,5.3,.545,1.0,1.4,.667,0.2,3.5,3.7,3.6,0.6,0.2,1.7,1.7,12.2,2021
134,Sekou Doumbouya,PF,20,DET,56,11,869,4.4,11.7,.379,1.1,4.8,.226,3.4,6.9,.485,1.9,2.7,.703,1.6,4.3,5.9,1.9,1.0,0.4,1.8,3.9,11.8,2021
135,PJ Dozier,SG,24,DEN,50,6,1088,4.9,11.7,.417,1.6,4.9,.315,3.3,6.8,.490,1.4,2.2,.636,1.2,4.9,6.0,3.0,1.0,0.7,1.5,2.8,12.7,2021
136,Goran Dragić,PG,34,MIA,50,11,1337,6.5,14.9,.432,2.5,6.6,.373,4.0,8.4,.479,2.7,3.3,.828,0.7,3.9,4.6,5.9,0.9,0.2,3.2,3.0,18.1,2021
137,Andre Drummond,C,27,TOT,46,46,1242,8.2,16.6,.493,0.0,0.2,.000,8.2,16.3,.500,3.6,5.9,.600,4.8,11.2,16.0,2.7,1.8,1.4,3.6,4.3,19.9,2021
141,Anthony Edwards,SG,19,MIN,72,55,2314,7.9,18.8,.417,2.7,8.1,.329,5.2,10.8,.483,3.3,4.2,.776,0.9,4.3,5.2,3.3,1.3,0.6,2.5,2.0,21.7,2021
145,Wayne Ellington,SG,33,DET,46,31,1012,5.3,12.0,.441,4.1,9.8,.422,1.2,2.2,.524,1.0,1.2,.800,0.4,2.6,3.0,2.4,0.6,0.3,1.2,2.1,15.7,2021
146,Joel Embiid,C,26,PHI,51,51,1585,10.5,20.4,.513,1.3,3.5,.377,9.2,16.9,.541,10.7,12.4,.859,2.6,9.7,12.2,3.3,1.1,1.6,3.6,2.8,33.0,2021
148,Drew Eubanks,C,23,SAS,54,3,755,5.5,9.8,.566,0.1,0.1,1.000,5.4,9.7,.562,3.7,5.1,.726,3.5,8.0,11.5,2.0,0.9,2.3,2.1,4.2,14.8,2021
151,Derrick Favors,C,29,UTA,68,0,1039,5.4,8.4,.638,0.0,0.1,.000,5.4,8.4,.643,2.0,2.8,.738,4.8,8.2,13.0,1.5,1.1,2.4,1.2,5.0,12.8,2021
156,Dorian Finney-Smith,PF,27,DAL,60,60,1921,4.1,8.7,.472,2.2,5.7,.394,1.9,3.1,.616,0.6,0.8,.756,1.8,4.3,6.1,1.9,1.0,0.5,0.9,2.6,11.1,2021
158,Malachi Flynn,PG,22,TOR,47,14,928,4.9,13.2,.374,2.1,6.5,.321,2.8,6.7,.424,1.7,2.2,.804,0.4,4.1,4.5,5.3,1.5,0.3,1.7,2.6,13.7,2021
159,Bryn Forbes,SG,27,MIL,70,10,1354,6.6,14.1,.473,4.1,9.1,.452,2.6,5.0,.511,1.2,1.6,.770,0.3,2.7,3.0,1.2,0.6,0.0,1.2,2.0,18.6,2021
161,Evan Fournier,SF-SG,28,TOT,42,36,1259,7.1,15.5,.457,3.3,8.1,.413,3.7,7.4,.504,3.1,3.9,.788,0.3,3.4,3.7,4.1,1.3,0.5,2.1,2.7,20.6,2021
162,De'Aaron Fox,PG,23,SAC,58,58,2036,9.4,19.6,.477,1.8,5.7,.322,7.5,14.0,.539,5.3,7.4,.719,0.6,3.0,3.6,7.4,1.5,0.5,3.1,3.0,25.8,2021
165,Enes Freedom,C,28,POR,72,35,1758,6.9,11.5,.604,0.0,0.1,.250,6.9,11.4,.607,2.6,3.4,.774,5.8,10.5,16.3,1.7,0.7,1.0,1.6,3.4,16.5,2021
168,Daniel Gafford,PF-C,22,TOT,54,11,791,7.0,10.2,.684,0.0,0.0,,7.0,10.2,.684,3.3,4.9,.667,4.3,6.2,10.5,1.3,1.2,3.4,1.9,4.5,17.3,2021
169,Danilo Gallinari,PF,32,ATL,51,4,1222,6.1,14.0,.434,3.0,7.5,.406,3.0,6.5,.466,4.7,5.1,.925,0.5,5.7,6.2,2.2,0.9,0.3,1.3,3.1,19.9,2021
171,Darius Garland,PG,21,CLE,54,50,1790,7.3,16.1,.451,2.1,5.3,.395,5.2,10.8,.479,2.3,2.7,.848,0.5,2.1,2.6,6.6,1.3,0.1,3.3,2.2,18.9,2021
172,Marc Gasol,C,36,LAL,52,42,993,3.2,7.0,.454,1.8,4.4,.410,1.4,2.6,.528,1.3,1.8,.720,1.4,6.4,7.8,4.0,0.9,2.1,1.9,4.2,9.5,2021
173,Rudy Gay,PF,34,SAS,63,1,1358,7.0,16.6,.420,2.8,7.4,.381,4.2,9.3,.451,2.2,2.7,.804,1.1,6.9,8.0,2.3,1.2,1.1,1.7,3.0,19.0,2021
174,Paul George,SF,30,LAC,54,54,1821,8.8,18.8,.467,3.4,8.2,.411,5.4,10.6,.510,3.9,4.5,.868,0.9,6.2,7.1,5.5,1.2,0.5,3.5,2.6,24.9,2021
175,Taj Gibson,C,35,NYK,45,3,936,3.8,6.1,.627,0.1,0.6,.200,3.7,5.5,.671,1.5,2.1,.727,3.8,5.8,9.6,1.4,1.2,1.9,0.8,3.8,9.3,2021
180,Rudy Gobert,C,28,UTA,71,71,2187,6.4,9.5,.675,0.0,0.1,.000,6.4,9.5,.680,3.8,6.2,.623,4.0,11.9,15.8,1.5,0.7,3.1,1.9,2.7,16.7,2021
181,Brandon Goodwin,PG,25,ATL,47,5,620,4.9,12.9,.377,1.9,6.0,.311,3.0,7.0,.433,1.6,2.5,.651,0.5,3.5,4.0,5.5,1.0,0.0,2.1,2.4,13.2,2021
182,Aaron Gordon,PF,25,TOT,50,50,1384,6.0,13.0,.463,1.5,4.6,.335,4.5,8.4,.533,2.5,3.9,.651,2.0,5.4,7.4,4.2,0.9,0.9,2.5,2.3,16.1,2021
184,Devonte' Graham,PG,25,CHO,55,44,1659,5.5,14.5,.377,3.9,10.4,.375,1.6,4.2,.380,2.9,3.4,.842,0.5,2.7,3.2,6.4,1.0,0.1,1.8,1.7,17.7,2021
185,Jerami Grant,SF,26,DET,54,54,1829,7.9,18.3,.429,2.3,6.5,.350,5.6,11.9,.473,5.7,6.8,.845,0.7,4.2,4.9,3.0,0.7,1.1,2.1,2.5,23.7,2021
186,Danny Green,SF,33,PHI,69,69,1934,4.2,10.1,.412,3.3,8.0,.405,0.9,2.1,.438,0.6,0.7,.775,1.0,3.8,4.8,2.2,1.7,1.0,1.2,2.3,12.2,2021
187,Draymond Green,PF,30,GSW,63,63,1982,3.1,6.9,.447,0.6,2.3,.270,2.5,4.6,.535,1.3,1.6,.795,1.0,7.2,8.2,10.1,1.9,0.9,3.4,3.5,8.1,2021
188,JaMychal Green,PF,30,DEN,58,5,1120,5.6,12.0,.463,2.5,6.4,.399,3.0,5.7,.534,1.5,1.8,.807,2.7,6.2,8.9,1.7,0.8,0.7,1.7,4.6,15.1,2021
190,Jeff Green,PF,34,BRK,68,38,1835,5.1,10.4,.492,2.0,4.9,.412,3.1,5.5,.564,2.5,3.2,.776,0.7,4.5,5.2,2.1,0.7,0.5,1.1,2.4,14.7,2021
192,Blake Griffin,PF,31,TOT,46,30,1186,5.3,12.5,.423,2.1,6.2,.341,3.2,6.3,.505,2.6,3.6,.744,1.1,5.8,6.8,4.2,1.0,0.5,1.9,3.4,15.3,2021
194,Rui Hachimura,PF,22,WAS,57,57,1797,6.2,13.0,.478,0.9,2.7,.328,5.3,10.2,.519,2.5,3.2,.770,1.0,5.3,6.3,1.6,0.9,0.1,1.4,2.4,15.8,2021
196,Tyrese Haliburton,PG,20,SAC,58,20,1746,6.0,12.8,.472,2.5,6.1,.409,3.5,6.7,.529,1.0,1.2,.857,0.8,2.8,3.6,6.4,1.6,0.6,1.9,1.7,15.5,2021
199,R.J. Hampton,SG-PG,19,TOT,51,1,888,5.5,12.7,.435,1.1,3.5,.310,4.4,9.2,.482,2.2,3.3,.671,1.2,6.1,7.3,3.5,0.9,0.4,2.1,2.5,14.4,2021
200,Tim Hardaway Jr.,SG,28,DAL,70,31,1985,7.4,16.5,.447,3.8,9.6,.391,3.6,6.9,.524,2.6,3.2,.816,0.4,3.8,4.2,2.3,0.6,0.2,1.2,2.0,21.1,2021
201,James Harden,PG-SG,31,TOT,44,43,1609,7.7,16.4,.466,2.7,7.5,.362,4.9,8.9,.553,6.2,7.2,.861,0.8,7.0,7.8,10.6,1.2,0.7,4.0,2.2,24.2,2021
204,Montrezl Harrell,C,27,LAL,69,1,1580,8.5,13.7,.622,0.0,0.2,.000,8.5,13.5,.632,4.1,5.8,.707,3.6,6.2,9.8,1.7,1.0,1.1,1.7,2.9,21.2,2021
207,Joe Harris,SF,29,BRK,69,65,2141,6.0,11.9,.505,3.5,7.5,.475,2.5,4.4,.555,0.8,1.1,.778,0.7,3.4,4.2,2.2,0.8,0.2,1.0,2.4,16.4,2021
208,Tobias Harris,PF,28,PHI,62,62,2014,8.5,16.5,.512,1.5,3.7,.394,7.0,12.8,.546,3.3,3.6,.892,1.1,6.4,7.5,3.9,1.0,0.9,1.9,2.1,21.6,2021
210,Josh Hart,SF,25,NOP,47,4,1349,4.0,9.2,.439,1.7,5.2,.326,2.3,4.0,.583,1.8,2.4,.775,1.4,8.6,10.1,2.9,1.0,0.3,1.3,3.0,11.6,2021
211,Isaiah Hartenstein,C,22,TOT,46,2,559,6.1,11.0,.550,0.1,0.4,.333,5.9,10.6,.558,3.0,4.6,.648,4.2,7.5,11.7,3.5,1.2,2.5,2.8,6.7,15.2,2021
213,Jaxson Hayes,C,20,NOP,60,3,964,6.5,10.5,.625,0.2,0.5,.429,6.3,9.9,.635,3.5,4.5,.775,3.4,6.2,9.6,1.3,0.9,1.4,1.5,3.8,16.8,2021
215,Gordon Hayward,SF,30,CHO,44,44,1496,7.5,15.8,.473,2.0,4.9,.415,5.4,10.9,.499,3.8,4.5,.843,0.9,5.3,6.2,4.4,1.3,0.3,2.2,1.8,20.8,2021
216,Juancho Hernangómez,PF,25,MIN,52,6,900,5.2,12.0,.435,2.2,6.7,.327,3.0,5.2,.573,2.4,3.9,.619,1.8,6.4,8.2,1.4,0.8,0.3,1.1,2.1,15.0,2021
217,Willy Hernangómez,C,26,NOP,47,12,846,6.4,11.4,.563,0.0,0.4,.100,6.4,11.0,.581,2.6,4.0,.667,5.0,9.2,14.2,2.1,0.9,1.0,1.4,2.9,15.5,2021
218,Tyler Herro,SG,21,MIA,54,15,1635,6.8,15.4,.439,2.4,6.5,.360,4.4,8.9,.498,2.1,2.6,.803,0.6,5.4,5.9,4.1,0.8,0.4,2.2,1.6,17.9,2021
219,Buddy Hield,SG,28,SAC,71,71,2433,6.0,14.7,.406,4.2,10.7,.391,1.8,4.0,.446,1.3,1.5,.846,0.4,4.5,4.9,3.8,0.9,0.4,1.9,2.6,17.4,2021
221,Solomon Hill,PF,29,ATL,71,16,1513,2.5,7.1,.359,1.6,5.0,.321,0.9,2.0,.453,0.8,1.1,.761,1.0,4.1,5.1,1.8,1.2,0.3,1.0,2.8,7.5,2021
224,Aaron Holiday,PG,24,IND,66,8,1176,5.2,13.3,.390,2.1,5.6,.368,3.2,7.8,.406,2.1,2.5,.819,0.5,2.3,2.7,3.8,1.4,0.4,2.0,2.9,14.5,2021
225,Jrue Holiday,PG,30,MIL,59,56,1907,7.8,15.5,.503,2.1,5.3,.392,5.7,10.2,.561,2.0,2.6,.787,1.4,3.7,5.1,6.7,1.8,0.7,2.4,1.9,19.7,2021
226,Justin Holiday,SG,31,IND,72,52,2183,4.3,10.3,.413,2.9,7.5,.382,1.4,2.8,.494,1.1,1.4,.788,0.5,3.7,4.2,2.0,1.2,0.7,0.9,2.2,12.5,2021
228,Richaun Holmes,C,27,SAC,61,61,1782,7.4,11.6,.637,0.0,0.2,.182,7.4,11.4,.645,2.7,3.4,.794,2.9,7.3,10.2,2.0,0.8,1.9,1.5,4.3,17.6,2021
229,Rodney Hood,SF,28,TOT,55,5,942,3.6,9.9,.362,1.3,4.3,.301,2.3,5.6,.408,0.9,1.1,.857,0.9,3.1,3.9,2.0,0.9,0.3,1.4,2.8,9.4,2021
231,Talen Horton-Tucker,SG,20,LAL,65,4,1304,6.2,13.5,.458,1.0,3.6,.282,5.2,9.9,.522,2.8,3.6,.775,0.7,4.0,4.7,5.0,1.7,0.6,2.9,3.5,16.2,2021
233,Dwight Howard,C,35,PHI,69,6,1196,5.4,9.1,.587,0.2,0.6,.250,5.2,8.5,.611,3.6,6.3,.576,5.7,11.7,17.5,1.8,0.9,1.9,3.4,6.0,14.5,2021
235,Kevin Huerter,SG,22,ATL,69,49,2126,5.4,12.4,.432,2.4,6.5,.363,3.0,5.8,.510,0.8,1.1,.781,0.6,3.3,3.9,4.1,1.4,0.3,1.3,2.8,13.9,2021
240,Andre Iguodala,SF,37,MIA,63,5,1339,2.6,6.7,.383,1.6,4.9,.330,0.9,1.8,.530,0.7,1.0,.658,1.0,4.9,5.9,3.8,1.5,0.9,1.8,2.4,7.4,2021
242,Joe Ingles,SF,33,UTA,67,30,1867,5.3,10.8,.489,3.5,7.8,.451,1.8,3.0,.590,1.5,1.7,.844,0.5,4.2,4.7,6.1,0.9,0.2,2.3,2.3,15.6,2021
243,Brandon Ingram,SF,23,NOP,61,61,2093,8.8,18.9,.466,2.5,6.5,.381,6.4,12.5,.510,4.8,5.5,.878,0.6,4.6,5.1,5.1,0.7,0.6,2.6,2.1,24.9,2021
244,Kyrie Irving,PG,28,BRK,54,54,1886,10.5,20.7,.506,2.9,7.2,.402,7.6,13.5,.561,3.8,4.2,.922,1.0,3.9,4.9,6.2,1.5,0.7,2.5,2.7,27.7,2021
248,Josh Jackson,SG,23,DET,62,25,1560,6.8,16.3,.419,1.8,5.9,.300,5.1,10.4,.487,3.7,5.0,.729,1.3,4.5,5.9,3.3,1.2,1.1,3.3,4.1,19.1,2021
250,Reggie Jackson,SG,30,LAC,67,43,1544,6.1,13.6,.450,2.8,6.6,.433,3.3,7.1,.465,1.6,1.9,.817,0.6,3.9,4.5,4.8,1.0,0.2,1.7,3.0,16.7,2021
252,LeBron James,PG,36,LAL,45,45,1504,10.1,19.7,.513,2.5,6.8,.365,7.6,12.9,.591,4.3,6.1,.698,0.7,7.6,8.3,8.4,1.1,0.6,4.0,1.7,27.0,2021
258,Cameron Johnson,PF,24,PHO,60,11,1437,5.1,12.1,.420,2.9,8.4,.349,2.2,3.7,.581,1.3,1.5,.847,0.8,4.2,5.0,2.2,0.9,0.4,1.0,2.1,14.4,2021
259,James Johnson,PF,33,TOT,51,12,1043,5.0,11.3,.446,1.1,4.1,.258,4.0,7.1,.556,1.6,2.6,.592,1.1,5.0,6.1,3.4,1.4,1.4,1.9,4.1,12.7,2021
260,Keldon Johnson,SF,21,SAS,69,67,1968,6.2,12.9,.479,1.1,3.3,.331,5.1,9.6,.531,2.7,3.6,.740,1.7,5.8,7.5,2.2,0.7,0.4,1.4,2.6,16.1,2021
261,Stanley Johnson,PF,24,TOR,61,13,1006,3.2,8.3,.382,1.6,4.9,.328,1.6,3.4,.458,1.6,2.0,.800,1.0,4.4,5.5,3.2,1.9,0.6,1.9,4.2,9.6,2021
263,Nikola Jokić,C,25,DEN,72,72,2488,10.6,18.7,.566,1.3,3.4,.388,9.3,15.3,.606,4.9,5.7,.868,3.0,8.3,11.3,8.7,1.4,0.7,3.2,2.8,27.5,2021
265,Derrick Jones Jr.,SF,23,POR,58,43,1318,4.0,8.3,.484,1.2,3.7,.316,2.8,4.6,.619,1.6,2.5,.648,2.1,3.5,5.6,1.3,1.0,1.5,0.9,3.5,10.8,2021
268,Tyus Jones,PG,24,MEM,70,9,1222,5.2,12.2,.431,1.3,4.1,.321,3.9,8.0,.487,1.2,1.3,.911,0.6,3.5,4.1,7.6,1.9,0.2,1.4,0.9,13.0,2021
269,DeAndre Jordan,C,32,BRK,57,43,1246,5.5,7.2,.763,0.0,0.0,.000,5.5,7.2,.766,1.3,2.7,.500,3.4,9.0,12.3,2.7,0.5,1.9,2.5,3.4,12.3,2021
270,Cory Joseph,PG,29,TOT,63,13,1446,5.0,10.6,.469,1.1,3.3,.341,3.9,7.3,.527,1.8,2.2,.818,0.9,3.1,4.0,5.3,1.5,0.4,2.0,3.5,12.9,2021
272,Frank Kaminsky,C,27,PHO,47,13,715,6.1,12.9,.471,1.6,4.3,.365,4.5,8.7,.523,1.9,3.0,.617,1.8,7.7,9.5,4.0,0.7,0.9,1.1,3.5,15.6,2021
273,Luke Kennard,SG,24,LAC,63,17,1232,5.8,12.1,.476,2.9,6.5,.446,2.8,5.6,.511,0.8,0.9,.839,0.4,4.3,4.7,3.0,0.7,0.3,1.4,2.7,15.2,2021
275,Maxi Kleber,PF,29,DAL,50,40,1341,3.1,7.4,.422,2.3,5.7,.410,0.8,1.7,.460,0.9,1.0,.919,1.3,5.7,7.0,1.8,0.6,0.9,0.8,2.8,9.5,2021
277,Kevin Knox,SF,21,NYK,42,0,464,4.3,11.1,.392,2.7,6.9,.393,1.6,4.2,.389,1.2,1.6,.800,0.8,4.0,4.7,1.5,0.9,0.5,1.3,2.9,12.6,2021
278,John Konchar,SG,24,MEM,43,0,575,4.3,8.6,.500,1.3,3.5,.375,3.0,5.1,.585,1.6,1.9,.833,2.2,5.8,8.0,2.9,1.9,0.6,1.1,2.5,11.5,2021
279,Furkan Korkmaz,SG,23,PHI,55,11,1062,5.8,14.4,.401,3.4,9.1,.375,2.3,5.3,.445,2.0,2.8,.732,0.6,3.3,3.8,2.8,1.7,0.3,1.6,2.2,17.0,2021
282,Kyle Kuzma,SF,25,LAL,68,32,1954,6.2,13.9,.443,2.5,7.0,.361,3.6,6.9,.525,1.2,1.8,.691,2.0,5.7,7.7,2.3,0.6,0.8,2.1,2.2,16.1,2021
286,Zach LaVine,SG,25,CHI,58,58,2034,10.1,19.9,.507,3.5,8.4,.419,6.5,11.4,.571,4.5,5.3,.849,0.6,4.5,5.1,5.0,0.8,0.5,3.6,2.4,28.2,2021
287,Jake Layman,SF,26,MIN,45,11,627,5.2,10.6,.495,1.3,4.5,.295,3.9,6.1,.642,1.5,2.1,.703,0.7,3.1,3.8,1.6,1.7,1.1,1.5,2.5,13.3,2021
290,Damion Lee,SG,28,GSW,57,1,1079,4.3,9.1,.467,2.6,6.5,.397,1.7,2.7,.638,1.3,1.5,.909,0.7,5.3,6.0,2.4,1.3,0.3,1.0,3.0,12.4,2021
291,Saben Lee,PG,21,DET,48,7,781,4.6,9.7,.471,0.4,1.1,.348,4.2,8.6,.487,2.8,4.1,.685,0.9,3.5,4.5,8.0,1.5,0.6,2.5,3.5,12.3,2021
292,Alex Len,C,27,TOT,64,42,979,6.3,10.2,.615,0.3,0.9,.320,6.0,9.3,.644,2.7,4.3,.629,2.9,6.7,9.6,1.8,0.7,2.4,2.0,4.7,15.6,2021
293,Kawhi Leonard,SF,29,LAC,52,52,1773,9.4,18.4,.512,2.1,5.2,.398,7.4,13.3,.557,5.3,6.0,.885,1.1,5.7,6.8,5.5,1.6,0.4,2.1,1.7,26.2,2021
295,Caris LeVert,SG,26,TOT,47,39,1486,8.7,19.7,.441,2.0,6.3,.326,6.7,13.5,.495,3.5,4.4,.811,0.8,4.4,5.2,5.9,1.6,0.7,2.5,2.5,23.0,2021
296,Kira Lewis Jr.,PG,19,NOP,54,0,904,5.2,13.4,.386,1.6,4.8,.333,3.6,8.6,.415,1.7,2.0,.843,0.5,2.3,2.8,4.9,1.5,0.4,1.4,3.5,13.7,2021
297,Damian Lillard,PG,30,POR,67,67,2398,9.0,20.0,.451,4.1,10.6,.391,4.9,9.5,.519,6.7,7.3,.928,0.5,3.8,4.2,7.6,0.9,0.3,3.0,1.5,28.9,2021
298,Nassir Little,PF,20,POR,48,2,640,4.4,9.4,.467,1.6,4.5,.350,2.8,4.9,.575,2.0,2.5,.800,1.8,5.4,7.2,1.3,0.3,0.7,1.0,2.9,12.4,2021
299,Kevon Looney,C,24,GSW,61,34,1161,3.3,6.1,.548,0.1,0.5,.235,3.2,5.6,.578,1.0,1.5,.646,3.6,6.4,10.0,3.7,0.7,0.7,1.1,4.2,7.8,2021
300,Brook Lopez,C,32,MIL,70,70,1902,6.1,12.1,.503,1.8,5.3,.338,4.3,6.8,.632,2.3,2.7,.845,2.0,4.6,6.6,0.9,0.8,1.9,1.2,2.8,16.3,2021
301,Robin Lopez,C,32,WAS,71,9,1354,7.2,11.3,.633,0.1,0.5,.278,7.0,10.8,.649,2.6,3.6,.723,3.7,3.5,7.2,1.5,0.4,1.2,2.0,2.9,17.1,2021
304,Kyle Lowry,PG,34,TOR,46,46,1601,5.8,13.4,.436,2.9,7.4,.396,2.9,6.0,.487,3.1,3.6,.875,0.8,4.8,5.6,7.6,1.0,0.3,2.8,3.2,17.8,2021
305,Timothé Luwawu-Cabarrot,SF,25,BRK,58,7,1050,4.5,12.2,.365,2.6,8.2,.314,1.9,4.0,.470,1.2,1.5,.814,1.0,3.5,4.4,2.4,1.1,0.2,1.5,3.4,12.7,2021
309,Théo Maledon,PG,19,OKC,65,49,1778,4.6,12.4,.368,2.1,6.3,.335,2.4,6.1,.402,2.0,2.7,.748,0.5,3.8,4.3,4.6,1.1,0.2,2.9,2.6,13.3,2021
311,Terance Mann,SG,24,LAC,67,10,1263,5.1,10.0,.509,1.1,2.6,.418,4.0,7.4,.541,2.2,2.7,.830,1.6,5.3,6.9,3.0,0.8,0.4,1.1,3.6,13.5,2021
314,Lauri Markkanen,PF,23,CHI,51,26,1317,6.8,14.2,.480,3.3,8.1,.402,3.6,6.2,.582,2.1,2.5,.826,1.0,6.4,7.3,1.2,0.7,0.4,1.4,2.1,19.0,2021
316,Caleb Martin,SF,25,CHO,53,3,818,4.2,11.3,.375,1.4,5.5,.248,2.9,5.8,.496,1.8,2.8,.641,1.4,4.8,6.2,2.9,1.6,0.5,1.5,2.7,11.6,2021
317,Cody Martin,SF,25,CHO,52,10,849,3.5,8.0,.441,0.7,2.5,.276,2.8,5.5,.515,1.1,1.8,.581,2.2,4.6,6.8,3.6,1.6,0.5,1.7,2.2,8.8,2021
320,Kenyon Martin Jr.,SF,20,HOU,45,8,1068,5.5,10.7,.509,1.2,3.2,.365,4.3,7.5,.572,2.0,2.8,.714,2.5,5.7,8.2,1.6,1.0,1.4,1.3,3.0,14.1,2021
322,Garrison Mathews,SG,24,WAS,64,24,1038,3.4,8.2,.409,2.6,6.9,.384,0.7,1.4,.538,2.9,3.3,.884,0.6,2.5,3.0,0.9,1.0,0.2,0.3,3.7,12.3,2021
324,Wesley Matthews,SG,34,LAL,58,10,1130,2.8,8.0,.353,2.1,6.3,.335,0.7,1.8,.418,1.1,1.3,.854,0.6,2.3,3.0,1.7,1.2,0.5,0.8,2.5,8.9,2021
325,Tyrese Maxey,SG,20,PHI,61,8,935,7.6,16.5,.462,1.2,4.0,.301,6.4,12.6,.512,2.3,2.7,.871,0.4,3.6,4.0,4.6,1.0,0.5,1.6,3.0,18.8,2021
328,CJ McCollum,SG,29,POR,47,47,1600,9.1,19.9,.458,3.8,9.5,.402,5.3,10.4,.509,2.4,3.0,.812,0.7,3.5,4.2,5.0,1.0,0.5,1.5,2.0,24.5,2021
329,T.J. McConnell,PG,28,IND,69,3,1796,5.5,9.8,.559,0.3,1.0,.313,5.2,8.9,.586,0.7,1.0,.688,1.1,4.0,5.1,9.1,2.6,0.5,2.7,2.3,11.9,2021
330,Jaden McDaniels,PF,20,MIN,63,27,1511,3.9,8.7,.447,1.7,4.7,.364,2.2,4.0,.544,0.6,1.1,.600,1.2,4.3,5.5,1.7,0.8,1.4,1.1,4.1,10.2,2021
331,Jalen McDaniels,SF,23,CHO,47,18,904,5.3,11.3,.468,1.4,4.2,.333,3.9,7.1,.547,1.8,2.5,.703,1.8,4.9,6.7,2.1,1.1,0.8,1.8,3.8,13.8,2021
332,Doug McDermott,PF,29,IND,66,29,1619,7.9,14.8,.532,2.5,6.4,.388,5.4,8.4,.641,1.8,2.2,.816,1.3,3.6,4.9,1.9,0.4,0.1,1.2,2.6,20.0,2021
334,JaVale McGee,C,33,TOT,46,2,678,7.6,15.0,.511,0.3,1.3,.208,7.4,13.7,.539,2.3,3.6,.657,4.1,8.6,12.7,2.1,1.0,2.9,3.2,6.4,17.9,2021
337,Jordan McLaughlin,PG,24,MIN,51,2,938,3.8,9.3,.413,1.3,3.5,.359,2.6,5.8,.447,0.9,1.2,.767,0.8,3.3,4.1,7.4,2.0,0.2,2.0,1.7,9.8,2021
338,Ben McLemore,SG,27,TOT,53,5,905,5.4,14.5,.370,3.9,11.1,.346,1.5,3.4,.447,1.6,2.1,.736,0.6,3.4,4.0,1.6,0.9,0.4,1.7,3.5,16.2,2021
339,Nicolò Melli,PF,30,TOT,45,4,566,2.9,9.0,.326,1.5,5.4,.271,1.5,3.6,.411,1.2,1.6,.760,1.8,5.9,7.8,2.8,0.9,0.2,0.8,3.7,8.5,2021
340,De'Anthony Melton,PG,22,MEM,52,1,1045,5.9,13.5,.438,3.0,7.3,.412,2.9,6.3,.467,1.4,1.8,.804,1.0,4.5,5.5,4.5,2.1,1.1,2.3,2.9,16.3,2021
343,Khris Middleton,SF,29,MIL,68,68,2269,8.1,17.0,.476,2.4,5.8,.414,5.7,11.2,.508,3.4,3.7,.898,0.9,5.6,6.4,5.9,1.2,0.1,2.8,2.5,22.0,2021
345,Patty Mills,PG,32,SAS,68,1,1685,5.4,13.1,.412,3.4,9.2,.375,1.9,3.9,.500,1.5,1.7,.910,0.4,2.1,2.5,3.5,0.9,0.1,1.4,1.7,15.7,2021
346,Paul Millsap,PF,35,DEN,56,36,1162,5.9,12.4,.476,1.5,4.4,.343,4.4,8.0,.550,2.2,3.0,.724,2.4,5.8,8.1,3.0,1.6,1.1,1.6,3.4,15.6,2021
347,Shake Milton,SG,24,PHI,63,4,1461,7.4,16.4,.450,1.7,5.0,.350,5.6,11.4,.494,3.6,4.3,.830,0.8,2.8,3.6,4.8,1.0,0.4,2.5,3.2,20.1,2021
348,Donovan Mitchell,PG,24,UTA,53,53,1771,9.7,22.2,.438,3.6,9.4,.386,6.1,12.8,.476,5.4,6.4,.845,1.0,3.8,4.8,5.6,1.1,0.3,3.0,2.4,28.5,2021
350,Malik Monk,SG,22,CHO,42,0,878,7.1,16.4,.434,3.5,8.7,.401,3.6,7.7,.471,2.4,3.0,.819,0.6,3.6,4.1,3.6,0.8,0.2,2.3,1.9,20.1,2021
352,Ja Morant,PG,21,MEM,63,63,2053,7.5,16.8,.449,1.3,4.2,.303,6.3,12.6,.499,4.8,6.5,.728,1.0,3.4,4.4,8.2,1.0,0.2,3.6,1.5,21.1,2021
354,Marcus Morris,PF,31,LAC,57,29,1502,6.6,14.0,.473,3.4,7.1,.473,3.3,6.9,.472,1.7,2.1,.820,0.8,4.8,5.6,1.4,0.8,0.4,1.4,2.8,18.3,2021
355,Markieff Morris,PF,31,LAL,61,27,1200,4.6,11.3,.405,1.9,6.3,.311,2.6,5.1,.521,1.1,1.5,.720,1.4,6.5,8.0,2.2,0.7,0.6,1.6,3.2,12.2,2021
356,Monte Morris,PG,25,DEN,47,13,1196,5.6,11.6,.481,1.5,4.0,.381,4.1,7.6,.534,1.7,2.2,.795,0.3,2.6,2.9,4.5,1.0,0.4,1.0,1.4,14.5,2021
357,Mychal Mulder,PG,26,GSW,60,6,766,5.6,12.5,.449,4.0,10.1,.397,1.6,2.4,.667,0.7,1.0,.636,0.4,2.4,2.8,1.2,0.6,0.6,0.8,2.6,15.8,2021
358,Dejounte Murray,PG,24,SAS,67,67,2139,7.4,16.4,.453,1.1,3.3,.317,6.4,13.0,.488,1.8,2.3,.791,1.0,7.0,8.0,6.1,1.7,0.1,2.0,2.3,17.7,2021
359,Jamal Murray,PG,23,DEN,48,48,1704,8.0,16.7,.477,2.7,6.7,.408,5.3,10.1,.523,2.8,3.2,.869,0.8,3.3,4.1,4.9,1.4,0.3,2.3,2.0,21.5,2021
361,Svi Mykhailiuk,SF-SG,23,TOT,66,14,1324,5.7,13.8,.411,2.9,8.5,.334,2.8,5.2,.536,1.0,1.4,.760,0.7,3.8,4.4,3.0,1.4,0.3,2.4,1.7,15.2,2021
364,Aaron Nesmith,SF,21,BOS,46,1,669,4.2,9.6,.438,2.2,5.8,.370,2.0,3.8,.543,1.2,1.5,.786,1.5,5.3,6.8,1.2,0.8,0.5,1.2,4.7,11.7,2021
365,Raul Neto,PG,28,WAS,64,22,1403,5.4,11.5,.468,1.6,4.2,.390,3.7,7.3,.512,1.9,2.2,.882,0.7,3.3,4.0,3.7,1.9,0.2,1.4,2.8,14.3,2021
366,Georges Niang,PF,27,UTA,72,10,1154,5.5,12.6,.437,3.9,9.1,.425,1.7,3.5,.469,0.7,0.7,.957,0.9,4.6,5.5,1.8,0.8,0.2,1.6,3.6,15.6,2021
367,Zeke Nnaji,PF,20,DEN,42,1,397,4.5,9.4,.481,2.2,5.4,.407,2.4,4.1,.578,1.1,1.4,.800,1.3,4.6,5.9,0.9,0.7,0.4,0.6,2.6,12.3,2021
368,Nerlens Noel,C,26,NYK,64,41,1547,3.2,5.2,.614,0.0,0.1,.000,3.2,5.1,.623,1.2,1.6,.714,3.3,6.2,9.5,1.1,1.6,3.3,1.5,4.1,7.5,2021
369,Jaylen Nowell,SG,21,MIN,42,0,759,6.7,15.9,.424,2.4,7.1,.333,4.4,8.8,.497,2.1,2.6,.818,0.9,3.6,4.5,2.9,1.0,0.6,1.3,3.4,18.0,2021
371,Kendrick Nunn,PG,25,MIA,56,44,1650,7.0,14.4,.485,2.7,7.0,.381,4.3,7.4,.583,1.2,1.3,.933,0.5,3.4,3.9,3.2,1.1,0.3,1.7,2.4,17.8,2021
376,Royce O'Neale,SF,27,UTA,71,71,2241,2.8,6.3,.444,1.7,4.5,.385,1.1,1.9,.586,0.6,0.7,.848,1.4,6.4,7.8,2.9,0.9,0.5,1.3,2.9,8.0,2021
377,Semi Ojeleye,PF,26,BOS,56,15,950,3.4,8.4,.403,2.2,6.0,.367,1.2,2.4,.492,0.9,1.2,.750,1.2,4.4,5.6,1.4,0.6,0.0,0.8,2.1,9.9,2021
379,Chuma Okeke,PF,22,ORL,45,19,1133,4.3,10.3,.417,1.6,4.5,.348,2.7,5.8,.470,1.0,1.3,.750,1.3,4.4,5.8,3.2,1.5,0.7,1.2,1.5,11.1,2021
380,Josh Okogie,SG,22,MIN,59,37,1197,3.1,7.6,.402,0.9,3.2,.269,2.2,4.4,.500,2.5,3.2,.769,1.9,2.8,4.7,1.9,1.6,0.8,1.3,3.7,9.5,2021
381,Onyeka Okongwu,C,20,ATL,50,4,601,5.8,8.9,.644,0.0,0.2,.000,5.8,8.7,.658,2.2,3.4,.632,3.7,6.0,9.8,1.1,1.4,2.0,1.7,6.0,13.7,2021
382,Isaac Okoro,SG,20,CLE,67,67,2173,3.9,9.3,.420,1.0,3.5,.290,2.9,5.7,.501,1.9,2.6,.726,1.1,2.3,3.4,2.1,1.0,0.4,1.4,3.1,10.7,2021
386,Kelly Olynyk,C-PF,29,TOT,70,62,1997,6.1,12.6,.484,2.3,6.6,.342,3.8,5.9,.641,2.6,3.2,.829,1.6,7.2,8.8,3.7,1.4,0.8,2.3,3.7,17.0,2021
387,Miye Oni,SG,23,UTA,54,0,519,2.4,6.9,.354,2.1,6.1,.341,0.3,0.8,.455,0.3,0.4,.833,1.6,4.2,5.8,1.9,0.8,0.6,1.1,4.2,7.3,2021
388,Cedi Osman,SF,25,CLE,59,26,1510,5.2,14.0,.374,2.4,7.7,.306,2.9,6.2,.458,1.8,2.3,.800,0.9,3.9,4.8,4.1,1.3,0.2,1.9,2.8,14.6,2021
390,Kelly Oubre Jr.,SF,25,GSW,55,50,1687,6.8,15.4,.439,1.9,6.1,.316,4.9,9.4,.519,2.6,3.8,.695,1.7,5.3,7.0,1.6,1.2,0.9,1.5,2.6,18.1,2021
396,Chris Paul,PG,35,PHO,70,70,2199,7.2,14.4,.499,1.7,4.2,.395,5.5,10.2,.543,2.8,3.0,.934,0.4,4.7,5.1,10.2,1.6,0.3,2.6,2.7,18.8,2021
397,Cameron Payne,PG,26,PHO,60,1,1079,6.4,13.2,.484,2.4,5.5,.440,3.9,7.6,.515,1.7,1.9,.893,0.5,4.3,4.8,7.2,1.2,0.5,2.0,3.2,16.8,2021
398,Elfrid Payton,PG,26,NYK,63,63,1484,6.5,15.1,.432,0.7,2.4,.286,5.8,12.7,.460,1.8,2.6,.682,1.6,3.7,5.2,4.9,1.1,0.2,2.5,2.8,15.5,2021
403,Mason Plumlee,C,30,DET,56,56,1499,5.6,9.2,.614,0.0,0.2,.000,5.6,9.0,.626,2.7,4.1,.669,3.5,9.0,12.5,4.9,1.0,1.2,2.5,4.5,14.0,2021
404,Jakob Poeltl,C,25,SAS,69,51,1845,5.2,8.4,.616,0.0,0.0,,5.2,8.4,.616,1.2,2.4,.508,4.3,6.4,10.7,2.6,0.9,2.4,1.6,3.4,11.6,2021
406,Aleksej Pokusevski,PF,19,OKC,45,28,1090,4.6,13.5,.341,1.9,6.8,.280,2.7,6.6,.403,1.0,1.4,.738,1.0,6.0,7.0,3.2,0.7,1.4,3.3,1.9,12.1,2021
407,Jordan Poole,SG,21,GSW,51,7,988,7.5,17.3,.432,3.5,10.1,.351,3.9,7.2,.545,3.8,4.3,.882,0.5,2.8,3.4,3.6,0.9,0.3,1.9,3.1,22.3,2021
410,Michael Porter Jr.,SF,22,DEN,61,54,1912,8.3,15.4,.542,3.2,7.2,.445,5.1,8.2,.628,2.0,2.5,.791,1.7,6.7,8.4,1.3,0.8,1.0,1.4,2.4,21.9,2021
412,Bobby Portis,C,25,MIL,66,7,1372,8.2,15.7,.523,1.9,4.1,.471,6.3,11.6,.542,1.4,1.9,.740,3.3,9.0,12.2,1.9,1.4,0.7,1.5,3.0,19.8,2021
413,Kristaps Porziņģis,C,25,DAL,43,43,1327,8.8,18.5,.476,2.6,7.0,.376,6.2,11.5,.536,3.2,3.7,.855,2.2,8.1,10.3,1.8,0.5,1.6,1.4,3.1,23.5,2021
414,Dwight Powell,C,29,DAL,58,19,966,4.5,7.2,.619,0.2,0.8,.238,4.3,6.4,.665,3.6,4.6,.782,3.0,5.7,8.7,2.3,1.3,1.1,1.5,5.0,12.7,2021
415,Norman Powell,SG-SF,27,TOT,69,58,2205,7.2,15.0,.477,2.8,6.8,.411,4.4,8.2,.532,3.9,4.4,.871,0.7,2.8,3.5,2.1,1.3,0.3,1.9,2.6,20.9,2021
417,Payton Pritchard,SG,23,BOS,66,4,1268,5.2,11.9,.440,2.9,7.0,.411,2.3,4.8,.482,1.1,1.3,.889,0.9,3.5,4.5,3.4,1.1,0.3,1.5,3.0,14.5,2021
418,Immanuel Quickley,PG,21,NYK,64,3,1243,6.6,16.8,.395,3.4,8.8,.389,3.2,8.0,.401,4.5,5.0,.891,0.7,3.2,4.0,3.7,0.9,0.3,1.7,3.3,21.2,2021
421,Julius Randle,PF,26,NYK,71,71,2667,8.1,17.8,.456,2.2,5.3,.411,6.0,12.6,.474,4.7,5.8,.811,1.1,8.6,9.8,5.8,0.9,0.2,3.3,3.0,23.1,2021
423,J.J. Redick,SG,36,TOT,44,0,723,5.3,13.3,.397,3.3,8.9,.371,2.0,4.4,.449,2.4,2.6,.942,0.2,3.0,3.2,2.5,0.5,0.1,1.8,2.5,16.3,2021
425,Naz Reid,C,21,MIN,70,15,1347,8.1,15.5,.523,1.6,4.7,.351,6.5,10.9,.597,3.1,4.4,.693,2.2,6.4,8.6,1.9,0.9,2.0,1.8,4.8,21.0,2021
428,Josh Richardson,SG,27,DAL,59,56,1790,5.3,12.4,.427,1.8,5.4,.330,3.5,7.1,.501,2.0,2.2,.917,1.0,2.9,3.9,3.1,1.2,0.5,1.6,2.6,14.4,2021
432,Duncan Robinson,SF,26,MIA,72,72,2262,5.0,11.4,.439,4.0,9.8,.408,1.0,1.7,.625,1.0,1.2,.827,0.1,3.9,4.0,2.0,0.7,0.3,1.3,2.9,15.0,2021
437,Isaiah Roby,PF,22,OKC,61,34,1425,5.2,10.8,.483,0.8,2.8,.294,4.4,8.1,.547,2.2,3.0,.744,2.2,6.4,8.6,2.7,1.3,0.9,2.9,4.1,13.5,2021
438,Rajon Rondo,PG,34,TOT,45,3,770,4.4,10.1,.442,1.7,4.2,.404,2.8,5.9,.468,0.7,0.8,.941,0.8,4.3,5.1,9.3,1.7,0.2,3.7,2.5,11.3,2021
439,Derrick Rose,PG,32,TOT,50,3,1279,8.1,17.2,.470,1.4,3.6,.388,6.7,13.6,.492,3.1,3.6,.866,0.6,3.1,3.7,5.9,1.4,0.5,2.2,1.6,20.7,2021
440,Terrence Ross,SG,29,ORL,46,2,1347,6.8,16.5,.412,2.4,7.1,.337,4.4,9.4,.469,3.2,3.7,.870,0.4,3.8,4.2,2.9,1.3,0.6,2.0,2.4,19.2,2021
441,Terry Rozier,SG,26,CHO,69,69,2383,7.7,17.1,.450,3.4,8.6,.389,4.4,8.5,.512,2.5,3.1,.817,0.7,3.9,4.6,4.4,1.3,0.4,1.9,1.8,21.3,2021
442,Ricky Rubio,PG,30,MIN,68,51,1772,3.9,10.1,.388,1.3,4.3,.308,2.6,5.8,.447,2.6,3.0,.867,0.6,4.0,4.5,8.8,2.0,0.1,2.3,2.8,11.8,2021
443,D'Angelo Russell,PG,24,MIN,42,26,1196,8.5,19.6,.431,3.6,9.3,.387,4.8,10.3,.471,3.4,4.5,.765,0.5,2.9,3.3,7.3,1.4,0.5,3.4,2.0,24.0,2021
444,Domantas Sabonis,PF,24,IND,62,62,2231,7.8,14.6,.535,0.8,2.6,.321,7.0,12.0,.582,3.9,5.3,.732,2.4,9.6,12.0,6.7,1.2,0.5,3.4,3.3,20.3,2021
447,Dario Šarić,C,26,PHO,50,4,871,6.3,14.1,.447,1.9,5.6,.348,4.4,8.6,.512,3.5,4.1,.848,1.9,6.0,7.9,2.7,1.2,0.2,2.4,3.9,18.1,2021
448,Tomáš Satoranský,SG,29,CHI,58,18,1307,4.7,9.1,.514,1.2,3.3,.356,3.5,5.8,.602,1.8,2.2,.848,0.8,3.1,3.9,7.5,1.1,0.4,2.6,2.5,12.3,2021
449,Dennis Schröder,SG,27,LAL,61,61,1956,6.1,14.0,.437,1.3,3.9,.335,4.8,10.1,.476,3.8,4.5,.848,0.6,3.3,3.9,6.5,1.3,0.2,3.0,2.9,17.3,2021
450,Mike Scott,PF,32,PHI,51,12,852,3.2,8.9,.360,2.2,6.5,.342,1.0,2.4,.411,0.3,0.5,.667,0.5,4.6,5.1,1.7,1.0,0.6,0.8,3.0,9.0,2021
452,Collin Sexton,SG,22,CLE,60,60,2115,8.9,18.8,.475,1.7,4.5,.371,7.3,14.3,.508,5.3,6.5,.815,1.0,2.2,3.2,4.5,1.1,0.2,2.8,2.7,24.9,2021
453,Landry Shamet,SG,23,BRK,61,12,1403,4.8,11.7,.408,3.3,8.5,.387,1.5,3.2,.463,1.7,2.0,.846,0.3,2.6,2.9,2.5,0.8,0.3,1.2,2.4,14.5,2021
455,Pascal Siakam,PF,26,TOR,56,56,2006,7.8,17.2,.455,1.3,4.4,.297,6.5,12.8,.509,4.5,5.4,.827,1.7,5.6,7.3,4.5,1.1,0.7,2.3,3.1,21.5,2021
457,Ben Simmons,PG,24,PHI,58,58,1877,6.2,11.2,.557,0.1,0.2,.300,6.2,11.0,.562,3.4,5.5,.613,1.8,6.2,8.0,7.7,1.8,0.7,3.3,3.3,15.9,2021
458,Anfernee Simons,SG,21,POR,64,0,1104,5.5,13.1,.419,3.9,9.2,.426,1.6,3.9,.403,1.5,1.9,.807,0.5,4.1,4.6,2.9,0.6,0.3,1.4,3.1,16.4,2021
461,Marcus Smart,PG,26,BOS,48,45,1581,4.6,11.6,.398,2.1,6.4,.330,2.5,5.2,.482,2.9,3.7,.790,0.8,3.0,3.8,6.2,1.6,0.5,2.2,2.9,14.3,2021
463,Ish Smith,PG,32,WAS,44,1,924,5.0,11.6,.434,0.7,1.9,.367,4.3,9.7,.448,0.7,1.3,.576,0.9,5.0,5.8,6.7,1.2,0.5,1.6,2.4,11.5,2021
465,Tony Snell,SG,29,ATL,47,23,992,3.2,6.2,.515,2.3,4.0,.569,0.9,2.3,.419,0.4,0.4,1.000,0.7,3.4,4.1,2.1,0.5,0.4,0.8,2.7,9.0,2021
469,Isaiah Stewart,C,19,DET,68,14,1455,5.6,10.1,.553,0.5,1.6,.333,5.1,8.6,.592,1.6,2.3,.696,3.9,7.3,11.2,1.5,1.0,2.1,1.7,4.6,13.3,2021
471,Edmond Sumner,SG,25,IND,53,24,861,6.2,11.8,.525,1.5,3.7,.398,4.7,8.1,.582,2.8,3.5,.819,0.8,3.2,3.9,2.0,1.4,0.4,2.1,3.7,16.7,2021
472,Jae'Sean Tate,SF,25,HOU,70,58,2043,5.6,11.0,.506,1.1,3.4,.308,4.5,7.6,.595,1.8,2.6,.694,2.3,4.3,6.6,3.1,1.5,0.6,1.7,3.9,14.0,2021
473,Jayson Tatum,SF,22,BOS,64,64,2290,9.5,20.7,.459,2.9,7.6,.386,6.6,13.1,.502,4.6,5.3,.868,0.8,6.6,7.4,4.3,1.2,0.5,2.7,1.9,26.6,2021
474,Jeff Teague,PG,32,TOT,55,7,950,4.7,10.8,.433,1.4,3.1,.439,3.3,7.7,.431,3.4,4.0,.848,0.6,2.8,3.3,5.0,1.3,0.5,2.4,2.1,14.1,2021
475,Garrett Temple,SG,34,CHI,56,25,1528,3.7,9.0,.415,1.6,4.7,.335,2.1,4.3,.503,0.9,1.2,.800,0.7,3.1,3.8,2.9,1.0,0.7,1.4,3.0,10.0,2021
477,Daniel Theis,C,28,TOT,65,51,1601,5.7,10.5,.541,1.1,3.4,.322,4.6,7.1,.646,1.7,2.5,.673,2.1,5.9,8.0,2.4,0.9,1.3,1.5,3.8,14.1,2021
481,Matt Thomas,SG,26,TOT,45,0,326,5.5,14.0,.394,3.0,8.8,.338,2.5,5.2,.489,1.3,1.5,.857,0.8,4.1,4.9,2.1,0.4,0.0,1.5,2.0,15.3,2021
482,Tristan Thompson,PF,29,BOS,54,43,1287,4.7,9.1,.518,0.0,0.1,.000,4.7,9.0,.523,2.0,3.4,.592,4.7,7.6,12.3,1.9,0.7,0.9,1.7,3.3,11.4,2021
484,Matisse Thybulle,SG,23,PHI,65,8,1298,2.8,6.7,.420,1.2,4.0,.301,1.6,2.8,.590,0.2,0.5,.444,0.8,2.6,3.4,1.7,2.9,2.0,0.9,3.5,7.1,2021
486,Xavier Tillman Sr.,PF,22,MEM,59,12,1085,5.5,9.9,.559,0.7,2.2,.338,4.8,7.8,.620,1.1,1.8,.642,2.5,6.0,8.5,2.5,1.5,1.1,1.5,3.8,12.9,2021
488,Obi Toppin,PF,22,NYK,62,0,683,5.5,11.0,.498,1.4,4.5,.306,4.1,6.5,.629,1.0,1.4,.731,1.4,5.9,7.3,1.5,0.9,0.8,1.2,2.9,13.3,2021
489,Juan Toscano-Anderson,SG,27,GSW,53,16,1107,3.9,6.8,.579,1.2,3.0,.402,2.7,3.8,.718,0.7,1.0,.710,0.9,6.7,7.6,4.9,1.3,0.8,2.0,3.6,9.8,2021
491,Karl-Anthony Towns,C,25,MIN,50,50,1689,9.1,18.7,.486,2.6,6.7,.387,6.5,11.9,.541,5.7,6.6,.859,2.8,8.4,11.3,4.8,0.8,1.2,3.4,4.0,26.4,2021
492,Gary Trent Jr.,SG,22,TOT,58,38,1802,6.4,15.7,.408,3.3,8.6,.385,3.1,7.1,.435,1.7,2.1,.783,0.5,2.5,3.0,1.6,1.1,0.2,0.9,1.8,17.7,2021
493,P.J. Tucker,PF,35,TOT,52,33,1356,1.8,4.7,.373,1.1,3.2,.336,0.7,1.5,.448,0.6,0.7,.750,1.4,4.1,5.4,1.6,1.0,0.5,1.1,3.3,5.1,2021
495,Myles Turner,C,24,IND,47,47,1455,5.1,10.7,.477,1.7,5.1,.335,3.4,5.6,.606,2.7,3.5,.782,1.6,6.0,7.6,1.2,1.0,3.9,1.7,4.1,14.6,2021
496,Jonas Valančiūnas,C,28,MEM,62,61,1755,9.0,15.2,.592,0.4,1.2,.368,8.6,14.1,.611,3.2,4.2,.773,5.2,10.7,15.9,2.3,0.7,1.2,2.1,3.7,21.7,2021
497,Denzel Valentine,SG,27,CHI,62,3,1036,5.4,14.5,.373,2.8,8.4,.331,2.6,6.0,.431,0.6,0.6,.941,0.8,6.0,6.8,3.6,1.0,0.2,1.5,2.4,14.1,2021
498,Jarred Vanderbilt,PF,21,MIN,64,30,1139,4.5,7.5,.606,0.0,0.2,.200,4.5,7.3,.615,1.8,3.2,.559,3.7,7.9,11.6,2.4,2.0,1.5,1.7,3.9,10.9,2021
499,Fred VanVleet,SG,26,TOR,52,52,1899,6.4,16.5,.389,3.3,9.0,.366,3.1,7.5,.416,3.2,3.6,.885,0.6,3.6,4.2,6.2,1.6,0.7,1.8,2.3,19.3,2021
501,Devin Vassell,SF,20,SAS,62,7,1056,4.2,10.3,.406,1.8,5.1,.347,2.4,5.2,.464,1.5,1.7,.843,0.8,5.1,5.9,1.9,1.5,0.6,0.7,3.0,11.6,2021
502,Gabe Vincent,PG,24,MIA,50,7,655,4.8,12.8,.378,2.5,8.2,.309,2.3,4.6,.500,1.1,1.3,.870,0.5,2.5,3.1,3.7,1.2,0.1,1.9,4.3,13.3,2021
504,Nikola Vučević,C,30,TOT,70,70,2348,10.2,21.4,.477,2.7,6.7,.400,7.5,14.7,.513,2.0,2.4,.840,2.2,10.3,12.5,4.1,1.0,0.7,1.9,2.1,25.1,2021
505,Dean Wade,PF,24,CLE,63,19,1212,4.0,9.2,.431,2.3,6.3,.366,1.7,2.9,.571,0.9,1.2,.769,1.1,5.3,6.4,2.2,1.0,0.6,0.9,2.3,11.2,2021
506,Moritz Wagner,C,23,TOT,45,24,722,5.2,11.4,.454,1.5,4.5,.341,3.6,6.9,.529,3.5,4.3,.816,1.3,5.9,7.3,2.5,1.3,0.9,2.1,5.4,15.5,2021
507,Kemba Walker,PG,30,BOS,43,43,1369,7.5,17.8,.420,3.3,9.3,.360,4.1,8.5,.486,3.5,3.9,.899,0.4,4.0,4.5,5.6,1.3,0.3,2.3,1.6,21.8,2021
508,Lonnie Walker IV,SG,22,SAS,60,38,1522,6.1,14.4,.420,2.4,6.7,.355,3.7,7.7,.477,1.3,1.7,.814,0.3,3.3,3.7,2.4,0.7,0.4,1.5,2.4,15.8,2021
510,Brad Wanamaker,PG,31,TOT,61,0,1053,3.9,10.2,.385,0.5,2.9,.188,3.4,7.3,.463,3.1,3.5,.891,0.6,3.0,3.6,5.9,1.5,0.4,2.4,3.2,11.5,2021
512,P.J. Washington,PF,22,CHO,64,61,1954,5.6,12.6,.440,2.1,5.3,.386,3.5,7.3,.480,2.0,2.7,.745,1.7,6.0,7.7,3.0,1.3,1.5,2.4,3.2,15.2,2021
513,Yuta Watanabe,SF,26,TOR,50,4,723,3.9,9.0,.439,1.8,4.5,.400,2.1,4.5,.478,1.2,1.4,.828,1.8,6.1,7.9,2.0,1.3,0.9,0.9,2.8,10.9,2021
517,Russell Westbrook,PG,32,WAS,65,65,2369,8.3,18.8,.439,1.3,4.1,.315,7.0,14.7,.475,4.1,6.3,.656,1.7,9.7,11.4,11.6,1.4,0.3,4.7,2.9,22.0,2021
518,Coby White,PG,20,CHI,69,54,2156,6.3,15.1,.416,2.7,7.6,.359,3.5,7.5,.473,2.1,2.4,.901,0.5,4.3,4.7,5.5,0.6,0.3,2.6,3.0,17.4,2021
522,Andrew Wiggins,PF,25,GSW,71,71,2364,7.7,16.1,.477,2.1,5.6,.380,5.6,10.5,.529,2.6,3.6,.714,1.2,4.0,5.3,2.5,1.0,1.1,1.9,2.4,20.1,2021
523,Grant Williams,PF,22,BOS,63,9,1138,3.4,7.8,.437,1.5,4.1,.372,1.9,3.7,.508,0.9,1.6,.588,1.5,4.1,5.6,2.0,1.0,0.8,1.8,5.1,9.3,2021
524,Kenrich Williams,PF,26,OKC,66,13,1426,5.5,10.4,.533,1.3,3.0,.444,4.2,7.4,.568,0.9,1.6,.571,2.1,4.8,6.9,3.8,1.4,0.4,1.9,3.6,13.3,2021
525,Lou Williams,PG,34,TOT,66,4,1423,6.7,16.3,.410,1.7,4.4,.399,5.0,12.0,.414,3.8,4.4,.867,0.5,3.0,3.5,5.7,1.2,0.2,2.7,1.6,18.9,2021
526,Patrick Williams,PF,19,CHI,71,71,1983,4.6,9.6,.483,1.0,2.5,.391,3.6,7.1,.515,1.7,2.3,.728,1.2,4.7,5.9,1.8,1.2,0.8,1.8,2.3,11.9,2021
527,Robert Williams,C,23,BOS,52,13,985,6.8,9.4,.721,0.0,0.1,.000,6.8,9.4,.727,1.6,2.7,.616,4.9,8.2,13.1,3.4,1.6,3.3,1.9,3.8,15.2,2021
528,Zion Williamson,PF,20,NOP,61,61,2026,11.3,18.4,.611,0.2,0.6,.294,11.1,17.8,.622,6.6,9.4,.698,3.0,4.9,7.8,4.0,1.0,0.7,3.0,2.4,29.3,2021
536,Delon Wright,SG-PG,28,TOT,63,39,1748,4.9,10.7,.463,1.3,3.5,.372,3.6,7.1,.509,2.1,2.6,.802,1.3,4.2,5.5,5.7,2.1,0.6,1.7,1.5,13.3,2021
537,Thaddeus Young,PF,32,CHI,68,23,1652,8.1,14.4,.559,0.3,1.0,.267,7.8,13.4,.580,1.5,2.5,.628,3.7,5.6,9.2,6.3,1.6,0.9,3.0,3.3,17.9,2021
538,Trae Young,PG,22,ATL,63,63,2125,8.3,18.8,.438,2.3,6.7,.343,5.9,12.1,.491,8.2,9.2,.886,0.6,3.5,4.2,10.1,0.9,0.2,4.4,1.9,27.0,2021
539,Cody Zeller,C,28,CHO,48,21,1005,6.5,11.6,.559,0.1,1.0,.143,6.3,10.6,.598,3.0,4.3,.714,4.3,7.5,11.7,3.1,1.0,0.6,1.8,4.3,16.2,2021
540,Ivica Zubac,C,23,LAC,72,33,1609,5.8,8.8,.652,0.0,0.1,.250,5.7,8.7,.656,3.0,3.8,.789,4.2,7.4,11.6,2.0,0.5,1.4,1.8,4.2,14.5,2021
