Rk,Player,Pos,Age,Tm,G,GS,MP,FG,FGA,FG%,3P,3PA,3P%,2P,2PA,2P%,FT,FTA,FT%,ORB,DRB,TRB,AST,STL,BLK,TOV,PF,PTS,Year
1,Quincy Acy,PF,24,NYK,68,22,1287,4.3,9.3,.459,0.5,1.7,.300,3.7,7.6,.494,2.1,2.7,.784,2.2,6.2,8.4,1.9,0.8,0.6,1.7,4.1,11.1,2015
3,Steven Adams,C,21,OKC,70,67,1771,4.4,8.1,.544,0.0,0.0,.000,4.4,8.1,.547,2.1,4.2,.502,4.0,6.6,10.6,1.3,0.8,1.7,2.0,4.5,10.9,2015
5,Arron Afflalo,SG,29,TOT,78,72,2502,5.4,12.7,.424,1.7,4.8,.354,3.7,7.9,.466,2.4,2.8,.843,0.4,3.2,3.6,1.9,0.6,0.1,1.7,2.4,14.9,2015
6,Alexis Ajinça,C,26,NOP,68,8,957,6.8,12.4,.550,0.0,0.0,,6.8,12.4,.550,3.0,3.7,.818,3.9,7.9,11.8,1.8,0.8,1.9,2.6,5.7,16.7,2015
8,Cole Aldrich,C,26,NYK,61,16,976,5.3,11.1,.478,0.0,0.0,,5.3,11.1,.478,1.8,2.4,.781,3.7,8.7,12.5,2.8,1.4,2.4,2.2,4.5,12.5,2015
9,LaMarcus Aldridge,PF,29,POR,71,71,2512,9.4,20.3,.466,0.5,1.5,.352,8.9,18.8,.475,4.4,5.2,.845,2.5,7.9,10.4,1.8,0.7,1.0,1.7,1.8,23.8,2015
10,Lavoy Allen,C,25,IND,63,0,1070,4.7,10.1,.472,0.0,0.0,,4.7,10.1,.472,1.1,1.6,.702,4.1,6.7,10.9,2.5,0.5,1.4,1.3,3.4,10.6,2015
11,Tony Allen,SG,33,MEM,63,41,1648,4.9,9.9,.495,0.2,0.6,.345,4.7,9.3,.505,1.7,2.8,.627,2.3,3.9,6.1,1.9,2.8,0.7,1.9,3.6,11.8,2015
12,Al-Farouq Aminu,SF,24,DAL,74,3,1366,3.9,9.4,.412,0.9,3.3,.274,3.0,6.1,.485,2.2,3.1,.712,3.0,6.0,9.0,1.6,1.8,1.6,1.4,3.6,10.9,2015
13,Lou Amundson,PF,32,TOT,53,35,937,4.2,9.8,.427,0.0,0.0,.000,4.2,9.8,.429,1.6,3.3,.471,3.6,6.7,10.3,2.7,0.8,2.0,2.4,4.8,10.0,2015
14,Chris Andersen,C,36,MIA,60,20,1132,3.8,6.6,.580,0.1,0.4,.308,3.7,6.2,.598,2.4,3.6,.667,2.4,7.1,9.5,1.4,0.8,1.9,1.3,2.8,10.2,2015
15,Alan Anderson,SG,32,BRK,74,19,1744,4.0,9.1,.443,1.5,4.3,.348,2.5,4.7,.530,1.7,2.1,.812,0.6,3.6,4.2,1.7,1.2,0.1,1.2,3.1,11.3,2015
17,Ryan Anderson,PF,26,NOP,61,5,1675,6.3,15.7,.399,2.6,7.7,.340,3.6,8.0,.457,2.8,3.2,.854,2.3,4.0,6.3,1.2,0.7,0.4,1.3,2.4,17.9,2015
18,Giannis Antetokounmpo,SG,20,MIL,81,71,2541,5.4,11.1,.491,0.1,0.6,.159,5.3,10.4,.511,3.6,4.9,.741,1.4,6.3,7.7,2.9,1.0,1.2,2.5,3.6,14.6,2015
20,Joel Anthony,C,32,DET,49,0,406,3.2,5.5,.581,0.0,0.0,,3.2,5.5,.581,1.3,2.0,.682,2.8,5.4,8.2,0.4,1.1,4.3,1.1,4.9,7.7,2015
21,Pero Antić,C,32,ATL,63,3,1037,3.7,10.3,.365,1.8,6.0,.301,1.9,4.3,.455,3.1,4.3,.715,2.0,4.5,6.6,1.7,0.6,0.5,1.7,4.6,12.4,2015
22,Trevor Ariza,SF,29,HOU,82,82,2930,4.5,11.2,.402,2.4,6.8,.350,2.1,4.4,.485,1.5,1.8,.853,0.9,4.7,5.6,2.6,1.9,0.2,1.7,2.3,12.9,2015
23,Darrell Arthur,PF,26,DEN,58,4,988,5.6,14.0,.404,0.9,4.0,.236,4.7,10.0,.471,1.7,2.1,.780,1.9,4.3,6.2,2.1,1.7,0.9,1.7,5.3,13.9,2015
24,Ömer Aşık,C,28,NOP,76,76,1982,3.9,7.5,.517,0.0,0.0,,3.9,7.5,.517,2.4,4.1,.582,4.4,9.2,13.6,1.3,0.5,1.0,1.7,2.6,10.1,2015
25,D.J. Augustin,PG,27,TOT,82,14,1964,4.7,11.9,.399,1.5,4.5,.337,3.2,7.4,.436,3.3,3.8,.868,0.4,2.6,3.0,6.5,0.9,0.1,2.7,1.7,14.2,2015
26,Jeff Ayres,PF,27,SAS,51,0,383,5.2,8.9,.579,0.0,0.0,,5.2,8.9,.579,2.5,3.4,.750,3.5,7.5,11.0,1.3,0.8,0.8,2.4,5.6,12.9,2015
27,Luke Babbitt,SF,25,NOP,63,19,830,4.0,8.3,.479,2.6,5.0,.513,1.4,3.3,.429,0.6,0.8,.684,0.5,4.3,4.8,1.0,0.7,0.5,1.1,2.7,11.1,2015
29,Leandro Barbosa,SG,32,GSW,66,1,982,6.7,14.2,.474,1.6,4.1,.384,5.1,10.0,.511,2.1,2.7,.784,0.8,2.5,3.3,3.6,1.5,0.3,1.6,3.2,17.1,2015
30,J.J. Barea,PG,30,DAL,77,10,1362,5.9,14.2,.420,1.4,4.4,.323,4.5,9.8,.463,2.0,2.5,.809,0.6,2.9,3.5,7.0,0.9,0.0,1.9,2.7,15.3,2015
32,Harrison Barnes,SF,22,GSW,82,82,2318,4.9,10.2,.482,1.4,3.3,.405,3.6,6.8,.519,1.7,2.3,.720,1.8,5.2,7.0,1.8,0.9,0.3,1.1,2.3,12.8,2015
33,Matt Barnes,SF,34,LAC,76,74,2271,4.4,9.9,.444,2.2,6.0,.362,2.2,3.9,.569,1.2,1.5,.779,0.8,4.0,4.8,1.8,1.1,0.8,1.4,3.8,12.1,2015
35,Will Barton,SG,24,TOT,58,0,983,5.5,12.9,.425,0.8,3.1,.271,4.7,9.8,.474,2.7,3.4,.787,1.0,5.0,5.9,3.0,1.8,0.7,2.2,2.6,14.5,2015
36,Brandon Bass,PF,29,BOS,82,43,1929,6.4,12.7,.504,0.2,0.6,.281,6.3,12.1,.515,3.2,4.0,.790,2.6,4.8,7.4,1.9,0.8,0.6,1.5,2.6,16.2,2015
37,Nicolas Batum,SF,26,POR,71,71,2380,3.6,9.1,.400,1.5,4.7,.324,2.1,4.4,.481,1.3,1.5,.857,0.9,5.4,6.3,5.2,1.2,0.6,2.0,1.6,10.0,2015
38,Jerryd Bayless,PG,26,MIL,77,4,1717,4.6,10.8,.426,0.8,2.5,.308,3.8,8.3,.462,2.5,2.9,.883,0.5,4.0,4.4,4.9,1.2,0.3,2.8,3.4,12.5,2015
39,Aron Baynes,C,28,SAS,70,17,1122,5.9,10.5,.566,0.0,0.1,.250,5.9,10.4,.570,2.9,3.3,.865,3.5,6.7,10.2,1.1,0.5,0.7,2.1,5.2,14.8,2015
40,Kent Bazemore,SG,25,ATL,75,10,1324,3.8,9.0,.426,1.3,3.6,.364,2.5,5.4,.467,1.6,2.7,.600,0.6,5.5,6.0,2.1,1.4,0.9,2.0,3.5,10.6,2015
41,Bradley Beal,SG,21,WAS,63,59,2107,6.2,14.5,.427,1.8,4.4,.409,4.4,10.1,.434,2.2,2.8,.783,1.0,3.1,4.1,3.3,1.3,0.3,2.1,2.3,16.4,2015
43,Marco Belinelli,SG,28,SAS,62,9,1388,5.2,12.2,.423,2.2,6.0,.374,2.9,6.2,.471,2.2,2.6,.848,0.7,3.4,4.1,2.4,0.8,0.1,1.6,2.2,14.7,2015
45,Anthony Bennett,PF,21,MIN,57,3,894,5.0,12.0,.421,0.3,0.9,.304,4.8,11.0,.431,1.7,2.6,.641,2.1,6.6,8.7,1.9,1.1,0.6,1.4,3.5,12.0,2015
46,Patrick Beverley,PG,26,HOU,56,55,1727,4.3,11.1,.383,2.4,6.7,.356,1.9,4.4,.426,0.9,1.3,.750,1.4,3.5,4.9,4.0,1.2,0.5,1.7,3.8,11.8,2015
48,Bismack Biyombo,C,22,CHO,64,21,1243,2.9,5.4,.543,0.0,0.0,,2.9,5.4,.543,3.0,5.1,.583,4.6,7.2,11.8,0.5,0.5,2.9,1.5,4.1,8.8,2015
49,Tarik Black,C,23,TOT,63,39,1196,4.7,8.2,.575,0.0,0.0,.000,4.7,8.2,.577,2.0,3.6,.551,4.3,6.8,11.1,1.3,0.6,0.7,1.4,4.8,11.4,2015
51,Steve Blake,PG,34,POR,81,0,1529,2.9,7.7,.373,1.8,5.2,.352,1.1,2.5,.417,0.7,1.0,.707,0.4,2.8,3.2,6.8,1.0,0.1,2.4,2.8,8.2,2015
52,Eric Bledsoe,PG,25,PHO,81,81,2800,6.0,13.4,.447,1.1,3.5,.324,4.9,10.0,.491,4.5,5.7,.800,0.9,4.5,5.4,6.3,1.6,0.6,3.5,2.4,17.7,2015
54,Bojan Bogdanović,SF,25,BRK,78,28,1854,5.1,11.2,.453,1.8,5.0,.355,3.3,6.2,.531,1.7,2.1,.821,1.0,3.2,4.1,1.3,0.7,0.2,1.5,2.0,13.6,2015
55,Andrew Bogut,C,30,GSW,67,65,1583,4.5,8.1,.563,0.0,0.0,,4.5,8.1,.563,0.5,1.0,.524,3.2,9.1,12.3,4.1,0.9,2.6,2.4,4.3,9.6,2015
56,Matt Bonner,PF,34,SAS,72,19,935,3.6,8.9,.409,1.8,4.9,.365,1.8,4.0,.462,1.2,1.4,.811,1.1,3.3,4.4,1.8,0.4,0.5,0.4,2.5,10.2,2015
57,Trevor Booker,PF,27,UTA,79,5,1564,5.2,10.7,.487,0.7,1.9,.345,4.5,8.7,.518,2.0,3.4,.581,3.2,5.9,9.1,1.9,1.0,0.9,2.0,3.3,13.1,2015
58,Carlos Boozer,PF,33,LAL,71,26,1692,7.9,15.8,.499,0.0,0.0,,7.9,15.8,.499,2.0,3.2,.627,2.4,7.9,10.3,2.0,0.9,0.3,2.0,3.9,17.8,2015
59,Chris Bosh*,C,30,MIA,44,44,1556,7.9,17.2,.460,1.5,3.9,.375,6.5,13.3,.485,4.1,5.4,.772,1.1,6.1,7.2,2.2,0.9,0.6,2.2,1.6,21.5,2015
60,Avery Bradley,SG,24,BOS,77,77,2428,6.4,15.0,.429,1.8,5.2,.352,4.6,9.8,.470,1.2,1.5,.790,0.7,2.9,3.6,2.0,1.2,0.2,1.6,2.6,15.9,2015
62,Corey Brewer,SF,28,TOT,80,17,2087,5.9,13.9,.426,1.1,4.1,.268,4.8,9.8,.491,2.9,3.9,.743,1.4,3.7,5.1,3.0,2.0,0.3,2.3,3.0,15.8,2015
63,Aaron Brooks,PG,30,CHI,82,21,1885,6.6,15.6,.421,2.3,6.0,.387,4.3,9.6,.442,2.8,3.3,.833,0.6,2.6,3.2,5.0,1.0,0.3,3.0,3.6,18.2,2015
66,Markel Brown,SG,23,BRK,47,29,781,3.5,9.7,.362,0.8,3.0,.266,2.7,6.7,.404,2.2,2.6,.825,0.7,4.2,4.9,1.8,1.4,0.6,1.2,2.6,10.0,2015
69,Chase Budinger,SF,26,MIN,67,4,1286,4.7,10.9,.433,1.5,4.0,.364,3.3,6.9,.474,1.9,2.3,.827,0.9,4.6,5.5,1.8,1.2,0.3,1.4,2.0,12.8,2015
71,Trey Burke,PG,22,UTA,76,43,2288,5.8,15.8,.368,2.0,6.1,.318,3.9,9.7,.400,1.7,2.3,.752,0.5,2.7,3.2,5.2,1.0,0.2,2.0,1.9,15.3,2015
73,Caron Butler,SF,34,DET,78,21,1623,3.6,8.8,.407,1.8,4.9,.379,1.7,3.9,.441,1.2,1.4,.902,0.5,3.9,4.3,1.8,1.0,0.1,1.1,2.7,10.2,2015
74,Jimmy Butler,SG,25,CHI,65,65,2513,6.0,13.1,.462,1.0,2.8,.378,5.0,10.3,.484,5.5,6.6,.834,1.6,3.8,5.4,3.0,1.6,0.5,1.3,1.5,18.6,2015
75,Rasual Butler,SF,35,WAS,75,1,1505,5.2,12.4,.422,2.2,5.6,.387,3.0,6.7,.450,1.3,1.6,.791,0.6,4.1,4.7,1.5,0.7,0.5,1.1,2.3,13.9,2015
79,Nick Calathes,SG,25,MEM,58,0,838,4.5,10.6,.421,0.5,1.8,.256,4.0,8.8,.456,1.0,1.9,.533,0.8,3.7,4.6,6.3,2.7,0.2,2.6,4.3,10.4,2015
80,José Calderón,PG,33,NYK,42,42,1270,4.2,10.0,.415,1.7,4.0,.415,2.5,6.0,.415,0.8,0.9,.906,0.5,3.0,3.5,5.6,0.9,0.0,2.1,2.2,10.8,2015
81,Kentavious Caldwell-Pope,SG,21,DET,82,82,2587,5.4,13.5,.401,2.1,6.2,.345,3.3,7.3,.449,1.5,2.2,.696,0.6,2.9,3.5,1.5,1.3,0.3,1.3,2.2,14.5,2015
82,Isaiah Canaan,PG,23,TOT,47,21,938,5.6,14.5,.386,3.5,9.4,.370,2.1,5.1,.417,1.9,2.3,.817,0.7,2.6,3.3,3.8,1.1,0.1,2.4,3.2,16.6,2015
84,DeMarre Carroll,SF,28,ATL,70,69,2189,5.2,10.7,.487,2.0,5.0,.395,3.3,5.7,.567,2.1,3.0,.702,1.6,4.5,6.1,1.9,1.5,0.3,1.2,2.5,14.5,2015
85,Vince Carter,SG,38,MEM,66,1,1091,4.5,13.4,.333,2.3,7.7,.297,2.2,5.7,.379,1.5,1.9,.789,0.9,3.5,4.4,2.6,1.4,0.5,1.4,3.4,12.7,2015
86,Michael Carter-Williams,PG,23,TOT,66,63,2149,6.1,15.4,.396,0.6,2.6,.235,5.5,12.8,.428,3.4,4.9,.694,1.1,4.8,5.9,7.4,1.9,0.5,4.2,2.8,16.2,2015
87,Omri Casspi,SF,26,SAC,67,19,1416,5.3,10.9,.489,0.9,2.2,.402,4.4,8.6,.512,3.6,4.9,.733,1.4,5.2,6.6,2.6,0.8,0.2,2.2,2.7,15.1,2015
88,Mario Chalmers,PG,28,MIA,80,37,2368,4.1,10.1,.403,1.1,3.8,.294,2.9,6.3,.467,3.1,4.0,.774,0.4,2.8,3.1,4.7,1.9,0.2,2.6,3.8,12.4,2015
89,Tyson Chandler,C,32,DAL,75,75,2286,4.6,6.9,.666,0.0,0.0,,4.6,6.9,.666,2.9,4.0,.720,4.6,9.0,13.6,1.3,0.7,1.4,1.7,2.7,12.1,2015
90,Wilson Chandler,SF,27,DEN,78,75,2471,6.1,14.2,.429,2.0,5.9,.342,4.1,8.3,.490,1.6,2.1,.775,1.4,5.5,6.9,2.0,0.8,0.4,1.6,3.4,15.8,2015
95,Jordan Clarkson,PG,22,LAL,59,38,1476,6.5,14.5,.448,0.9,3.0,.314,5.6,11.6,.482,3.2,3.9,.829,1.4,3.3,4.7,5.0,1.2,0.3,2.3,2.7,17.1,2015
97,Norris Cole,PG,26,TOT,75,25,1831,4.5,11.0,.412,1.1,3.5,.313,3.4,7.5,.458,1.1,1.6,.716,0.3,2.9,3.1,5.0,1.1,0.3,1.9,2.4,11.3,2015
98,Darren Collison,PG,27,SAC,45,45,1565,6.0,12.7,.473,1.4,3.7,.373,4.6,8.9,.514,3.3,4.2,.788,0.4,2.9,3.3,5.8,1.5,0.3,2.6,2.2,16.7,2015
99,Nick Collison,PF,34,OKC,66,2,1101,3.5,8.3,.419,0.5,2.0,.267,2.9,6.3,.466,1.5,2.1,.692,2.9,5.2,8.2,2.9,1.1,0.8,1.5,5.1,8.9,2015
100,Mike Conley,PG,27,MEM,70,70,2225,6.4,14.3,.446,1.7,4.5,.386,4.6,9.8,.473,3.5,4.0,.859,0.5,2.9,3.4,6.1,1.4,0.2,2.5,2.2,17.9,2015
102,Chris Copeland,SF,30,IND,50,12,828,4.9,13.5,.361,2.3,7.3,.311,2.6,6.2,.420,1.4,2.0,.733,1.0,3.8,4.8,2.2,0.5,0.5,2.6,3.4,13.4,2015
104,DeMarcus Cousins,C,24,SAC,59,59,2013,8.9,19.1,.467,0.0,0.1,.250,8.9,18.9,.469,7.6,9.7,.782,3.3,10.1,13.4,3.8,1.6,1.8,4.5,4.3,25.4,2015
105,Robert Covington,SF,24,PHI,70,49,1956,5.5,13.9,.396,3.1,8.2,.374,2.4,5.7,.426,3.3,4.0,.820,1.2,4.6,5.8,1.9,1.8,0.6,2.4,3.5,17.4,2015
106,Allen Crabbe,SG,22,POR,51,9,683,3.3,8.1,.412,1.6,4.5,.353,1.7,3.6,.485,0.6,0.8,.750,0.4,3.5,3.8,2.1,1.0,0.8,0.8,3.9,8.9,2015
107,Jamal Crawford,SG,34,LAC,64,4,1703,7.0,17.7,.396,2.5,7.7,.327,4.5,10.0,.448,4.8,5.3,.901,0.4,2.2,2.6,3.3,1.2,0.3,1.9,2.3,21.4,2015
108,Jae Crowder,SF,24,TOT,82,17,1647,5.0,11.9,.420,1.3,4.5,.293,3.7,7.4,.499,2.4,3.1,.773,1.6,4.8,6.4,2.1,1.6,0.5,1.1,3.0,13.7,2015
109,Dante Cunningham,PF,27,NOP,66,27,1652,3.4,7.4,.457,0.0,0.2,.100,3.4,7.2,.468,0.6,1.0,.617,1.5,4.1,5.6,1.1,1.0,0.8,0.8,2.2,7.4,2015
112,Stephen Curry,PG,26,GSW,80,80,2613,9.0,18.5,.487,3.9,8.9,.443,5.1,9.6,.528,4.2,4.6,.914,0.8,3.9,4.7,8.5,2.2,0.2,3.4,2.2,26.2,2015
114,Troy Daniels,SG,23,TOT,47,0,397,5.5,15.0,.370,3.9,10.7,.364,1.6,4.3,.383,1.0,1.2,.846,0.7,2.3,3.0,2.0,0.5,0.1,1.8,3.6,16.0,2015
117,Anthony Davis,PF,21,NOP,68,68,2455,9.4,17.6,.535,0.0,0.2,.083,9.4,17.4,.540,5.4,6.8,.805,2.5,7.7,10.2,2.2,1.5,2.9,1.4,2.1,24.3,2015
118,Ed Davis,PF,25,LAL,79,24,1840,5.5,9.2,.601,0.0,0.0,,5.5,9.2,.601,1.8,3.7,.487,4.5,7.2,11.7,1.8,1.0,1.9,1.1,4.0,12.8,2015
119,Glen Davis,PF,29,LAC,74,0,904,4.7,10.2,.459,0.0,0.2,.000,4.7,10.0,.466,2.4,3.8,.632,1.7,5.0,6.7,1.6,1.6,0.8,1.6,5.3,11.7,2015
122,Dewayne Dedmon,C,25,ORL,59,15,845,3.9,6.9,.562,0.0,0.0,.000,3.9,6.9,.565,1.4,2.7,.531,5.0,7.5,12.6,0.4,0.7,2.1,2.2,6.0,9.2,2015
123,Matthew Dellavedova,SG,24,CLE,67,13,1380,2.9,8.0,.362,1.8,4.4,.407,1.1,3.7,.307,0.8,1.0,.763,1.0,2.3,3.3,5.3,0.6,0.1,1.6,4.0,8.3,2015
124,Luol Deng,SF,29,MIA,72,72,2421,5.5,11.7,.469,1.2,3.3,.355,4.3,8.4,.513,2.8,3.7,.761,1.5,4.1,5.6,2.1,1.0,0.3,1.6,1.6,15.0,2015
125,DeMar DeRozan,SG,25,TOR,60,60,2100,7.0,17.0,.413,0.4,1.5,.284,6.6,15.5,.426,6.2,7.4,.832,0.7,4.0,4.7,3.6,1.3,0.2,2.3,2.1,20.6,2015
126,Boris Diaw,PF,32,SAS,81,15,1984,5.3,11.5,.460,1.0,3.1,.320,4.3,8.4,.512,1.3,1.7,.774,1.4,4.9,6.3,4.2,0.7,0.4,2.3,2.7,12.8,2015
127,Gorgui Dieng,C,25,MIN,73,49,2193,4.3,8.4,.506,0.0,0.1,.167,4.2,8.3,.510,3.1,4.0,.783,3.7,6.3,10.0,2.4,1.2,2.1,2.1,3.1,11.7,2015
129,Joey Dorsey,PF,31,HOU,69,17,854,3.4,6.1,.552,0.0,0.0,.000,3.4,6.1,.556,1.0,3.5,.289,4.3,7.4,11.8,1.1,1.7,1.1,1.7,6.6,7.8,2015
132,Goran Dragić,SG-PG,28,TOT,78,78,2640,6.8,13.7,.501,1.2,3.5,.347,5.6,10.1,.555,2.5,3.2,.774,1.1,2.6,3.7,4.8,1.1,0.2,2.4,2.7,17.4,2015
135,Andre Drummond,C,21,DET,82,82,2502,7.1,13.8,.514,0.0,0.0,.000,7.1,13.8,.515,2.0,5.3,.389,6.3,9.6,15.9,0.8,1.1,2.2,1.7,4.1,16.3,2015
136,Jared Dudley,SG,29,MIL,72,22,1717,4.2,8.9,.468,1.6,4.0,.385,2.6,4.8,.537,1.0,1.4,.716,0.9,3.7,4.6,2.7,1.5,0.2,1.3,2.4,10.9,2015
137,Tim Duncan*,C,38,SAS,77,77,2227,6.8,13.2,.512,0.0,0.1,.286,6.7,13.1,.514,3.7,5.0,.740,2.7,8.6,11.4,3.7,1.0,2.4,2.1,2.7,17.3,2015
138,Mike Dunleavy,SF,34,CHI,63,63,1838,4.1,9.4,.435,2.1,5.2,.407,2.0,4.3,.468,1.4,1.7,.805,0.5,4.3,4.9,2.2,0.8,0.4,1.2,2.4,11.7,2015
141,Wayne Ellington,SG,27,LAL,65,36,1675,5.5,13.3,.412,1.9,5.2,.370,3.5,8.0,.439,1.1,1.4,.813,0.7,3.8,4.5,2.3,0.7,0.0,1.1,1.7,14.0,2015
142,Monta Ellis,SG,29,DAL,80,80,2699,8.0,18.1,.445,1.1,3.8,.285,6.9,14.3,.487,3.0,4.0,.752,0.5,2.1,2.5,4.4,2.0,0.3,2.6,2.6,20.2,2015
143,James Ennis III,SF,24,MIA,62,3,1051,3.5,8.5,.409,1.1,3.3,.326,2.4,5.2,.461,2.7,3.2,.840,1.7,4.3,6.0,1.6,0.9,0.6,1.3,3.0,10.7,2015
146,Reggie Evans,PF,34,SAC,47,7,764,2.7,6.5,.423,0.0,0.1,.000,2.7,6.4,.430,2.8,4.6,.619,4.6,9.5,14.1,1.5,1.0,0.2,2.1,4.3,8.3,2015
147,Tyreke Evans,SG,25,NOP,79,76,2690,7.0,15.6,.447,0.9,3.0,.304,6.0,12.6,.482,2.7,3.9,.694,1.1,4.5,5.6,7.0,1.3,0.5,3.3,2.6,17.6,2015
148,Dante Exum,PG,19,UTA,82,41,1817,2.9,8.2,.349,1.6,5.2,.314,1.2,3.0,.408,0.4,0.6,.625,0.5,2.1,2.6,3.9,0.8,0.3,2.3,2.9,7.8,2015
149,Festus Ezeli,C,25,GSW,46,7,504,5.4,9.9,.547,0.0,0.0,,5.4,9.9,.547,3.5,5.6,.628,4.3,6.8,11.1,0.6,0.5,3.0,2.3,5.5,14.4,2015
150,Kenneth Faried,PF,25,DEN,75,71,2086,6.4,12.7,.507,0.0,0.1,.125,6.4,12.6,.511,3.4,5.0,.691,4.2,7.4,11.5,1.5,1.1,1.0,2.0,3.6,16.3,2015
152,Derrick Favors,PF,23,UTA,74,74,2280,7.6,14.5,.525,0.0,0.1,.167,7.6,14.4,.527,3.5,5.2,.669,3.1,6.5,9.6,1.8,0.9,1.9,1.9,3.3,18.7,2015
155,Evan Fournier,SG,22,ORL,58,32,1661,5.5,12.5,.440,1.8,4.9,.378,3.6,7.6,.480,2.3,3.2,.728,0.6,2.7,3.3,2.6,0.9,0.0,1.8,2.5,15.1,2015
156,Randy Foye,SG,31,DEN,50,21,1087,4.9,13.3,.368,3.1,8.7,.357,1.8,4.6,.388,1.5,1.8,.818,0.3,2.5,2.8,3.9,1.1,0.4,2.0,3.2,14.4,2015
159,Jimmer Fredette,PG,25,NOP,50,0,509,4.5,11.7,.380,0.6,3.4,.188,3.8,8.3,.458,3.0,3.2,.956,0.6,2.3,2.8,4.1,1.1,0.1,2.3,3.0,12.6,2015
160,Enes Freedom,C,22,TOT,75,74,2135,8.1,15.6,.519,0.3,0.8,.356,7.9,14.9,.528,3.1,3.9,.782,4.7,6.6,11.3,0.9,0.6,0.5,2.4,3.2,19.6,2015
161,Joel Freeland,C,27,POR,48,8,617,4.3,8.8,.490,0.0,0.0,,4.3,8.8,.490,1.2,1.5,.840,3.6,7.5,11.1,0.9,0.5,1.3,1.3,5.4,9.9,2015
162,Channing Frye,PF,31,ORL,75,51,1870,3.7,9.4,.392,2.6,6.7,.393,1.1,2.7,.390,0.6,0.7,.886,0.5,5.1,5.6,1.8,0.9,0.8,1.5,3.7,10.6,2015
163,Danilo Gallinari,SF,26,DEN,59,27,1426,5.8,14.3,.401,2.7,7.6,.355,3.1,6.7,.453,4.3,4.8,.895,0.8,4.7,5.5,2.1,1.2,0.5,1.4,2.4,18.5,2015
164,Langston Galloway,PG,23,NYK,45,41,1457,5.0,12.6,.399,1.5,4.3,.352,3.5,8.3,.424,1.6,1.9,.808,0.9,3.8,4.7,3.7,1.3,0.3,1.5,3.2,13.2,2015
166,Kevin Garnett*,PF,38,TOT,47,47,952,5.4,11.6,.467,0.0,0.3,.143,5.4,11.3,.475,1.4,1.7,.800,1.8,9.9,11.8,2.9,1.7,0.6,1.7,4.1,12.2,2015
167,Marc Gasol,C,30,MEM,81,81,2687,7.1,14.4,.494,0.0,0.2,.176,7.1,14.1,.500,4.7,5.9,.795,1.5,6.9,8.4,4.1,0.9,1.8,2.4,2.8,18.9,2015
168,Pau Gasol,PF,34,CHI,78,78,2681,7.7,15.5,.494,0.2,0.3,.462,7.5,15.1,.495,3.9,4.9,.803,3.0,9.4,12.3,2.8,0.3,2.0,2.1,2.0,19.4,2015
169,Rudy Gay,SF,28,SAC,68,67,2408,7.6,16.7,.455,1.2,3.3,.359,6.4,13.4,.479,5.0,5.9,.858,1.5,4.5,6.0,3.7,1.1,0.6,2.7,2.3,21.4,2015
170,Alonzo Gee,SF,27,TOT,54,2,662,4.7,10.1,.468,0.7,1.9,.371,4.0,8.2,.490,2.9,4.2,.701,2.0,3.1,5.1,1.4,1.9,0.4,1.8,3.2,13.1,2015
172,Taj Gibson,PF,29,CHI,62,17,1692,5.4,10.8,.502,0.0,0.0,,5.4,10.8,.502,2.8,3.9,.717,3.4,5.0,8.4,1.5,0.8,1.6,1.6,3.4,13.6,2015
173,Manu Ginóbili*,SG,37,SAS,70,0,1587,5.7,13.4,.426,2.0,5.9,.345,3.7,7.5,.489,3.3,4.6,.721,0.6,4.2,4.8,6.6,1.5,0.5,3.5,3.1,16.7,2015
174,Rudy Gobert,C,22,UTA,82,37,2158,4.3,7.1,.604,0.0,0.0,.000,4.3,7.1,.607,2.8,4.6,.623,4.4,8.5,12.9,1.8,1.1,3.2,1.9,2.9,11.4,2015
175,Drew Gooden,PF,33,WAS,51,7,864,4.6,11.5,.399,1.0,2.5,.390,3.6,9.0,.401,1.4,1.8,.773,3.0,6.3,9.3,2.0,0.9,0.4,1.2,3.8,11.5,2015
177,Aaron Gordon,PF,19,ORL,47,8,797,4.2,9.4,.447,0.6,2.2,.271,3.6,7.2,.500,2.0,2.8,.721,2.1,5.6,7.6,1.5,0.9,1.0,1.7,3.7,11.0,2015
178,Ben Gordon,SG,31,ORL,56,0,790,5.9,13.4,.437,1.6,4.4,.361,4.3,9.0,.475,2.6,3.1,.836,0.3,2.6,2.9,2.3,0.6,0.0,2.5,2.7,15.9,2015
180,Eric Gordon,SG,26,NOP,61,60,2018,5.1,12.4,.411,2.5,5.6,.448,2.6,6.8,.380,1.9,2.4,.805,0.5,2.3,2.8,4.1,0.9,0.2,2.2,2.6,14.6,2015
181,Marcin Gortat,C,30,WAS,82,82,2453,6.4,11.4,.566,0.0,0.0,.000,6.4,11.3,.569,1.8,2.6,.703,2.6,7.9,10.5,1.4,0.7,1.6,1.5,2.8,14.7,2015
183,Jerami Grant,SF,20,PHI,65,11,1377,3.2,9.2,.352,1.3,4.1,.314,2.0,5.1,.383,3.0,5.0,.591,1.3,3.9,5.2,2.1,1.0,1.8,2.2,3.8,10.7,2015
184,Danny Green,SG,27,SAS,81,80,2312,5.0,11.5,.436,3.0,7.1,.418,2.0,4.4,.466,1.7,2.0,.874,0.8,4.5,5.3,2.5,1.6,1.4,1.4,2.5,14.7,2015
185,Draymond Green,PF,24,GSW,79,79,2490,4.9,11.1,.443,1.6,4.8,.337,3.3,6.3,.523,1.9,2.9,.660,1.6,7.7,9.4,4.2,1.8,1.4,1.9,3.7,13.3,2015
186,Erick Green,PG,23,DEN,43,1,410,5.4,14.2,.377,1.2,4.1,.298,4.1,10.1,.409,0.9,1.1,.833,0.6,2.1,2.7,3.4,1.1,0.0,1.2,2.3,12.8,2015
187,Gerald Green,SG,29,PHO,74,4,1446,8.1,19.4,.416,3.4,9.6,.354,4.7,9.7,.478,2.5,3.0,.825,0.8,3.8,4.6,2.3,1.0,0.3,2.6,3.6,22.0,2015
189,Jeff Green,SF,28,TOT,78,70,2454,6.1,14.2,.430,1.4,4.3,.332,4.7,9.9,.473,3.5,4.2,.833,0.9,3.9,4.8,2.0,0.8,0.5,1.6,2.2,17.1,2015
190,Willie Green,SG,33,ORL,52,2,951,4.5,11.6,.386,1.6,4.6,.347,2.9,7.0,.411,1.1,1.3,.824,0.5,2.5,3.0,2.6,1.0,0.2,1.8,3.1,11.6,2015
191,Blake Griffin,PF,25,LAC,67,67,2356,8.8,17.5,.502,0.2,0.4,.400,8.6,17.1,.504,4.8,6.5,.728,1.9,5.8,7.8,5.4,1.0,0.5,2.3,3.0,22.4,2015
193,P.J. Hairston,SG,22,CHO,45,2,687,4.6,14.1,.323,2.6,8.5,.301,2.0,5.6,.358,1.6,1.9,.861,1.2,3.7,4.8,1.1,1.1,0.7,1.2,3.2,13.3,2015
196,Tyler Hansbrough,PF,29,TOR,74,8,1058,2.9,5.6,.521,0.0,0.2,.143,2.9,5.4,.538,3.3,4.7,.698,3.6,5.4,9.0,0.7,1.0,0.5,0.7,4.8,9.2,2015
197,Tim Hardaway Jr.,SG,22,NYK,70,30,1681,6.0,15.4,.389,2.6,7.6,.342,3.4,7.8,.435,2.7,3.3,.801,0.3,3.1,3.3,2.7,0.4,0.3,1.8,2.5,17.2,2015
198,James Harden,SG,25,HOU,81,81,2981,7.8,17.8,.440,2.5,6.7,.375,5.3,11.0,.480,8.6,10.0,.868,0.9,4.6,5.5,6.8,1.9,0.7,3.9,2.5,26.8,2015
199,Maurice Harkless,SF,21,ORL,45,4,674,3.4,8.4,.399,0.5,3.0,.179,2.8,5.4,.520,1.2,2.2,.537,2.0,3.6,5.7,1.3,1.7,0.5,1.4,3.5,8.4,2015
200,Devin Harris,PG,31,DAL,76,3,1685,4.7,11.2,.418,2.0,5.7,.357,2.6,5.5,.481,2.8,3.5,.815,0.3,2.6,2.9,5.1,1.7,0.3,1.8,3.1,14.2,2015
201,Gary Harris,SG,20,DEN,55,6,719,3.3,10.9,.304,1.1,5.2,.204,2.3,5.7,.395,1.8,2.4,.745,1.1,2.2,3.2,1.5,2.0,0.4,1.9,3.6,9.4,2015
202,Joe Harris,SG,23,CLE,51,1,493,3.5,8.8,.400,2.3,6.1,.369,1.2,2.6,.472,0.7,1.1,.600,0.5,2.5,3.0,1.9,0.5,0.1,2.0,4.5,9.9,2015
203,Tobias Harris,SF,22,ORL,68,63,2369,6.7,14.4,.466,1.3,3.6,.364,5.4,10.8,.500,2.9,3.7,.788,1.1,5.4,6.5,1.9,1.0,0.5,1.7,2.0,17.7,2015
204,Udonis Haslem,PF,34,MIA,62,25,995,3.9,8.6,.448,0.1,0.4,.200,3.8,8.3,.459,1.6,2.3,.703,2.6,6.8,9.3,1.7,0.8,0.5,1.5,4.1,9.4,2015
205,Spencer Hawes,PF,26,LAC,73,15,1274,4.6,11.7,.393,1.6,5.0,.313,3.1,6.8,.452,1.2,1.9,.647,0.8,6.4,7.3,2.5,0.7,1.5,1.7,4.9,12.0,2015
207,Gordon Hayward,SF,24,UTA,76,76,2618,6.7,14.9,.445,1.7,4.5,.364,5.0,10.4,.481,5.2,6.4,.812,0.7,4.4,5.1,4.3,1.5,0.4,2.8,1.8,20.1,2015
209,Gerald Henderson,SG,27,CHO,80,72,2315,5.8,13.2,.437,0.7,2.1,.331,5.1,11.1,.457,2.9,3.4,.848,0.6,3.7,4.2,3.2,0.8,0.3,1.7,2.1,15.1,2015
211,John Henson,C,24,MIL,67,11,1228,5.7,10.1,.566,0.0,0.0,,5.7,10.1,.566,2.3,4.0,.569,3.6,5.5,9.1,1.7,0.8,4.0,2.6,4.5,13.8,2015
212,Roy Hibbert,C,28,IND,76,76,1926,5.9,13.3,.446,0.0,0.0,.000,5.9,13.2,.448,3.1,3.8,.824,2.9,7.2,10.1,1.6,0.3,2.3,2.0,4.0,15.0,2015
213,J.J. Hickson,C,26,DEN,73,8,1411,5.6,11.7,.475,0.0,0.1,.000,5.6,11.7,.477,3.0,5.1,.577,3.8,7.7,11.5,1.5,0.9,0.9,2.4,3.5,14.1,2015
214,Nenê,PF,32,WAS,67,58,1693,6.5,12.8,.511,0.0,0.1,.200,6.5,12.7,.513,2.6,4.3,.604,1.8,5.5,7.3,2.6,1.4,0.5,2.6,3.8,15.7,2015
215,George Hill,PG,28,IND,43,36,1267,7.2,15.2,.477,2.0,5.5,.358,5.3,9.7,.544,3.2,4.1,.790,0.7,4.4,5.1,6.3,1.3,0.4,2.0,3.2,19.7,2015
216,Jordan Hill,C,27,LAL,70,57,1874,6.9,14.9,.459,0.1,0.2,.273,6.8,14.7,.462,2.4,3.2,.738,3.3,7.3,10.7,2.0,0.7,1.0,2.0,3.2,16.2,2015
217,Solomon Hill,SF,23,IND,82,78,2381,3.8,9.6,.396,1.0,3.1,.327,2.8,6.4,.430,2.4,2.9,.824,1.1,3.7,4.7,2.8,1.0,0.3,1.7,2.7,11.0,2015
218,Kirk Hinrich,SG,34,CHI,66,22,1610,3.2,8.5,.373,1.3,3.8,.345,1.9,4.8,.394,0.8,1.1,.700,0.4,2.3,2.7,3.3,1.0,0.3,1.6,3.2,8.4,2015
220,Justin Holiday,SG,25,GSW,59,4,657,5.0,12.9,.387,1.9,6.0,.321,3.1,6.9,.444,2.0,2.5,.822,0.7,3.3,4.0,2.6,2.2,0.7,1.6,3.0,13.9,2015
221,Ryan Hollins,C,30,SAC,46,9,441,4.3,6.7,.646,0.0,0.0,,4.3,6.7,.646,2.5,4.4,.574,2.9,5.5,8.4,1.1,0.5,1.6,2.0,5.3,11.2,2015
222,Rodney Hood,SG,22,UTA,50,21,1064,5.2,12.7,.414,2.1,5.8,.365,3.1,6.9,.456,2.1,2.7,.763,0.3,3.7,4.0,2.8,1.0,0.4,1.5,4.0,14.7,2015
223,Al Horford,C,28,ATL,76,76,2318,8.1,15.0,.538,0.2,0.6,.306,7.9,14.4,.547,1.7,2.2,.759,2.0,6.4,8.4,3.8,1.1,1.5,1.6,1.9,18.0,2015
226,Robbie Hummel,SF,25,MIN,45,4,742,3.8,8.3,.459,0.8,2.5,.314,3.1,5.9,.521,1.2,1.4,.828,1.5,5.0,6.5,1.3,0.8,0.4,0.9,4.2,9.6,2015
227,Kris Humphries,PF,29,WAS,64,17,1345,5.6,11.9,.473,0.0,0.2,.000,5.6,11.8,.481,2.3,3.1,.744,3.2,8.0,11.1,1.5,0.9,0.7,1.2,3.5,13.6,2015
228,Serge Ibaka,PF,25,OKC,64,64,2116,6.4,13.4,.476,1.3,3.5,.376,5.1,9.9,.511,1.6,1.9,.836,2.3,6.2,8.5,0.9,0.5,2.6,1.7,3.3,15.6,2015
229,Andre Iguodala,SF,31,GSW,77,0,2069,4.0,8.6,.466,1.3,3.7,.349,2.7,4.9,.553,1.2,2.0,.596,0.8,3.7,4.5,4.0,1.5,0.4,1.5,1.7,10.5,2015
230,Ersan İlyasova,PF,27,MIL,58,36,1319,7.2,15.2,.472,2.0,5.2,.389,5.2,10.0,.515,1.9,2.9,.645,2.2,5.4,7.6,1.5,1.0,0.5,1.2,4.1,18.3,2015
231,Joe Ingles,SF,27,UTA,79,32,1673,3.2,7.6,.415,1.5,4.3,.356,1.6,3.3,.493,0.6,0.9,.750,0.5,3.3,3.8,3.9,1.5,0.2,2.1,2.7,8.5,2015
232,Kyrie Irving,PG,22,CLE,75,75,2730,7.6,16.3,.468,2.1,5.0,.415,5.6,11.3,.491,4.2,4.8,.863,0.7,2.4,3.1,5.1,1.5,0.3,2.5,1.9,21.5,2015
233,Jarrett Jack,PG,31,BRK,80,27,2241,5.8,13.1,.439,0.6,2.3,.267,5.1,10.8,.477,3.2,3.6,.881,0.3,3.6,3.9,6.0,1.2,0.2,3.1,2.3,15.4,2015
234,Reggie Jackson,PG,24,TOT,77,40,2268,6.9,15.8,.434,1.1,3.8,.299,5.7,12.0,.477,2.9,3.5,.830,0.9,4.3,5.2,7.3,1.0,0.1,3.0,2.7,17.7,2015
236,LeBron James,SF,30,CLE,69,69,2493,9.0,18.5,.488,1.7,4.9,.354,7.3,13.6,.536,5.4,7.6,.710,0.7,5.3,6.0,7.4,1.6,0.7,3.9,1.9,25.2,2015
237,Al Jefferson,C,30,CHO,65,61,1992,8.8,18.3,.481,0.0,0.1,.400,8.7,18.2,.482,2.0,3.0,.655,1.8,8.1,9.9,2.0,0.8,1.5,1.2,2.5,19.6,2015
238,Cory Jefferson,PF,24,BRK,50,1,531,5.1,11.3,.449,0.1,1.0,.133,4.9,10.3,.480,2.1,3.7,.574,3.2,6.6,9.8,1.1,0.7,1.4,1.4,4.1,12.4,2015
239,Richard Jefferson,SF,34,DAL,74,18,1244,4.2,9.4,.444,1.9,4.5,.426,2.3,4.9,.462,2.3,3.3,.684,0.7,4.6,5.3,1.8,0.9,0.3,1.5,3.3,12.5,2015
242,Jonas Jerebko,PF,27,TOT,75,0,1230,4.9,11.1,.446,1.6,4.1,.386,3.4,7.0,.481,1.6,1.9,.848,2.7,5.5,8.3,2.1,1.3,0.5,1.3,4.0,13.1,2015
244,Amir Johnson,PF,27,TOR,75,72,1979,5.4,9.4,.574,0.3,0.8,.413,5.1,8.6,.590,1.4,2.3,.612,2.9,5.4,8.3,2.1,0.8,1.1,2.0,4.1,12.6,2015
246,James Johnson,PF,27,TOR,70,17,1370,6.3,10.6,.589,0.3,1.3,.216,6.0,9.3,.643,1.8,2.7,.657,1.6,5.2,6.8,2.5,1.4,1.8,2.1,4.1,14.6,2015
247,Joe Johnson,SG,33,BRK,80,80,2791,5.8,13.2,.435,1.6,4.3,.359,4.2,8.9,.472,1.8,2.3,.801,0.7,4.3,5.0,3.8,0.8,0.2,1.8,1.5,14.9,2015
250,Wesley Johnson,SF,27,LAL,76,59,2245,4.6,11.1,.414,1.5,4.2,.351,3.1,6.9,.451,1.4,1.8,.804,1.1,4.0,5.1,2.0,0.9,0.7,1.4,2.6,12.1,2015
252,James Jones,SF,34,CLE,57,2,669,4.0,10.8,.368,3.4,9.4,.360,0.6,1.4,.423,2.1,2.5,.848,0.5,2.9,3.3,1.3,0.7,0.4,0.7,3.6,13.5,2015
253,Perry Jones,SF,23,OKC,43,13,631,4.2,10.5,.397,0.8,3.4,.233,3.4,7.1,.476,1.4,2.1,.649,0.3,4.0,4.3,1.0,1.0,0.5,1.4,2.9,10.5,2015
255,DeAndre Jordan,C,26,LAC,82,82,2820,4.8,6.8,.710,0.0,0.1,.250,4.8,6.8,.713,2.4,6.0,.397,5.1,10.6,15.7,0.8,1.0,2.3,1.4,3.1,12.1,2015
256,Jerome Jordan,C,28,BRK,44,0,383,4.7,8.8,.532,0.0,0.0,,4.7,8.8,.532,3.6,4.1,.864,4.9,5.0,9.9,1.2,0.8,1.4,2.1,5.5,13.0,2015
257,Cory Joseph,PG,23,SAS,79,14,1444,5.2,10.2,.504,0.4,1.1,.364,4.8,9.1,.520,2.6,3.6,.734,1.1,3.7,4.8,4.7,1.1,0.4,1.7,2.6,13.3,2015
258,Chris Kaman,C,32,POR,74,13,1398,7.3,14.1,.515,0.0,0.0,,7.3,14.1,.515,1.9,2.6,.706,3.8,8.6,12.5,1.7,0.5,1.4,2.8,3.6,16.4,2015
260,Ryan Kelly,PF,23,LAL,52,34,1233,3.0,9.0,.337,1.3,3.9,.336,1.7,5.1,.337,2.3,2.8,.832,0.4,3.9,4.3,2.7,0.9,0.7,1.1,3.4,9.7,2015
261,Michael Kidd-Gilchrist,SF,21,CHO,55,52,1587,5.1,10.9,.465,0.0,0.0,,5.1,10.9,.465,3.4,4.9,.701,2.5,7.0,9.4,1.7,0.7,0.9,1.4,2.6,13.6,2015
265,Brandon Knight,PG-SG,23,TOT,63,61,2035,6.6,15.7,.422,2.2,5.7,.389,4.4,10.0,.441,3.4,3.9,.874,0.5,3.8,4.3,5.8,1.6,0.2,3.3,2.0,18.9,2015
266,Kyle Korver,SG,33,ATL,75,75,2418,4.3,8.9,.487,3.3,6.7,.492,1.1,2.2,.470,1.6,1.8,.898,0.2,4.3,4.5,2.9,0.8,0.6,1.6,2.1,13.6,2015
267,Kosta Koufos,C,25,MEM,81,3,1348,4.9,9.6,.508,0.0,0.0,,4.9,9.6,.508,1.5,2.3,.647,3.2,8.1,11.4,1.0,0.8,1.7,1.8,4.0,11.2,2015
269,Jeremy Lamb,SG,22,OKC,47,8,633,5.9,14.2,.416,2.2,6.3,.342,3.8,7.9,.475,2.8,3.1,.891,0.5,5.6,6.1,2.5,1.2,0.3,1.5,3.0,16.8,2015
270,Carl Landry,PF,31,SAC,70,15,1192,5.7,11.1,.515,0.0,0.0,,5.7,11.1,.515,3.7,4.5,.820,3.0,5.1,8.1,0.8,0.5,0.5,1.6,4.0,15.2,2015
271,Shane Larkin,PG,22,NYK,76,22,1865,3.6,8.3,.433,0.7,2.2,.302,2.9,6.1,.481,1.2,1.5,.782,0.6,2.8,3.4,4.4,1.8,0.2,1.6,2.9,9.1,2015
273,Zach LaVine,PG,19,MIN,77,40,1902,5.4,12.8,.422,1.1,3.2,.341,4.3,9.7,.449,2.8,3.4,.842,0.5,3.5,4.1,5.2,1.0,0.2,3.7,3.0,14.7,2015
274,Ty Lawson,PG,27,DEN,75,75,2665,5.5,12.5,.436,0.9,2.8,.341,4.5,9.7,.463,3.6,4.9,.730,0.6,2.6,3.2,9.7,1.2,0.1,2.5,1.7,15.4,2015
276,Courtney Lee,SG,29,MEM,77,74,2354,4.4,9.8,.448,1.4,3.4,.402,3.0,6.4,.473,1.7,2.0,.860,0.3,2.4,2.7,2.3,1.1,0.2,1.2,2.0,11.9,2015
277,David Lee,PF,31,GSW,49,4,904,6.4,12.5,.511,0.0,0.1,.000,6.4,12.4,.514,2.7,4.1,.654,3.2,7.0,10.2,3.4,1.2,1.0,2.0,3.3,15.5,2015
279,Alex Len,C,21,PHO,69,44,1518,4.2,8.4,.507,0.0,0.1,.333,4.2,8.3,.509,1.7,2.5,.702,3.4,7.4,10.8,0.8,0.8,2.5,1.8,5.1,10.2,2015
280,Kawhi Leonard,SF,23,SAS,64,64,2033,7.0,14.6,.479,1.2,3.4,.349,5.8,11.2,.519,3.6,4.5,.802,1.5,6.7,8.2,2.9,2.6,0.8,1.7,2.3,18.7,2015
281,Meyers Leonard,C,22,POR,55,7,847,5.3,10.4,.510,2.0,4.8,.420,3.3,5.7,.586,1.3,1.4,.938,2.0,8.7,10.6,1.4,0.4,0.6,1.7,4.8,13.9,2015
282,Jon Leuer,PF,25,MEM,63,6,824,5.3,11.9,.443,0.3,1.3,.241,5.0,10.7,.467,1.6,2.6,.627,2.2,6.9,9.0,2.0,0.7,0.4,1.5,3.8,12.5,2015
283,Damian Lillard,PG,24,POR,82,82,2925,7.3,16.7,.434,2.4,7.0,.343,4.8,9.7,.500,4.2,4.9,.864,0.6,4.0,4.7,6.2,1.2,0.3,2.7,2.0,21.2,2015
284,Jeremy Lin,PG,26,LAL,74,30,1907,5.2,12.3,.424,1.2,3.3,.369,4.0,9.0,.444,4.0,5.1,.795,0.5,3.2,3.7,6.4,1.5,0.6,3.1,3.6,15.7,2015
285,Shaun Livingston,PG,29,GSW,78,2,1468,4.9,9.7,.500,0.0,0.0,.000,4.9,9.7,.503,1.6,2.2,.714,1.1,3.4,4.5,6.4,1.2,0.5,2.5,2.7,11.3,2015
286,Brook Lopez,C,26,BRK,72,44,2100,8.7,16.9,.513,0.0,0.2,.100,8.7,16.7,.517,3.8,4.7,.814,3.7,5.5,9.2,0.9,0.7,2.2,1.8,3.5,21.2,2015
287,Robin Lopez,C,26,POR,59,59,1638,5.1,9.6,.535,0.0,0.0,.000,5.1,9.6,.537,2.2,2.8,.772,4.2,4.5,8.7,1.2,0.4,1.8,1.6,2.7,12.4,2015
288,Kevin Love,PF,26,CLE,75,75,2532,5.9,13.5,.434,2.0,5.6,.367,3.8,8.0,.480,3.7,4.6,.804,2.0,8.4,10.4,2.4,0.7,0.6,1.7,2.0,17.5,2015
289,Kyle Lowry,PG,28,TOR,70,70,2414,6.4,15.6,.412,2.0,5.8,.338,4.4,9.7,.457,3.8,4.7,.808,0.8,4.1,4.9,7.1,1.6,0.2,2.6,3.2,18.6,2015
292,Shelvin Mack,PG,24,ATL,55,0,833,5.1,12.6,.401,1.7,5.5,.315,3.3,7.1,.467,1.1,1.3,.806,0.3,3.1,3.4,6.7,1.3,0.1,2.1,1.4,12.9,2015
293,Ian Mahinmi,C,28,IND,61,6,1146,3.7,6.7,.552,0.0,0.0,,3.7,6.7,.552,1.0,3.2,.304,3.3,7.9,11.2,1.0,0.9,1.4,1.9,5.4,8.3,2015
295,Shawn Marion,SF,36,CLE,57,24,1101,3.9,8.7,.446,0.4,1.5,.261,3.5,7.2,.484,0.9,1.1,.765,2.1,4.5,6.6,1.7,0.9,0.9,1.1,1.9,9.0,2015
300,Wesley Matthews,SG,28,POR,60,60,2024,6.0,13.4,.448,3.1,7.9,.389,2.9,5.5,.534,1.9,2.6,.752,0.7,3.3,3.9,2.5,1.4,0.2,1.4,2.3,17.0,2015
301,Jason Maxiell,PF,31,CHO,61,0,878,3.3,7.9,.422,0.0,0.0,,3.3,7.9,.422,1.7,2.9,.577,3.5,4.8,8.3,0.8,0.7,1.8,1.2,3.9,8.3,2015
302,O.J. Mayo,SG,27,MIL,71,15,1697,6.3,14.9,.422,2.1,5.9,.357,4.2,9.0,.465,2.4,2.9,.827,0.6,3.3,4.0,4.2,1.2,0.4,2.7,3.5,17.1,2015
303,Luc Mbah a Moute,PF,28,PHI,67,61,1916,4.7,11.9,.395,1.2,3.8,.307,3.6,8.2,.435,1.8,3.1,.589,1.5,4.6,6.2,2.0,1.5,0.4,1.9,2.0,12.4,2015
305,Ray McCallum,PG,23,SAC,68,30,1436,5.2,11.8,.438,0.9,2.8,.306,4.3,9.0,.479,1.4,2.1,.679,1.3,3.2,4.5,4.7,1.1,0.3,2.1,2.3,12.6,2015
306,CJ McCollum,SG,23,POR,62,3,973,5.9,13.5,.436,2.0,5.1,.396,3.8,8.4,.460,1.9,2.7,.699,0.5,2.8,3.4,2.4,1.6,0.3,1.8,3.0,15.7,2015
307,K.J. McDaniels,SG,21,TOT,62,15,1352,4.6,11.6,.396,1.1,4.0,.287,3.4,7.6,.454,2.7,3.5,.752,1.7,3.6,5.3,1.9,1.2,1.9,2.8,3.4,13.0,2015
311,Ben McLemore,SG,21,SAC,82,82,2670,4.9,11.2,.437,1.9,5.3,.358,3.0,5.9,.507,1.8,2.2,.813,0.4,2.8,3.2,1.9,1.0,0.3,1.9,3.0,13.4,2015
314,Jodie Meeks,SG,27,DET,60,0,1462,5.5,13.1,.416,1.8,5.2,.349,3.6,7.9,.460,3.6,3.9,.906,0.3,2.3,2.6,1.9,1.5,0.1,1.4,1.9,16.3,2015
316,Khris Middleton,SF,23,MIL,79,58,2378,6.1,13.2,.467,1.7,4.1,.407,4.5,9.1,.494,2.0,2.4,.859,0.7,4.5,5.3,2.8,1.8,0.2,1.7,2.8,16.0,2015
317,C.J. Miles,SG,27,IND,70,40,1841,6.4,16.2,.398,3.0,8.7,.345,3.4,7.5,.459,2.5,3.1,.807,0.4,3.8,4.2,1.5,1.2,0.5,1.4,2.6,18.4,2015
318,Andre Miller,PG,38,TOT,81,0,1253,4.2,8.3,.500,0.2,1.0,.206,4.0,7.4,.539,1.7,2.2,.753,1.1,3.3,4.4,8.2,0.9,0.2,3.0,3.0,10.2,2015
320,Mike Miller,SF,34,CLE,52,15,701,1.9,5.9,.325,1.6,5.0,.327,0.3,0.8,.313,0.2,0.2,.750,0.2,4.5,4.7,2.4,0.7,0.2,1.2,3.8,5.6,2015
322,Patty Mills,PG,26,SAS,51,0,801,5.8,15.1,.381,2.8,8.2,.341,3.0,6.9,.429,1.5,1.8,.825,0.9,2.4,3.4,3.9,1.3,0.1,1.6,2.6,15.8,2015
323,Elijah Millsap,SG,27,UTA,47,5,924,3.2,9.3,.340,1.1,3.5,.311,2.1,5.8,.358,2.3,3.4,.674,1.1,4.8,5.8,2.3,2.2,0.6,2.6,4.8,9.7,2015
324,Paul Millsap,PF,29,ATL,73,73,2390,6.7,14.0,.476,1.2,3.3,.356,5.5,10.8,.513,3.8,5.1,.757,2.1,6.5,8.6,3.4,2.0,1.0,2.5,3.0,18.3,2015
325,Nikola Mirotić,PF,23,CHI,82,3,1654,5.5,13.6,.405,2.2,6.8,.316,3.4,6.8,.495,5.0,6.2,.803,1.4,7.4,8.8,2.1,1.2,1.2,1.9,3.7,18.1,2015
327,Greg Monroe,PF,24,DET,69,57,2137,7.1,14.4,.496,0.0,0.0,,7.1,14.4,.496,4.2,5.7,.750,3.9,8.0,11.9,2.4,1.3,0.6,2.5,2.5,18.5,2015
328,E'Twaun Moore,SG,25,CHI,56,0,504,4.4,9.9,.446,0.9,2.7,.342,3.5,7.2,.485,0.9,1.4,.600,0.9,2.4,3.3,2.4,1.4,0.4,1.0,3.2,10.6,2015
331,Marcus Morris,PF,25,PHO,81,35,2045,5.8,13.4,.434,2.0,5.5,.358,3.9,7.9,.487,1.2,2.0,.628,1.3,5.5,6.8,2.3,1.1,0.3,1.3,3.3,14.9,2015
332,Markieff Morris,PF,25,PHO,82,82,2581,7.1,15.3,.465,0.8,2.5,.318,6.3,12.8,.494,2.5,3.2,.763,1.5,5.5,7.1,2.7,1.4,0.5,2.4,3.4,17.5,2015
333,Anthony Morrow,SG,29,OKC,74,0,1806,5.7,12.3,.463,2.8,6.5,.434,2.9,5.8,.497,1.6,1.8,.888,0.8,3.1,3.9,1.2,1.1,0.2,0.8,2.7,15.7,2015
334,Donatas Motiejūnas,PF,24,HOU,71,62,2037,6.2,12.4,.504,0.9,2.4,.368,5.4,10.0,.536,1.8,2.9,.602,2.4,5.0,7.4,2.3,1.0,0.6,2.2,3.6,15.1,2015
335,Timofey Mozgov,C,28,TOT,81,80,2045,5.5,10.0,.555,0.0,0.1,.333,5.5,9.9,.557,2.7,3.8,.718,3.6,6.8,10.4,1.0,0.6,1.7,2.0,4.0,13.8,2015
339,Shabazz Napier,PG,23,MIA,51,10,1012,3.1,8.1,.382,1.5,4.2,.364,1.6,3.9,.400,1.6,2.0,.786,0.6,3.4,4.0,4.6,1.4,0.1,2.9,2.7,9.3,2015
340,Gary Neal,SG,30,TOT,54,1,1193,5.7,15.2,.374,1.5,4.9,.305,4.2,10.2,.407,3.5,4.1,.867,0.4,3.5,3.9,3.0,0.7,0.0,2.0,2.7,16.4,2015
341,Jameer Nelson,PG,32,TOT,63,29,1407,5.2,12.9,.407,2.3,6.6,.345,3.0,6.3,.472,0.6,0.9,.667,0.8,2.9,3.7,6.5,1.2,0.2,2.8,3.5,13.4,2015
343,Joakim Noah,C,29,CHI,67,67,2049,3.3,7.5,.445,0.0,0.0,.000,3.3,7.5,.447,1.8,3.1,.603,3.8,7.5,11.3,5.5,0.8,1.3,2.2,3.6,8.5,2015
344,Nerlens Noel,C,20,PHI,75,71,2311,4.7,10.2,.462,0.0,0.0,,4.7,10.2,.462,2.2,3.6,.609,2.9,6.6,9.5,2.0,2.1,2.2,2.3,3.2,11.6,2015
347,Dirk Nowitzki,PF,36,DAL,77,77,2282,7.7,16.8,.459,1.6,4.3,.380,6.0,12.4,.486,4.0,4.6,.882,0.7,6.5,7.2,2.3,0.6,0.5,1.3,2.5,21.0,2015
348,Jusuf Nurkić,C,20,DEN,62,27,1103,5.6,12.5,.446,0.0,0.1,.000,5.6,12.4,.449,2.7,4.3,.636,4.1,8.4,12.5,1.6,1.7,2.2,2.8,6.8,13.9,2015
350,Kyle O'Quinn,PF,24,ORL,51,17,824,5.2,10.6,.492,0.5,1.9,.279,4.7,8.7,.538,1.9,2.5,.772,2.0,6.7,8.7,2.6,1.4,1.7,2.4,4.8,12.8,2015
351,Victor Oladipo,SG,22,ORL,72,71,2573,6.6,15.2,.436,1.2,3.5,.339,5.4,11.7,.464,3.7,4.5,.819,0.7,3.5,4.2,4.1,1.7,0.3,2.9,2.6,18.1,2015
352,Kelly Olynyk,C,23,BOS,64,13,1423,6.3,13.4,.475,1.5,4.4,.349,4.8,8.9,.538,2.4,3.4,.684,2.3,5.3,7.7,2.8,1.6,1.0,2.5,5.4,16.6,2015
354,Zaza Pachulia,C,30,MIL,73,45,1730,5.0,11.0,.454,0.0,0.1,.000,5.0,10.9,.456,2.6,3.3,.788,4.1,6.3,10.4,3.7,1.7,0.4,2.8,3.5,12.6,2015
355,Kostas Papanikolaou,SF,24,HOU,43,1,795,3.1,8.9,.350,1.4,4.8,.292,1.7,4.1,.418,0.6,0.8,.722,1.8,3.6,5.3,3.8,1.3,0.6,2.5,3.2,8.2,2015
358,Tony Parker,PG,32,SAS,68,68,1953,7.4,15.3,.486,0.7,1.6,.427,6.7,13.7,.493,2.4,3.1,.783,0.3,2.1,2.4,6.2,0.8,0.0,2.7,2.0,18.0,2015
359,Chandler Parsons,SF,26,DAL,66,66,2186,6.3,13.7,.462,2.2,5.7,.380,4.1,7.9,.521,2.3,3.2,.720,1.1,4.3,5.3,2.7,1.1,0.3,1.6,2.3,17.1,2015
360,Patrick Patterson,PF,25,TOR,81,4,2156,4.0,8.9,.449,1.8,4.7,.371,2.3,4.2,.536,1.1,1.3,.788,2.1,5.1,7.2,2.6,1.0,0.7,0.9,2.5,10.8,2015
361,Chris Paul,PG,29,LAC,82,82,2857,7.2,14.7,.485,1.8,4.4,.398,5.4,10.3,.523,3.6,4.0,.900,0.7,4.1,4.7,10.6,2.0,0.2,2.4,2.6,19.7,2015
363,Elfrid Payton,PG,20,ORL,82,63,2489,4.4,10.2,.425,0.2,0.6,.262,4.2,9.6,.435,1.7,3.1,.551,1.5,3.5,5.0,7.7,2.1,0.3,2.9,2.8,10.6,2015
365,Kendrick Perkins,C,30,TOT,68,3,1148,3.2,7.1,.449,0.0,0.0,.000,3.2,7.1,.451,1.3,2.6,.506,2.9,7.2,10.0,1.6,0.5,1.3,3.0,5.1,7.7,2015
366,Paul Pierce*,SF,37,WAS,73,73,1914,5.5,12.3,.447,2.2,5.7,.389,3.3,6.6,.496,3.1,3.9,.781,0.8,4.7,5.5,2.7,0.9,0.5,1.7,3.0,16.3,2015
367,Mason Plumlee,C,24,BRK,82,45,1743,5.8,10.1,.573,0.0,0.1,.000,5.8,10.0,.576,3.2,6.5,.495,3.6,7.0,10.6,1.5,1.3,1.3,2.2,4.3,14.8,2015
368,Miles Plumlee,C,26,TOT,73,28,1194,4.1,7.7,.535,0.0,0.0,,4.1,7.7,.535,0.7,1.4,.478,3.4,6.3,9.6,1.0,1.2,2.0,1.5,3.3,8.9,2015
369,Quincy Pondexter,SF-SG,26,TOT,75,30,1793,3.8,9.0,.421,1.8,4.9,.373,1.9,4.1,.478,1.4,1.9,.740,1.1,2.9,3.9,1.9,0.4,0.5,1.0,3.0,10.8,2015
370,Otto Porter Jr.,SF,21,WAS,74,13,1432,4.4,9.8,.450,0.9,2.6,.337,3.5,7.2,.491,1.5,2.0,.734,1.8,3.8,5.6,1.6,1.1,0.8,1.3,2.4,11.2,2015
372,Phil Pressey,PG,23,BOS,50,0,600,3.8,10.4,.368,1.0,3.9,.246,2.9,6.5,.440,2.0,2.9,.673,0.8,4.0,4.8,7.0,1.8,0.4,2.5,3.2,10.6,2015
374,Ronnie Price,PG,31,LAL,43,20,982,2.8,8.2,.345,1.1,4.0,.284,1.7,4.2,.404,1.3,1.6,.800,0.7,1.8,2.5,6.0,2.5,0.1,1.9,4.3,8.1,2015
375,Pablo Prigioni,PG,37,TOT,67,3,1197,2.7,6.9,.399,1.7,5.0,.343,1.0,1.9,.548,1.1,1.2,.854,0.9,2.7,3.6,5.1,2.4,0.0,1.9,2.6,8.2,2015
376,Tayshaun Prince,SF,34,TOT,58,16,1397,4.6,10.4,.440,0.8,1.7,.463,3.8,8.6,.436,1.3,1.7,.754,1.3,4.1,5.4,2.4,0.7,0.4,0.9,1.4,11.2,2015
380,Zach Randolph,PF,33,MEM,71,71,2304,7.1,14.6,.487,0.1,0.3,.350,7.0,14.2,.490,3.6,4.7,.765,3.5,8.2,11.7,2.4,1.1,0.2,2.4,2.7,17.9,2015
381,J.J. Redick,SG,30,LAC,78,78,2409,6.7,14.0,.477,3.0,6.8,.437,3.7,7.2,.515,2.7,3.0,.901,0.3,2.2,2.5,2.0,0.6,0.1,1.4,2.0,19.1,2015
384,Luke Ridnour,PG,33,ORL,47,0,683,4.0,9.3,.426,1.1,3.3,.317,2.9,6.0,.487,0.9,1.1,.857,0.4,3.2,3.6,5.1,1.1,0.2,2.0,3.5,9.9,2015
385,Austin Rivers,PG-SG,22,TOT,76,5,1563,4.7,11.4,.409,0.9,3.0,.298,3.8,8.4,.449,2.0,2.9,.675,0.6,2.9,3.5,3.6,1.1,0.3,1.5,3.4,12.2,2015
386,Andre Roberson,SG,23,OKC,67,65,1286,2.6,5.6,.458,0.6,2.4,.247,2.0,3.2,.612,0.6,1.3,.479,1.7,5.5,7.1,2.0,1.5,0.8,1.3,3.9,6.4,2015
387,Brian Roberts,PG,29,CHO,72,10,1330,4.8,12.2,.389,1.7,5.2,.321,3.1,7.0,.440,1.8,2.0,.892,0.4,2.6,3.0,4.4,0.9,0.2,1.5,2.0,13.0,2015
389,Nate Robinson,PG,30,TOT,42,1,591,5.4,15.5,.345,1.9,6.8,.277,3.5,8.7,.399,1.9,2.8,.674,1.0,2.0,3.0,5.9,1.2,0.2,1.8,4.6,14.5,2015
390,Thomas Robinson,PF,23,TOT,54,4,798,5.7,11.7,.485,0.0,0.1,.000,5.7,11.6,.488,2.5,4.8,.528,4.3,9.4,13.7,1.5,1.4,0.9,2.7,4.7,13.9,2015
391,Rajon Rondo,PG,28,TOT,68,68,2018,4.9,11.5,.426,0.5,1.5,.314,4.4,10.0,.444,0.6,1.4,.397,1.3,5.4,6.7,9.6,1.6,0.1,3.7,2.7,10.8,2015
392,Derrick Rose,PG,26,CHI,51,51,1530,8.0,19.6,.405,1.8,6.4,.280,6.2,13.3,.465,3.6,4.4,.813,0.8,3.0,3.8,5.9,0.8,0.4,3.8,1.5,21.3,2015
393,Terrence Ross,SF,23,TOR,82,61,2092,5.3,13.0,.410,2.5,6.7,.372,2.8,6.2,.452,0.8,1.0,.786,0.6,3.3,3.9,1.5,0.9,0.4,1.2,2.3,13.9,2015
395,Damjan Rudež,SF,28,IND,68,2,1047,4.1,9.0,.452,2.4,5.8,.406,1.7,3.2,.538,0.6,0.8,.696,0.3,1.3,1.6,1.8,0.6,0.2,1.6,2.7,11.1,2015
397,Robert Sacre,C,25,LAL,67,18,1133,4.0,9.7,.412,0.0,0.0,.000,4.0,9.7,.413,1.7,2.6,.671,2.8,4.6,7.4,1.7,0.9,1.4,1.1,3.8,9.8,2015
399,JaKarr Sampson,SF,21,PHI,74,32,1131,4.6,11.0,.422,1.0,4.0,.244,3.7,7.0,.525,2.0,3.0,.670,1.1,4.1,5.2,2.5,1.2,0.8,2.4,4.3,12.3,2015
401,Dennis Schröder,PG,21,ATL,77,10,1516,6.7,15.8,.427,1.2,3.5,.351,5.5,12.3,.449,3.5,4.3,.827,0.7,3.2,3.9,7.5,1.2,0.1,3.6,3.0,18.2,2015
402,Luis Scola,PF,34,IND,81,16,1659,6.5,13.9,.467,0.1,0.4,.250,6.4,13.5,.474,3.4,4.9,.699,3.0,8.4,11.4,2.3,1.0,0.4,2.0,4.2,16.6,2015
403,Mike Scott,PF,26,ATL,68,0,1123,6.4,14.5,.444,2.1,6.2,.344,4.3,8.4,.517,2.0,2.5,.792,1.4,4.9,6.4,2.4,0.8,0.1,1.3,2.7,17.0,2015
404,Thabo Sefolosha,SF,30,ATL,52,7,976,3.8,9.2,.418,0.9,2.9,.321,2.9,6.3,.462,1.7,2.1,.776,2.0,6.3,8.2,2.8,2.0,0.8,1.4,2.5,10.3,2015
405,Kevin Séraphin,C,25,WAS,79,0,1235,6.7,13.1,.513,0.0,0.1,.000,6.7,13.1,.516,1.7,2.4,.707,2.5,5.9,8.4,1.7,0.3,1.7,2.9,5.7,15.2,2015
406,Ramon Sessions,PG,28,TOT,64,10,1188,3.8,10.1,.374,0.6,1.8,.317,3.2,8.3,.387,4.0,5.2,.769,0.7,3.7,4.4,5.5,0.9,0.0,2.6,2.2,12.2,2015
407,Iman Shumpert,SG,24,TOT,62,25,1545,4.5,11.0,.410,1.6,4.6,.342,2.9,6.4,.458,1.0,1.5,.672,1.3,3.9,5.2,3.1,1.9,0.4,2.1,3.2,11.6,2015
408,Alexey Shved,SG,26,TOT,42,9,767,6.2,15.7,.397,2.2,6.5,.338,4.0,9.2,.439,5.7,7.0,.807,1.1,3.6,4.6,5.0,1.4,0.3,2.3,2.3,20.4,2015
409,Henry Sims,C,24,PHI,73,32,1399,6.1,12.9,.474,0.1,0.6,.182,6.0,12.4,.488,2.7,3.5,.774,3.1,6.1,9.2,2.0,1.0,0.8,2.5,3.5,15.1,2015
410,Kyle Singler,SF,26,TOT,80,58,1743,3.6,9.2,.386,2.0,5.0,.398,1.6,4.2,.371,0.8,1.1,.769,0.7,3.3,4.0,1.8,1.0,0.4,1.1,3.2,9.9,2015
411,Donald Sloan,PG,27,IND,53,21,1107,4.7,11.5,.408,1.3,4.3,.313,3.4,7.3,.464,2.0,2.5,.779,0.4,4.3,4.7,6.2,0.7,0.0,2.1,1.5,12.7,2015
412,Marcus Smart,PG,20,BOS,67,38,1808,3.5,9.5,.367,1.8,5.4,.335,1.7,4.1,.410,1.6,2.5,.646,1.2,3.2,4.4,4.1,2.0,0.4,1.8,3.5,10.4,2015
413,Greg Smith,PF,24,DAL,42,2,363,3.0,4.9,.612,0.0,0.0,,3.0,4.9,.612,2.0,3.9,.513,2.6,5.3,7.8,0.9,0.7,1.1,1.1,5.3,7.9,2015
414,Ish Smith,PG,26,TOT,55,14,832,6.2,15.9,.390,0.8,2.6,.300,5.4,13.3,.407,1.5,2.5,.596,0.6,3.7,4.3,7.8,1.6,0.3,3.4,2.2,14.6,2015
415,J.R. Smith,SG,29,TOT,70,51,2080,5.5,13.1,.417,2.8,7.4,.383,2.6,5.7,.462,0.9,1.2,.750,0.5,3.3,3.8,3.4,1.4,0.4,1.7,2.8,14.7,2015
416,Jason Smith,C,28,NYK,82,31,1785,5.2,11.9,.434,0.3,0.8,.357,4.9,11.1,.440,2.6,3.1,.830,2.0,4.6,6.5,2.8,0.6,0.9,2.1,4.1,13.2,2015
417,Josh Smith,PF,29,TOT,83,35,2300,6.5,15.4,.419,1.1,3.6,.316,5.4,11.9,.451,2.0,4.0,.498,2.4,5.9,8.3,4.3,1.4,1.8,3.2,3.6,16.1,2015
419,Tony Snell,SF,23,CHI,72,22,1412,4.1,9.5,.429,1.9,5.0,.371,2.2,4.4,.494,1.1,1.4,.800,0.8,3.7,4.5,1.6,0.8,0.3,1.2,2.2,11.1,2015
420,Marreese Speights,C,27,GSW,76,9,1207,9.5,19.3,.492,0.1,0.5,.278,9.3,18.7,.498,4.5,5.3,.843,3.3,6.4,9.7,2.1,0.6,1.0,2.4,5.6,23.6,2015
421,Tiago Splitter,C,30,SAS,52,35,1030,5.9,10.6,.558,0.0,0.0,,5.9,10.6,.558,3.1,4.2,.750,3.2,5.6,8.8,2.7,1.2,1.3,2.1,3.6,15.0,2015
422,Nik Stauskas,SG,21,SAC,73,1,1127,3.4,9.5,.365,1.5,4.8,.322,1.9,4.7,.408,1.8,2.0,.859,0.4,2.5,2.8,2.1,0.6,0.5,1.3,2.9,10.2,2015
423,Lance Stephenson,SG,24,CHO,61,25,1573,4.7,12.6,.376,0.4,2.4,.171,4.3,10.2,.425,1.6,2.5,.627,0.9,5.4,6.3,5.5,0.9,0.2,2.9,3.1,11.5,2015
427,Amar'e Stoudemire,PF,32,TOT,59,15,1245,7.9,14.2,.557,0.0,0.1,.000,7.9,14.1,.562,3.9,5.4,.720,3.2,6.3,9.5,1.3,0.8,1.1,2.3,4.7,19.7,2015
428,Rodney Stuckey,PG,28,IND,71,36,1874,6.4,14.5,.440,1.1,2.7,.390,5.3,11.8,.452,3.4,4.1,.819,0.7,4.1,4.8,4.2,1.1,0.2,2.3,2.5,17.2,2015
429,Jared Sullinger,PF,22,BOS,58,49,1566,7.1,16.3,.439,1.2,4.2,.283,6.0,12.0,.494,2.2,3.0,.744,3.4,6.8,10.1,3.1,1.0,1.0,1.8,3.5,17.7,2015
431,Jeff Teague,PG,26,ATL,73,72,2228,6.6,14.3,.460,1.1,3.3,.343,5.4,11.0,.496,4.4,5.2,.862,0.5,2.5,3.0,8.3,2.0,0.5,3.3,2.2,18.8,2015
434,Garrett Temple,SG,28,WAS,52,18,735,3.3,8.3,.400,1.6,4.3,.375,1.7,4.0,.427,1.7,2.4,.729,1.2,3.2,4.4,2.7,2.1,0.4,1.7,3.7,10.0,2015
435,Jason Terry,SG,37,HOU,77,18,1641,4.1,9.8,.422,2.8,7.1,.390,1.4,2.7,.504,0.9,1.1,.813,0.3,2.3,2.7,3.2,1.4,0.4,1.6,2.5,11.9,2015
436,Isaiah Thomas,PG,25,TOT,67,1,1726,7.0,16.6,.420,2.7,7.2,.373,4.3,9.4,.457,6.3,7.3,.868,0.7,2.5,3.2,5.9,1.2,0.1,3.0,3.1,23.0,2015
437,Lance Thomas,PF-SF,26,TOT,62,37,1490,4.4,10.7,.412,0.2,0.5,.318,4.2,10.1,.417,1.7,2.4,.727,1.6,3.1,4.7,1.7,0.9,0.2,1.8,2.4,10.7,2015
440,Hollis Thompson,SG,23,PHI,71,23,1776,4.5,11.0,.413,2.3,5.8,.401,2.2,5.2,.426,1.3,1.8,.708,1.1,2.9,4.0,1.7,1.2,0.5,1.3,2.9,12.7,2015
441,Jason Thompson,PF,28,SAC,81,63,1991,3.6,7.7,.470,0.0,0.0,.000,3.6,7.7,.471,1.6,2.6,.622,2.5,7.1,9.6,1.5,0.6,1.0,1.5,4.3,8.9,2015
442,Klay Thompson,SG,24,GSW,77,77,2455,8.8,19.0,.463,3.5,8.0,.439,5.3,11.1,.481,3.3,3.8,.879,0.4,3.2,3.6,3.3,1.3,0.9,2.2,1.8,24.5,2015
443,Tristan Thompson,PF,23,CLE,82,15,2194,4.4,8.0,.547,0.0,0.0,,4.4,8.0,.547,2.6,4.1,.641,4.5,6.3,10.8,0.6,0.6,1.0,1.4,3.1,11.4,2015
444,Marcus Thornton,SG,27,TOT,48,0,721,7.0,17.2,.406,2.7,7.1,.378,4.3,10.1,.426,2.3,2.8,.821,1.1,3.1,4.3,1.8,1.3,0.3,1.3,1.9,19.0,2015
445,Anthony Tolliver,PF,29,TOT,76,11,1432,4.0,9.9,.410,2.7,7.3,.366,1.4,2.6,.534,1.4,1.7,.783,1.3,4.7,5.9,1.5,0.6,0.4,1.3,3.4,12.1,2015
446,P.J. Tucker,SF,29,PHO,78,63,2383,3.9,9.0,.438,1.3,3.8,.345,2.6,5.2,.506,1.6,2.2,.727,1.7,5.9,7.6,1.8,1.6,0.3,1.5,2.7,10.8,2015
448,Hedo Türkoğlu,SF,35,LAC,62,2,705,4.2,9.6,.441,3.1,7.1,.432,1.2,2.5,.469,0.3,0.6,.545,0.3,4.8,5.1,1.9,1.0,0.4,1.5,3.4,11.8,2015
449,Evan Turner,SG,26,BOS,82,57,2260,5.1,11.9,.429,0.5,1.9,.277,4.6,10.0,.458,1.7,2.2,.752,0.6,6.0,6.6,7.2,1.3,0.3,3.2,2.9,12.4,2015
451,Beno Udrih,PG,32,MEM,79,12,1494,5.9,12.2,.487,0.6,2.3,.268,5.3,9.8,.539,2.1,2.5,.853,0.5,3.0,3.4,5.3,1.1,0.2,2.1,2.1,14.6,2015
452,Jonas Valančiūnas,C,22,TOR,80,80,2096,6.4,11.2,.572,0.0,0.0,.000,6.4,11.2,.573,3.7,4.7,.786,3.7,8.2,11.9,0.7,0.6,1.6,1.9,3.8,16.5,2015
454,Greivis Vásquez,PG,28,TOR,82,29,1991,5.4,13.1,.408,2.4,6.3,.379,2.9,6.8,.436,0.9,1.2,.758,0.4,3.5,3.9,5.5,0.8,0.2,2.2,3.2,14.0,2015
455,Charlie Villanueva,PF,30,DAL,64,1,678,8.0,19.2,.414,4.4,11.7,.376,3.6,7.5,.475,1.1,1.9,.571,1.6,6.3,7.9,1.0,0.8,1.2,1.5,3.4,21.4,2015
457,Nikola Vučević,C,24,ORL,74,74,2529,9.0,17.2,.523,0.0,0.1,.333,9.0,17.1,.524,2.3,3.1,.752,3.4,8.1,11.5,2.1,0.8,0.8,2.1,3.1,20.3,2015
458,Dwyane Wade,SG,33,MIA,62,62,1971,9.3,19.8,.470,0.5,1.9,.284,8.8,17.9,.489,5.2,6.8,.768,1.1,2.9,4.0,5.5,1.3,0.4,3.8,1.9,24.3,2015
459,Dion Waiters,SG,23,TOT,80,23,2208,6.1,15.4,.396,1.2,4.0,.297,4.9,11.4,.431,1.9,2.8,.680,0.7,2.5,3.1,2.7,1.5,0.3,1.8,2.5,15.3,2015
461,Kemba Walker,PG,24,CHO,62,58,2119,6.4,16.7,.385,1.4,4.8,.304,5.0,11.9,.418,4.0,4.8,.827,0.6,3.1,3.7,5.4,1.5,0.5,1.7,1.6,18.3,2015
462,John Wall,PG,24,WAS,79,79,2837,6.6,14.8,.445,0.8,2.8,.300,5.8,12.0,.478,3.6,4.6,.785,0.5,4.2,4.6,10.1,1.8,0.6,3.9,2.3,17.6,2015
465,C.J. Watson,PG,30,IND,57,21,1422,4.6,10.6,.434,1.8,4.4,.400,2.8,6.1,.459,3.5,4.2,.826,0.5,3.7,4.1,5.3,1.4,0.2,2.5,2.7,14.4,2015
467,Travis Wear,SF,24,NYK,51,1,672,4.5,11.2,.402,0.6,1.6,.367,3.9,9.6,.408,1.1,1.4,.769,1.7,4.0,5.7,2.1,0.8,0.6,1.9,2.9,10.7,2015
469,David West,PF,34,IND,66,66,1895,6.1,13.0,.471,0.1,0.4,.200,6.1,12.7,.479,2.3,3.1,.739,2.1,6.5,8.5,4.2,0.9,0.9,2.3,3.0,14.6,2015
470,Russell Westbrook,PG,26,OKC,67,67,2302,9.8,23.0,.426,1.3,4.5,.299,8.5,18.5,.457,8.5,10.2,.835,1.9,5.7,7.6,9.0,2.2,0.2,4.6,2.9,29.5,2015
471,Hassan Whiteside,C,25,MIA,48,32,1142,7.7,12.2,.628,0.0,0.0,,7.7,12.2,.628,2.5,4.9,.500,4.6,10.6,15.2,0.2,0.9,3.9,1.8,4.1,17.8,2015
473,Andrew Wiggins,SF,19,MIN,82,82,2969,6.0,13.8,.437,0.5,1.5,.310,5.6,12.3,.453,4.3,5.7,.760,1.6,2.9,4.5,2.1,1.0,0.6,2.1,2.3,16.8,2015
475,Deron Williams,PG,30,BRK,68,55,2114,5.1,13.1,.387,1.5,4.0,.367,3.6,9.1,.395,3.4,4.1,.834,0.5,3.5,4.0,7.6,1.1,0.3,2.6,2.7,15.1,2015
476,Derrick Williams,PF,23,SAC,74,6,1462,5.3,11.9,.447,1.2,3.8,.314,4.1,8.1,.511,3.3,4.8,.684,1.0,4.0,5.0,1.2,0.8,0.1,1.4,1.6,15.2,2015
478,Lou Williams,SG,28,TOR,80,0,2016,6.7,16.6,.404,2.7,8.0,.340,4.0,8.6,.464,6.1,7.1,.861,0.4,2.3,2.7,2.9,1.6,0.2,1.8,1.8,22.2,2015
479,Marvin Williams,PF,28,CHO,78,37,2035,3.7,8.8,.424,1.7,4.7,.358,2.0,4.1,.500,1.1,1.5,.713,1.0,5.8,6.8,1.8,1.2,0.6,1.1,2.6,10.2,2015
480,Mo Williams,PG,32,TOT,68,33,1980,6.2,15.6,.397,2.2,6.3,.342,4.0,9.3,.434,3.0,3.4,.872,0.4,2.8,3.2,7.7,0.8,0.3,3.1,2.9,17.5,2015
482,Shawne Williams,SF,28,TOT,63,22,1087,4.0,9.9,.403,2.1,5.9,.360,1.9,4.0,.467,1.2,1.3,.875,1.2,4.3,5.5,1.5,0.8,0.7,1.0,4.5,11.3,2015
485,Brandan Wright,PF,27,TOT,75,7,1449,5.8,9.0,.642,0.0,0.1,.000,5.8,8.9,.647,1.9,2.8,.696,3.2,4.8,8.0,1.0,1.2,2.3,0.8,2.5,13.5,2015
486,Dorell Wright,SF,29,POR,48,2,592,4.4,11.6,.379,2.5,6.6,.380,1.9,5.0,.378,2.1,2.6,.810,0.9,5.9,6.8,2.5,1.2,0.7,1.1,3.3,13.3,2015
489,Nick Young,SG,29,LAL,42,0,1000,6.3,17.1,.366,3.0,8.1,.369,3.3,9.0,.363,4.8,5.3,.892,0.6,2.8,3.5,1.5,0.8,0.4,1.6,3.0,20.3,2015
490,Thaddeus Young,PF,26,TOT,76,68,2434,6.7,14.3,.466,0.6,1.7,.330,6.1,12.6,.484,1.9,3.0,.655,1.9,4.2,6.1,2.6,1.8,0.4,1.7,2.5,15.8,2015
491,Cody Zeller,C,22,CHO,62,45,1487,4.2,9.0,.461,0.0,0.0,1.000,4.1,9.0,.460,3.1,4.0,.774,2.3,6.4,8.8,2.4,0.8,1.2,1.5,3.8,11.4,2015
492,Tyler Zeller,C,25,BOS,82,59,1731,7.1,12.9,.549,0.0,0.0,,7.1,12.9,.549,3.2,3.9,.823,3.0,6.6,9.7,2.4,0.4,1.1,1.6,4.3,17.3,2015
