Rk,Player,Pos,Age,Tm,G,GS,MP,FG,FGA,FG%,3P,3PA,3P%,2P,2PA,2P%,FT,FTA,FT%,ORB,DRB,TRB,AST,STL,BLK,TOV,PF,PTS,Year
1,Steven Adams,C,26,OKC,63,63,1680,6.1,10.2,.592,0.0,0.1,.333,6.0,10.2,.594,2.5,4.3,.582,4.4,8.1,12.5,3.1,1.1,1.4,2.0,2.6,14.7,2020
2,Bam Adebayo,PF,22,MIA,72,72,2417,6.6,11.8,.557,0.0,0.2,.143,6.5,11.6,.564,3.9,5.7,.691,2.6,8.3,10.9,5.5,1.2,1.4,3.0,2.7,17.1,2020
3,LaMarcus Aldridge,C,34,SAS,53,53,1754,8.0,16.3,.493,1.3,3.2,.389,6.8,13.1,.519,3.2,3.9,.827,2.1,5.9,8.0,2.6,0.7,1.8,1.5,2.6,20.5,2020
5,Nickeil Alexander-Walker,SG,21,NOP,47,1,591,6.0,16.2,.368,2.8,8.1,.346,3.2,8.1,.391,1.5,2.3,.676,0.5,4.6,5.1,5.4,1.0,0.5,3.3,3.5,16.3,2020
7,Jarrett Allen,C,21,BRK,70,64,1852,5.9,9.0,.649,0.0,0.1,.000,5.9,8.9,.658,3.3,5.2,.633,4.2,8.8,13.0,2.1,0.8,1.8,1.5,3.1,15.1,2020
11,Kyle Anderson,SF,26,MEM,67,28,1330,4.2,9.0,.474,0.6,2.3,.282,3.6,6.7,.541,1.4,2.1,.667,1.6,6.1,7.7,4.4,1.5,1.0,1.8,3.0,10.6,2020
13,Giannis Antetokounmpo,PF,25,MIL,63,63,1917,12.9,23.2,.553,1.7,5.5,.304,11.2,17.7,.631,7.5,11.8,.633,2.6,13.4,16.1,6.6,1.1,1.2,4.3,3.7,34.9,2020
16,Carmelo Anthony,PF,35,POR,58,58,1902,6.4,14.8,.430,1.6,4.3,.385,4.7,10.5,.448,2.6,3.0,.845,1.3,5.6,7.0,1.6,0.9,0.5,1.9,3.2,16.9,2020
17,OG Anunoby,SF,22,TOR,69,68,2066,5.0,9.9,.505,1.6,4.0,.390,3.4,5.9,.583,1.3,1.8,.706,1.4,4.9,6.3,1.9,1.7,0.8,1.4,2.9,12.8,2020
18,Ryan Arcidiacono,PG,25,CHI,58,4,930,3.5,8.5,.409,2.1,5.3,.391,1.4,3.2,.439,1.0,1.5,.711,0.8,3.5,4.3,3.7,1.0,0.1,1.4,3.7,10.1,2020
19,Trevor Ariza,SF,34,TOT,53,21,1493,3.4,7.8,.438,1.9,5.0,.372,1.6,2.8,.556,1.5,1.8,.838,0.8,5.1,5.9,2.2,1.7,0.4,1.4,2.7,10.2,2020
20,D.J. Augustin,PG,32,ORL,57,13,1420,4.7,11.7,.399,1.8,5.1,.348,2.9,6.6,.438,4.1,4.6,.890,0.6,2.5,3.1,6.6,0.9,0.0,2.2,1.8,15.2,2020
24,Lonzo Ball,PG,22,NOP,63,54,2025,4.9,12.2,.403,2.6,7.0,.375,2.3,5.2,.442,0.8,1.4,.566,1.3,5.5,6.8,7.8,1.6,0.7,3.4,2.3,13.2,2020
25,Mo Bamba,C,21,ORL,62,0,878,5.4,11.7,.462,1.5,4.4,.346,3.9,7.3,.531,1.3,1.9,.674,4.1,8.3,12.4,1.7,0.9,3.5,1.7,4.8,13.6,2020
27,Harrison Barnes,PF,27,SAC,72,72,2482,5.3,11.5,.460,1.5,3.9,.381,3.8,7.6,.501,3.1,3.9,.801,1.1,4.0,5.1,2.3,0.6,0.2,1.3,1.3,15.2,2020
28,RJ Barrett,SG,19,NYK,56,55,1704,6.2,15.4,.402,1.3,4.2,.320,4.8,11.2,.432,3.3,5.4,.614,1.1,4.8,5.9,3.0,1.2,0.4,2.6,2.6,17.0,2020
29,Will Barton,SF,29,DEN,58,58,1916,6.2,13.9,.450,2.0,5.4,.375,4.2,8.5,.498,1.9,2.5,.767,1.4,5.4,6.9,4.0,1.1,0.5,1.7,2.3,16.4,2020
30,Keita Bates-Diop,PF-SF,24,TOT,44,0,744,4.8,11.3,.427,1.6,5.0,.330,3.2,6.3,.504,2.6,3.6,.720,1.2,4.9,6.1,1.5,0.9,1.2,0.8,2.1,13.9,2020
32,Aron Baynes,C,33,PHO,42,28,934,7.1,14.7,.480,2.3,6.5,.351,4.8,8.2,.582,2.2,2.9,.747,2.7,6.4,9.1,2.6,0.4,0.9,1.9,5.4,18.5,2020
33,Kent Bazemore,SF,30,TOT,68,21,1688,4.3,11.4,.375,1.8,5.2,.344,2.5,6.2,.400,2.4,3.1,.769,0.6,5.7,6.3,2.0,1.6,0.9,1.9,4.2,12.7,2020
34,Darius Bazley,PF,19,OKC,61,9,1130,4.0,10.1,.394,1.6,4.5,.348,2.4,5.6,.432,1.4,2.0,.694,1.0,6.9,7.8,1.3,0.7,1.3,1.4,1.8,10.9,2020
35,Bradley Beal,SG,26,WAS,57,57,2053,10.4,22.8,.455,3.0,8.4,.353,7.4,14.4,.515,6.8,8.0,.842,0.9,3.3,4.2,6.1,1.2,0.4,3.4,2.2,30.5,2020
36,Malik Beasley,SG,23,TOT,55,14,1209,6.8,15.9,.425,3.2,8.2,.388,3.6,7.7,.465,1.6,2.0,.818,0.5,3.9,4.4,2.2,1.2,0.2,1.7,2.3,18.3,2020
37,Marco Belinelli,SG,33,SAS,57,0,883,5.0,12.8,.392,2.7,7.3,.376,2.3,5.5,.412,2.0,2.4,.828,0.3,3.8,4.0,2.8,0.5,0.0,0.8,1.8,14.7,2020
39,DeAndre' Bembry,SG,25,ATL,43,4,915,4.1,9.0,.456,0.6,2.6,.231,3.5,6.4,.546,1.0,1.9,.542,1.3,4.6,6.0,3.2,2.2,0.7,2.4,3.3,9.8,2020
41,Dāvis Bertāns,PF,27,WAS,54,4,1583,6.0,13.9,.434,4.5,10.7,.424,1.5,3.1,.471,2.4,2.8,.852,0.8,4.8,5.6,2.1,0.8,0.8,1.3,3.2,19.0,2020
42,Patrick Beverley,PG,31,LAC,51,50,1342,3.9,9.1,.431,2.1,5.5,.388,1.8,3.6,.496,0.8,1.3,.660,1.5,5.6,7.1,4.9,1.4,0.7,1.8,4.2,10.9,2020
43,Khem Birch,C,27,ORL,48,24,922,2.9,5.6,.510,0.0,0.0,.000,2.9,5.5,.514,2.6,3.9,.653,3.6,5.0,8.6,2.0,0.8,0.9,1.2,3.6,8.3,2020
44,Goga Bitadze,C,20,IND,54,2,471,5.4,11.5,.467,0.6,3.2,.190,4.7,8.3,.574,1.8,2.5,.727,1.9,6.2,8.1,1.8,0.8,2.8,2.1,5.0,13.1,2020
45,Bismack Biyombo,C,27,CHO,53,29,1029,5.3,9.7,.543,0.0,0.0,,5.3,9.7,.543,3.2,5.3,.603,4.2,6.6,10.8,1.7,0.3,1.7,1.7,4.1,13.7,2020
46,Nemanja Bjelica,PF,31,SAC,72,67,2011,5.6,11.7,.481,2.4,5.7,.419,3.2,6.0,.541,1.2,1.5,.821,2.0,6.2,8.2,3.6,1.1,0.7,1.8,3.9,14.9,2020
47,Eric Bledsoe,PG,30,MIL,61,61,1646,7.3,15.4,.475,1.6,4.7,.344,5.7,10.7,.533,3.7,4.7,.790,0.9,5.2,6.2,7.2,1.2,0.6,3.2,2.8,19.9,2020
48,Bogdan Bogdanović,SG,27,SAC,61,28,1766,6.9,15.6,.440,3.3,9.0,.372,3.5,6.6,.532,1.8,2.4,.741,0.5,3.7,4.2,4.2,1.3,0.3,2.1,2.7,18.8,2020
49,Bojan Bogdanović,SF,30,UTA,63,63,2083,7.2,16.2,.447,3.3,7.9,.414,4.0,8.3,.479,4.3,4.8,.903,0.7,3.8,4.5,2.3,0.6,0.1,2.7,1.9,22.0,2020
54,Isaac Bonga,SF,20,WAS,66,49,1250,3.4,6.7,.504,0.7,2.0,.352,2.7,4.7,.571,2.0,2.4,.812,2.0,4.3,6.4,2.2,1.3,0.6,1.7,4.5,9.5,2020
55,Devin Booker,SG,23,PHO,70,70,2512,9.0,18.4,.489,2.0,5.7,.354,7.0,12.7,.549,6.7,7.3,.919,0.4,3.8,4.3,6.5,0.7,0.3,3.8,3.1,26.7,2020
56,Chris Boucher,C,27,TOR,62,0,819,6.2,13.1,.472,1.7,5.2,.322,4.5,8.0,.569,4.0,5.1,.784,4.7,7.5,12.2,1.1,1.0,2.7,1.2,5.0,18.1,2020
58,Ky Bowman,PG,22,GSW,45,12,1015,4.8,11.4,.417,1.2,3.8,.308,3.6,7.6,.472,1.2,1.5,.829,0.9,3.4,4.3,4.6,1.6,0.4,2.5,3.6,11.9,2020
59,Avery Bradley,SG,29,LAL,49,44,1186,5.2,11.6,.444,1.9,5.3,.364,3.2,6.4,.510,0.6,0.7,.833,0.5,2.9,3.5,1.9,1.3,0.2,1.4,3.3,12.8,2020
60,Tony Bradley,C,22,UTA,58,3,663,6.8,10.3,.667,0.2,0.2,1.000,6.7,10.1,.661,1.6,2.5,.652,6.0,8.5,14.5,1.2,0.8,1.8,1.6,6.2,15.5,2020
64,Mikal Bridges,SF,23,PHO,73,32,2042,4.4,8.5,.510,1.2,3.4,.361,3.1,5.1,.610,1.8,2.2,.844,1.2,4.0,5.1,2.3,1.8,0.8,1.3,2.9,11.8,2020
65,Miles Bridges,SF,21,CHO,65,64,1995,5.8,13.6,.424,1.8,5.4,.330,4.0,8.2,.486,1.9,2.4,.809,1.6,4.9,6.5,2.1,0.7,0.9,1.7,2.4,15.2,2020
68,Malcolm Brogdon,PG,27,IND,54,54,1666,7.0,16.1,.438,1.6,5.0,.326,5.4,11.1,.488,3.6,4.0,.892,1.0,4.7,5.7,8.2,0.8,0.2,2.8,2.1,19.3,2020
69,Dillon Brooks,SG,24,MEM,73,73,2112,7.4,18.2,.407,2.5,7.0,.358,4.9,11.2,.438,2.8,3.5,.808,1.2,3.0,4.1,2.6,1.1,0.5,2.1,4.7,20.1,2020
70,Bruce Brown,PG,23,DET,58,43,1634,4.4,9.8,.443,0.7,2.1,.344,3.6,7.7,.470,1.9,2.6,.739,1.3,4.7,6.0,5.1,1.4,0.6,2.2,3.6,11.4,2020
72,Jaylen Brown,SG,23,BOS,57,57,1934,7.9,16.5,.481,2.4,6.3,.382,5.5,10.2,.543,3.3,4.5,.724,1.2,5.6,6.8,2.2,1.2,0.4,2.3,3.1,21.6,2020
74,Sterling Brown,SF,24,MIL,52,1,767,4.5,12.0,.371,2.1,6.4,.324,2.4,5.6,.425,1.5,1.9,.800,1.5,7.1,8.6,2.4,1.4,0.3,2.0,2.5,12.5,2020
75,Troy Brown Jr.,SF,20,WAS,69,22,1782,5.5,12.6,.439,1.2,3.6,.341,4.3,8.9,.479,2.2,2.8,.784,1.5,6.2,7.7,3.6,1.7,0.1,1.6,2.7,14.5,2020
76,Jalen Brunson,PG,23,DAL,57,16,1022,6.4,13.7,.466,1.5,4.2,.358,4.9,9.4,.515,2.1,2.6,.813,0.8,3.9,4.7,6.6,0.8,0.1,2.3,2.6,16.4,2020
77,Thomas Bryant,C,22,WAS,46,36,1147,7.6,13.1,.581,1.2,2.9,.407,6.5,10.3,.630,2.7,3.6,.741,3.1,7.3,10.4,2.6,0.8,1.5,1.7,3.2,19.1,2020
80,Alec Burks,SF-SG,28,TOT,66,19,1754,6.6,15.8,.418,2.4,6.2,.385,4.2,9.6,.439,4.8,5.4,.887,1.0,4.8,5.8,3.9,1.3,0.3,1.9,2.6,20.4,2020
82,Jimmy Butler,SF,30,MIA,58,58,1959,6.3,13.9,.455,0.5,2.2,.244,5.8,11.7,.495,8.0,9.6,.834,1.9,5.1,7.1,6.4,1.9,0.6,2.3,1.5,21.3,2020
85,Kentavious Caldwell-Pope,SG,26,LAL,69,26,1762,4.8,10.4,.467,1.9,4.9,.385,3.0,5.5,.541,1.6,2.1,.775,0.8,2.1,2.9,2.3,1.2,0.3,1.3,2.6,13.2,2020
89,Jevon Carter,PG,24,PHO,58,2,945,3.8,9.3,.416,2.4,5.6,.425,1.5,3.7,.402,0.9,1.0,.852,1.1,3.4,4.5,3.2,1.8,0.6,1.2,3.3,10.9,2020
90,Vince Carter,PF,43,ATL,60,0,876,4.4,12.5,.352,2.5,8.3,.302,1.9,4.2,.451,0.9,1.2,.793,0.7,4.4,5.1,2.0,0.9,1.0,1.4,3.7,12.2,2020
91,Wendell Carter Jr.,C,20,CHI,43,43,1256,5.2,9.8,.534,0.2,0.8,.207,5.1,9.0,.564,3.2,4.4,.737,4.0,7.6,11.6,1.5,0.9,1.0,2.1,4.6,13.9,2020
92,Michael Carter-Williams,SG,28,ORL,45,0,833,4.8,11.2,.427,1.0,3.2,.293,3.8,8.0,.481,3.4,4.1,.832,2.0,4.4,6.4,4.7,2.1,1.0,2.2,3.8,14.0,2020
93,Alex Caruso,PG,25,LAL,64,2,1175,3.7,8.9,.412,1.2,3.7,.333,2.5,5.2,.468,2.1,2.9,.734,0.5,3.2,3.8,3.8,2.1,0.6,1.6,3.0,10.7,2020
94,Willie Cauley-Stein,C,26,TOT,54,39,1097,5.7,9.9,.579,0.0,0.0,.000,5.7,9.9,.581,1.3,2.2,.606,2.8,7.6,10.3,2.3,1.6,2.0,1.3,4.0,12.8,2020
100,Marquese Chriss,PF,22,GSW,59,21,1196,6.3,11.6,.545,0.2,1.2,.205,6.1,10.4,.584,3.6,4.7,.769,3.4,7.6,11.0,3.4,1.2,1.9,2.3,3.7,16.5,2020
101,Gary Clark,SF-PF,25,TOT,42,5,567,3.4,8.4,.406,2.5,7.0,.351,1.0,1.4,.682,0.6,0.6,.900,2.3,4.6,7.0,1.1,0.4,1.4,0.6,2.9,9.9,2020
102,Brandon Clarke,PF,23,MEM,58,4,1300,8.2,13.3,.618,0.6,1.8,.359,7.6,11.5,.658,2.4,3.1,.759,2.5,7.0,9.6,2.2,0.9,1.3,1.5,2.8,19.4,2020
103,Jordan Clarkson,SG,27,TOT,71,2,1705,8.3,18.3,.454,3.2,8.7,.368,5.1,9.6,.533,2.9,3.5,.836,1.1,2.9,3.9,2.9,1.0,0.3,2.0,2.3,22.8,2020
110,Mike Conley,PG,32,UTA,47,41,1363,6.1,15.0,.409,2.5,6.8,.375,3.6,8.2,.437,3.0,3.7,.827,0.9,3.1,4.0,5.5,1.0,0.1,2.4,2.7,17.8,2020
111,Pat Connaughton,SG,27,MIL,67,4,1243,4.0,8.7,.455,1.6,4.8,.331,2.4,3.9,.607,0.9,1.2,.775,1.7,6.5,8.2,3.1,0.7,0.9,1.5,2.0,10.4,2020
112,Quinn Cook,PG,26,LAL,44,1,508,6.4,15.2,.425,2.2,6.0,.365,4.3,9.1,.465,0.8,1.0,.786,0.8,2.8,3.6,3.5,0.9,0.1,2.3,1.9,15.9,2020
114,Robert Covington,PF-C,29,TOT,70,68,2137,5.1,12.2,.422,2.7,8.1,.335,2.4,4.1,.593,1.7,2.1,.798,1.1,6.7,7.8,1.5,1.9,1.6,1.7,3.7,14.7,2020
116,Torrey Craig,SF,29,DEN,58,27,1072,4.2,9.0,.461,1.5,4.6,.326,2.7,4.4,.603,0.7,1.2,.611,2.1,4.2,6.3,1.6,0.8,1.2,0.8,4.5,10.6,2020
118,Jae Crowder,SF-PF,29,TOT,65,53,1875,4.3,10.8,.401,2.6,7.6,.343,1.7,3.2,.538,1.9,2.4,.776,1.0,6.4,7.4,3.1,1.4,0.5,1.3,2.7,13.1,2020
119,Jarrett Culver,SG,20,MIN,63,35,1506,5.5,13.6,.404,1.6,5.3,.299,3.9,8.3,.471,1.3,2.8,.462,1.7,3.4,5.1,2.6,1.4,0.9,1.9,3.0,13.9,2020
120,Seth Curry,SG,29,DAL,64,25,1576,6.5,13.1,.495,3.3,7.3,.452,3.2,5.8,.549,1.8,2.2,.825,0.6,2.7,3.3,2.8,0.9,0.2,1.4,2.6,18.1,2020
122,Troy Daniels,SG,28,TOT,47,0,532,4.9,12.6,.387,3.1,8.9,.348,1.8,3.7,.481,0.7,1.1,.625,0.8,2.7,3.5,1.2,0.7,0.2,0.8,2.5,13.5,2020
123,Anthony Davis,PF,26,LAL,62,62,2131,9.3,18.5,.503,1.2,3.7,.330,8.1,14.8,.546,7.5,8.9,.846,2.4,7.3,9.7,3.4,1.5,2.4,2.6,2.6,27.3,2020
125,Terence Davis,SG,22,TOR,72,4,1209,5.9,13.0,.456,2.8,7.2,.388,3.1,5.8,.541,1.5,1.8,.864,1.5,5.6,7.1,3.4,1.2,0.4,2.3,3.7,16.2,2020
126,Dewayne Dedmon,C,30,TOT,44,18,774,4.7,11.9,.400,1.0,5.0,.206,3.7,6.9,.541,1.4,1.7,.833,2.8,8.8,11.6,1.0,1.2,1.9,2.7,6.2,11.9,2020
127,Matthew Dellavedova,PG,29,CLE,57,4,821,2.7,7.7,.354,0.9,4.0,.231,1.8,3.7,.488,1.4,1.6,.865,0.8,2.5,3.3,7.9,0.9,0.1,2.6,3.4,7.8,2020
128,DeMar DeRozan,SF,30,SAS,68,68,2316,8.7,16.3,.531,0.1,0.5,.257,8.5,15.8,.540,5.9,7.0,.845,0.7,5.1,5.8,5.9,1.1,0.3,2.5,2.8,23.4,2020
129,Cheick Diallo,C,23,PHO,47,2,479,6.9,10.7,.648,0.1,0.2,.333,6.8,10.4,.655,2.6,2.9,.872,2.3,7.6,9.8,1.7,0.8,0.9,2.4,4.1,16.5,2020
130,Hamidou Diallo,SF,21,OKC,46,3,896,5.3,11.9,.446,0.6,2.3,.281,4.7,9.6,.485,1.5,2.5,.603,1.8,4.9,6.7,1.4,1.5,0.4,2.0,4.1,12.8,2020
131,Gorgui Dieng,C,30,TOT,63,17,1096,5.5,12.0,.456,1.8,5.0,.355,3.7,7.0,.528,2.6,3.3,.772,3.0,8.6,11.6,2.4,1.7,1.9,2.0,4.1,15.2,2020
132,Spencer Dinwiddie,PG,26,BRK,64,49,1994,7.7,18.4,.415,2.2,7.2,.308,5.4,11.2,.485,6.3,8.1,.778,0.6,3.4,4.0,7.8,0.7,0.4,3.1,3.2,23.8,2020
133,Donte DiVincenzo,SG,23,MIL,66,24,1520,5.5,12.1,.455,2.0,5.9,.336,3.5,6.2,.567,1.5,2.0,.733,1.6,6.0,7.5,3.6,2.0,0.5,2.1,2.7,14.4,2020
134,Luka Dončić,PG,20,DAL,61,61,2047,10.2,22.1,.463,3.0,9.5,.316,7.2,12.6,.574,7.5,9.9,.758,1.4,8.7,10.1,9.5,1.1,0.2,4.6,2.7,30.9,2020
136,Damyean Dotson,SG,25,NYK,48,0,836,5.2,12.5,.414,2.5,7.0,.362,2.6,5.5,.480,0.9,1.4,.667,0.4,3.5,3.9,2.5,1.0,0.2,0.9,1.9,13.8,2020
139,Goran Dragić,PG,33,MIA,59,3,1663,6.9,15.7,.441,2.7,7.3,.367,4.2,8.4,.505,4.1,5.3,.776,0.6,3.4,4.0,6.5,0.9,0.2,3.1,2.7,20.6,2020
140,Andre Drummond,C,26,TOT,57,56,1879,8.0,15.0,.533,0.1,0.7,.143,7.9,14.4,.551,3.2,5.6,.575,4.8,11.8,16.6,2.9,2.1,1.8,3.9,3.9,19.4,2020
141,Jared Dudley,PF,34,LAL,45,1,364,2.4,5.9,.400,1.8,4.2,.429,0.6,1.8,.333,0.2,0.2,1.000,0.6,4.5,5.1,2.8,1.5,0.3,0.8,4.1,6.7,2020
142,Kris Dunn,PG,25,CHI,51,32,1269,4.3,9.7,.444,0.8,3.2,.259,3.5,6.5,.535,1.1,1.5,.741,0.7,4.6,5.3,4.9,2.9,0.5,1.9,4.5,10.6,2020
146,Joel Embiid,C,25,PHI,51,51,1506,9.1,19.1,.477,1.4,4.1,.331,7.8,15.0,.517,8.4,10.4,.807,3.4,10.8,14.2,3.6,1.1,1.6,3.8,4.2,28.0,2020
147,James Ennis III,SF-SG,29,TOT,69,18,1265,4.6,10.2,.446,1.6,4.8,.325,3.0,5.4,.553,2.2,2.8,.806,2.0,5.0,7.0,1.8,1.0,0.6,1.7,3.9,12.9,2020
152,Derrick Favors,C,28,NOP,51,49,1243,6.1,9.8,.617,0.0,0.2,.143,6.0,9.6,.627,1.2,2.1,.563,4.7,9.8,14.5,2.3,0.9,1.3,1.6,3.1,13.3,2020
154,Terrance Ferguson,SF,21,OKC,56,38,1257,2.2,6.3,.355,1.4,4.8,.292,0.8,1.5,.558,0.4,0.6,.750,0.7,1.5,2.1,1.5,0.8,0.5,0.9,4.4,6.3,2020
155,Bruno Fernando,C,21,ATL,56,13,713,5.2,10.0,.518,0.3,1.9,.135,4.9,8.2,.605,1.5,2.6,.569,3.4,6.6,10.0,2.5,0.9,0.9,2.1,5.4,12.1,2020
156,Yogi Ferrell,PG,26,SAC,50,0,530,5.4,12.8,.420,1.6,5.4,.304,3.7,7.4,.505,2.4,2.9,.857,0.4,2.9,3.3,4.7,1.2,0.3,1.9,2.6,14.8,2020
157,Dorian Finney-Smith,PF,26,DAL,71,68,2120,4.1,8.9,.466,1.9,5.1,.376,2.2,3.7,.589,1.3,1.8,.722,2.5,4.4,6.9,1.9,0.8,0.7,1.2,3.0,11.5,2020
158,Bryn Forbes,SG,26,SAS,63,62,1579,5.5,13.2,.417,3.4,8.7,.388,2.1,4.6,.470,1.7,2.1,.833,0.3,2.6,2.9,2.5,0.8,0.0,1.3,2.6,16.1,2020
159,Evan Fournier,SF,27,ORL,66,66,2076,7.5,16.1,.467,3.0,7.5,.399,4.5,8.6,.527,3.1,3.8,.818,0.3,2.7,3.0,3.6,1.2,0.3,2.2,2.8,21.2,2020
160,De'Aaron Fox,PG,22,SAC,51,49,1634,8.6,18.0,.480,1.2,4.1,.292,7.4,13.9,.535,5.3,7.5,.705,0.8,3.5,4.3,7.7,1.6,0.6,3.5,3.2,23.7,2020
164,Enes Freedom,C,27,BOS,58,7,983,7.3,12.7,.572,0.0,0.3,.143,7.3,12.5,.581,2.6,3.6,.707,6.0,9.8,15.8,2.1,0.8,1.5,2.1,3.7,17.2,2020
165,Markelle Fultz,PG,21,ORL,72,60,1996,6.5,13.9,.465,0.6,2.4,.267,5.8,11.5,.507,2.1,2.9,.730,0.7,3.6,4.3,6.7,1.6,0.2,2.7,2.6,15.7,2020
167,Daniel Gafford,C,21,CHI,43,7,609,5.6,7.9,.701,0.0,0.0,,5.6,7.9,.701,1.9,3.5,.533,3.1,3.2,6.3,1.2,0.8,3.3,1.7,5.8,13.0,2020
168,Danilo Gallinari,PF,31,OKC,62,62,1834,7.0,16.0,.438,3.5,8.6,.405,3.5,7.4,.476,5.2,5.8,.893,0.7,5.7,6.3,2.3,0.8,0.1,1.5,1.5,22.8,2020
169,Langston Galloway,SG,28,DET,66,6,1702,5.0,11.5,.435,2.8,7.0,.399,2.2,4.5,.493,1.5,1.8,.859,0.7,2.5,3.2,2.1,1.0,0.2,0.8,2.0,14.3,2020
170,Darius Garland,SG,20,CLE,59,59,1824,5.5,13.8,.401,2.1,5.8,.355,3.5,8.0,.434,1.2,1.4,.875,0.5,1.7,2.2,4.5,0.8,0.1,3.0,1.8,14.4,2020
171,Marc Gasol,C,35,TOR,44,43,1161,3.7,8.7,.427,1.8,4.6,.385,1.9,4.1,.473,1.1,1.5,.735,1.0,7.6,8.5,4.6,1.1,1.2,1.8,3.8,10.3,2020
172,Rudy Gay,PF,33,SAS,67,5,1461,6.6,14.7,.446,1.8,5.4,.336,4.7,9.3,.511,3.0,3.4,.882,1.5,7.4,8.9,2.8,0.9,0.8,2.2,2.5,17.9,2020
173,Paul George,SF,29,LAC,48,48,1419,8.7,19.8,.439,4.0,9.7,.412,4.7,10.2,.464,4.8,5.5,.876,0.6,6.3,6.9,4.7,1.7,0.5,3.2,2.9,26.2,2020
174,Taj Gibson,C,34,NYK,62,56,1025,5.9,10.0,.584,0.1,0.5,.286,5.7,9.6,.599,1.4,2.0,.732,3.9,5.5,9.4,1.8,0.9,1.1,1.7,4.3,13.3,2020
175,Harry Giles,C,21,SAC,46,17,667,7.5,13.5,.554,0.0,0.1,.000,7.5,13.4,.558,2.1,2.6,.776,2.3,7.8,10.1,3.2,1.2,1.0,2.4,6.4,17.1,2020
176,Shai Gilgeous-Alexander,SG,21,OKC,70,70,2428,7.1,15.0,.471,1.3,3.7,.347,5.8,11.3,.512,4.3,5.3,.807,0.7,5.4,6.1,3.4,1.2,0.7,2.0,1.7,19.7,2020
177,Rudy Gobert,C,27,UTA,68,68,2333,6.0,8.6,.693,0.0,0.0,,6.0,8.6,.693,3.9,6.2,.630,3.5,10.6,14.1,1.6,0.8,2.1,2.0,3.3,15.8,2020
179,Aaron Gordon,PF,24,ORL,62,62,2017,6.0,13.7,.437,1.3,4.2,.308,4.7,9.5,.494,2.7,4.0,.674,1.9,6.6,8.5,4.1,0.9,0.7,1.8,2.2,16.0,2020
181,Devonte' Graham,PG,24,CHO,63,53,2211,6.0,15.7,.382,3.5,9.5,.373,2.4,6.2,.397,3.1,3.8,.820,0.7,2.8,3.5,7.7,1.0,0.2,2.9,1.9,18.6,2020
182,Treveon Graham,SF,26,TOT,55,20,929,3.4,9.4,.360,1.3,4.7,.275,2.1,4.7,.443,1.4,2.2,.643,2.0,3.8,5.8,1.7,0.9,0.2,1.1,4.0,9.4,2020
183,Jerami Grant,PF,25,DEN,71,24,1892,5.8,12.1,.478,1.9,4.8,.389,3.9,7.3,.537,2.8,3.7,.750,1.1,3.6,4.7,1.7,1.0,1.1,1.2,2.9,16.2,2020
186,Danny Green,SG,32,LAL,68,68,1687,4.2,10.1,.416,2.6,7.0,.367,1.6,3.1,.524,0.7,1.0,.688,1.1,3.7,4.8,1.9,1.8,0.7,1.3,2.9,11.7,2020
187,Draymond Green,PF,29,GSW,43,43,1222,3.6,9.3,.389,1.1,3.8,.279,2.6,5.5,.465,1.9,2.4,.759,0.7,7.2,7.8,7.8,1.7,1.0,2.9,3.2,10.2,2020
188,JaMychal Green,PF,29,LAC,63,1,1307,4.2,9.7,.429,2.5,6.6,.387,1.6,3.1,.518,1.0,1.3,.750,2.1,8.6,10.7,1.3,0.8,0.7,1.5,4.8,11.8,2020
189,Javonte Green,SG,26,BOS,48,2,468,4.8,9.7,.500,0.7,2.5,.273,4.2,7.2,.581,2.2,3.2,.667,1.8,5.3,7.2,2.0,1.8,0.6,1.8,3.3,12.5,2020
190,Jeff Green,PF-C,33,TOT,48,4,960,6.0,12.9,.462,2.3,6.9,.339,3.6,6.0,.602,2.7,3.4,.802,0.9,4.1,5.0,1.9,1.0,0.7,1.6,3.3,17.0,2020
192,Marko Guduric,SG,24,MEM,44,0,484,4.6,11.7,.395,1.9,6.2,.301,2.8,5.5,.500,1.8,1.9,.923,1.0,4.4,5.4,3.3,0.9,0.6,2.7,2.5,12.9,2020
194,Rui Hachimura,PF,21,WAS,48,48,1444,6.3,13.6,.466,0.6,2.2,.287,5.7,11.4,.500,2.9,3.5,.829,1.9,5.4,7.3,2.2,0.9,0.2,1.3,2.6,16.2,2020
198,Tim Hardaway Jr.,SG,27,DAL,71,58,2091,6.6,15.2,.434,3.5,8.8,.398,3.1,6.4,.485,2.6,3.1,.819,0.4,3.6,4.0,2.4,0.7,0.1,1.2,2.2,19.3,2020
199,James Harden,SG,30,HOU,68,68,2483,9.7,22.0,.444,4.3,12.2,.355,5.4,9.7,.556,10.0,11.6,.865,1.0,5.5,6.5,7.4,1.8,0.9,4.5,3.3,33.9,2020
200,Maurice Harkless,PF-SF,26,TOT,62,48,1427,3.6,7.1,.502,0.9,2.5,.347,2.7,4.7,.584,1.0,1.7,.591,1.4,4.7,6.1,1.7,1.5,0.8,1.3,3.7,9.0,2020
202,Montrezl Harrell,C,26,LAC,63,2,1749,9.7,16.7,.580,0.0,0.4,.000,9.7,16.3,.593,4.8,7.2,.658,3.4,5.8,9.2,2.2,0.8,1.5,2.2,3.0,24.1,2020
203,Gary Harris,SG,25,DEN,56,55,1780,4.4,10.5,.420,1.4,4.2,.333,3.0,6.2,.479,1.5,1.9,.815,0.5,2.8,3.3,2.4,1.5,0.3,1.2,2.3,11.8,2020
204,Joe Harris,SF,28,BRK,69,69,2123,6.5,13.3,.486,2.9,6.9,.424,3.5,6.4,.553,1.1,1.5,.719,1.1,4.0,5.1,2.4,0.7,0.3,1.8,2.7,16.9,2020
205,Tobias Harris,PF,27,PHI,72,72,2469,8.1,17.1,.471,1.9,5.2,.367,6.2,11.9,.517,2.5,3.1,.806,1.0,6.2,7.2,3.3,0.8,0.6,1.5,2.4,20.6,2020
206,Shaquille Harrison,SG,26,CHI,43,10,484,5.7,12.3,.467,1.2,3.1,.381,4.5,9.1,.496,2.9,3.7,.780,1.6,4.8,6.4,3.6,2.5,1.4,1.4,4.1,15.5,2020
207,Josh Hart,SF,24,NOP,65,16,1755,4.6,10.9,.423,2.5,7.3,.342,2.1,3.7,.584,1.7,2.4,.739,1.3,7.5,8.7,2.2,1.3,0.5,1.5,3.3,13.5,2020
210,Jaxson Hayes,C,19,NOP,64,14,1080,5.8,8.6,.672,0.0,0.1,.250,5.8,8.5,.678,4.1,6.3,.647,3.2,5.4,8.6,1.9,0.9,1.8,1.8,5.4,15.7,2020
211,Gordon Hayward,SF,29,BOS,52,52,1740,7.2,14.5,.500,1.8,4.6,.383,5.5,9.9,.554,2.6,3.0,.855,1.1,6.1,7.2,4.4,0.8,0.5,2.0,2.0,18.8,2020
214,Juancho Hernangómez,PF,24,TOT,48,14,833,4.3,10.7,.405,1.9,5.6,.341,2.4,5.1,.475,1.9,3.1,.620,1.9,6.7,8.5,1.7,0.8,0.4,1.4,2.8,12.4,2020
216,Tyler Herro,SG,20,MIA,55,8,1508,6.4,15.1,.428,2.8,7.1,.389,3.7,7.9,.462,2.1,2.4,.870,0.4,5.0,5.3,2.9,0.8,0.2,2.1,1.8,17.7,2020
218,Mario Hezonja,PF,24,POR,53,4,871,3.8,9.0,.422,1.0,3.2,.308,2.8,5.8,.486,2.0,2.4,.814,1.2,6.4,7.6,2.1,1.5,0.4,1.7,4.4,10.6,2020
219,Buddy Hield,SG,27,SAC,72,44,2216,8.1,18.9,.429,4.4,11.2,.394,3.7,7.7,.479,1.9,2.2,.846,0.9,4.4,5.3,3.5,1.1,0.3,2.7,2.7,22.5,2020
220,George Hill,PG,33,MIL,59,2,1271,5.5,10.6,.516,2.3,5.0,.460,3.2,5.7,.565,2.4,2.9,.842,1.4,3.6,5.0,5.1,1.3,0.1,1.6,2.4,15.7,2020
221,Solomon Hill,PF,28,TOT,59,4,1088,3.6,9.2,.396,2.1,5.7,.368,1.6,3.5,.439,1.3,1.8,.741,1.0,4.5,5.5,3.4,1.4,0.4,1.7,2.8,10.7,2020
223,Aaron Holiday,PG,23,IND,66,33,1617,5.2,12.5,.414,1.9,4.9,.394,3.3,7.6,.427,1.6,1.9,.851,0.5,3.0,3.5,5.0,1.2,0.4,2.0,2.7,14.0,2020
224,Jrue Holiday,SG,29,NOP,61,61,2117,7.8,17.1,.455,2.1,5.9,.353,5.7,11.2,.509,2.2,3.1,.709,1.3,3.7,5.0,6.9,1.7,0.8,3.1,2.5,19.8,2020
225,Justin Holiday,SF,30,IND,73,6,1826,4.1,9.6,.428,2.6,6.5,.405,1.5,3.1,.477,1.0,1.3,.791,0.6,4.1,4.7,1.8,1.7,0.9,0.9,2.7,11.9,2020
226,Rondae Hollis-Jefferson,PF,25,TOR,60,6,1122,5.0,10.6,.471,0.1,0.7,.130,4.9,9.8,.497,3.4,4.6,.734,3.5,5.6,9.1,3.4,1.5,0.7,1.9,3.7,13.4,2020
227,Richaun Holmes,C,26,SAC,44,38,1242,6.5,10.0,.648,0.0,0.0,,6.5,10.0,.648,2.7,3.4,.788,3.7,6.7,10.4,1.2,1.2,1.6,1.5,4.9,15.6,2020
229,Al Horford,C,33,PHI,67,61,2025,5.7,12.6,.450,1.8,5.0,.350,3.9,7.6,.516,1.1,1.4,.763,1.8,6.3,8.1,4.8,0.9,1.1,1.4,2.5,14.2,2020
231,Danuel House Jr.,SF,26,HOU,63,52,1913,4.3,10.1,.427,2.4,6.7,.363,1.9,3.5,.549,1.4,1.7,.811,1.1,4.0,5.0,1.6,1.3,0.6,1.0,2.5,12.5,2020
232,Dwight Howard,C,34,LAL,69,2,1306,5.6,7.6,.729,0.1,0.1,.600,5.5,7.5,.732,3.0,5.9,.514,4.7,9.2,14.0,1.2,0.9,2.2,2.3,6.1,14.3,2020
234,Kevin Huerter,SG,21,ATL,56,48,1760,5.2,12.5,.413,2.6,6.8,.380,2.6,5.6,.453,1.1,1.3,.828,0.7,3.9,4.7,4.4,1.0,0.6,1.8,2.8,14.0,2020
235,De'Andre Hunter,SF,22,ATL,63,62,2018,5.0,12.2,.410,1.9,5.4,.355,3.1,6.8,.454,2.0,2.6,.764,0.8,4.3,5.1,2.0,0.8,0.3,1.8,3.2,13.9,2020
237,Serge Ibaka,C,30,TOR,55,27,1485,8.3,16.2,.512,1.7,4.4,.385,6.6,11.8,.559,2.2,3.0,.718,2.8,8.2,11.0,1.9,0.7,1.1,2.6,3.7,20.5,2020
239,Ersan İlyasova,PF,32,MIL,63,8,986,5.3,11.4,.466,1.8,5.0,.365,3.5,6.4,.545,2.6,3.2,.828,2.3,8.8,11.0,1.8,0.9,0.6,1.2,3.5,15.1,2020
240,Joe Ingles,PF,32,UTA,72,45,2137,4.1,9.3,.445,2.4,5.9,.399,1.8,3.4,.525,1.2,1.6,.787,0.5,4.2,4.7,6.3,1.1,0.2,2.4,2.6,11.9,2020
241,Brandon Ingram,PF,22,NOP,62,62,2104,8.7,18.8,.463,2.6,6.6,.391,6.1,12.2,.501,5.4,6.3,.851,0.9,5.6,6.5,4.4,1.0,0.7,3.2,3.1,25.3,2020
244,Wes Iwundu,SF,25,ORL,52,21,953,3.7,8.8,.416,1.1,3.1,.341,2.6,5.7,.457,2.9,3.7,.804,0.9,4.0,4.9,2.3,0.9,0.5,1.0,3.0,11.3,2020
245,Frank Jackson,PG,21,NOP,59,2,797,6.1,15.0,.405,2.1,6.5,.326,3.9,8.4,.465,2.5,3.4,.747,1.0,2.8,3.7,2.8,0.8,0.2,2.2,3.5,16.8,2020
246,Jaren Jackson Jr.,C,20,MEM,57,57,1622,7.8,16.7,.469,3.2,8.2,.394,4.6,8.5,.540,3.1,4.1,.747,1.2,4.6,5.8,1.7,0.9,2.0,2.2,5.1,22.0,2020
248,Justin Jackson,PF,24,DAL,65,3,1045,4.7,11.7,.396,1.7,5.6,.294,3.0,6.1,.489,1.4,1.7,.840,0.9,4.4,5.3,1.8,0.5,0.3,0.5,2.4,12.4,2020
251,LeBron James,PG,35,LAL,67,67,2316,10.0,20.3,.493,2.3,6.6,.348,7.7,13.6,.564,4.1,5.9,.693,1.0,7.1,8.2,10.6,1.2,0.6,4.1,1.8,26.4,2020
257,Cameron Johnson,PF,23,PHO,57,9,1255,5.0,11.6,.435,3.0,7.8,.390,2.0,3.8,.526,1.3,1.6,.807,1.4,4.0,5.4,2.0,1.0,0.6,0.9,2.5,14.5,2020
262,Nikola Jokić,C,24,DEN,73,73,2336,8.7,16.5,.528,1.2,3.9,.314,7.5,12.6,.594,3.8,4.6,.817,2.6,8.4,11.0,7.9,1.3,0.7,3.5,3.4,22.4,2020
263,Damian Jones,C,24,ATL,55,27,887,4.9,7.2,.680,0.1,0.4,.222,4.8,6.9,.704,2.5,3.4,.738,3.0,5.4,8.4,1.4,1.1,1.6,1.1,6.0,12.4,2020
264,Derrick Jones Jr.,SF,22,MIA,59,16,1375,4.8,9.1,.527,1.0,3.5,.280,3.8,5.7,.677,2.5,3.2,.772,1.7,4.4,6.1,1.6,1.5,1.0,0.8,3.4,13.1,2020
265,Tyus Jones,PG,23,MEM,65,6,1232,5.8,12.5,.459,1.4,3.6,.379,4.4,8.9,.492,1.3,1.7,.741,0.3,2.7,3.0,8.3,1.7,0.2,1.6,1.3,14.1,2020
266,DeAndre Jordan,C,31,BRK,56,6,1234,5.6,8.4,.666,0.0,0.0,,5.6,8.4,.666,2.4,3.6,.680,4.1,12.3,16.4,3.1,0.5,1.5,2.2,3.3,13.6,2020
267,Cory Joseph,PG,28,SAC,72,26,1759,3.5,8.4,.415,1.1,3.3,.352,2.4,5.2,.455,1.2,1.4,.857,0.9,2.9,3.8,5.1,1.1,0.4,1.6,2.7,9.4,2020
274,Maxi Kleber,PF,28,DAL,74,21,1890,4.5,9.8,.461,2.3,6.1,.373,2.2,3.7,.605,1.5,1.8,.849,2.1,5.3,7.4,1.7,0.5,1.6,1.1,3.4,12.8,2020
276,Kevin Knox,SF,20,NYK,65,4,1166,4.4,12.4,.359,2.0,6.1,.327,2.4,6.2,.391,2.0,3.1,.653,0.9,4.8,5.7,1.9,0.7,0.9,1.4,3.3,12.9,2020
278,Furkan Korkmaz,SG,22,PHI,72,12,1559,5.6,13.0,.430,3.3,8.2,.402,2.3,4.8,.478,1.8,2.4,.755,0.4,3.5,3.9,1.8,0.9,0.4,1.4,2.3,16.3,2020
280,Kyle Korver,SF,38,MIL,58,1,960,4.7,11.0,.430,3.7,8.9,.418,1.0,2.1,.482,1.3,1.5,.854,0.6,4.0,4.6,2.5,1.0,0.5,1.8,2.9,14.5,2020
281,Rodions Kurucs,PF,21,BRK,47,9,684,4.2,9.3,.446,1.7,4.7,.367,2.4,4.6,.529,1.3,2.0,.632,1.3,5.9,7.2,2.7,1.3,0.3,2.4,4.7,11.3,2020
282,Kyle Kuzma,PF,24,LAL,61,9,1526,6.9,15.8,.436,2.0,6.4,.316,4.8,9.3,.518,2.7,3.7,.735,1.2,5.2,6.4,1.9,0.7,0.6,2.1,3.0,18.4,2020
284,Jeremy Lamb,SG,27,IND,46,42,1291,6.0,13.4,.451,1.5,4.4,.335,4.5,9.0,.508,2.6,3.1,.836,0.7,4.9,5.6,2.7,1.5,0.6,1.4,2.9,16.1,2020
286,Zach LaVine,SF,24,CHI,60,60,2085,9.3,20.7,.450,3.2,8.4,.380,6.1,12.3,.497,4.6,5.8,.802,0.7,4.3,5.0,4.4,1.5,0.5,3.6,2.3,26.4,2020
292,Damion Lee,SG,27,GSW,49,36,1423,5.4,12.9,.417,2.2,6.0,.356,3.2,6.9,.471,2.8,3.2,.873,0.8,5.2,6.0,3.4,1.3,0.2,1.7,2.9,15.7,2020
293,Alex Len,C,26,TOT,55,12,970,6.6,11.8,.555,0.6,2.2,.271,6.0,9.6,.619,2.5,3.9,.648,3.7,8.2,11.9,1.9,0.9,1.8,2.0,4.7,16.3,2020
294,Kawhi Leonard,SF,28,LAC,57,57,1848,10.4,22.1,.470,2.4,6.3,.378,8.0,15.7,.506,6.9,7.8,.886,1.1,6.8,7.8,5.5,2.0,0.6,2.9,2.2,30.1,2020
295,Meyers Leonard,C,27,MIA,51,49,1034,4.1,8.1,.509,1.8,4.5,.414,2.3,3.7,.623,0.6,1.0,.643,1.0,8.0,9.1,1.9,0.5,0.5,1.4,3.7,10.8,2020
296,Caris LeVert,SG,25,BRK,45,31,1330,8.4,19.8,.425,2.2,6.0,.364,6.3,13.9,.451,3.8,5.3,.711,1.3,3.8,5.1,5.4,1.4,0.3,3.2,2.2,22.8,2020
297,Damian Lillard,PG,29,POR,66,66,2474,9.1,19.6,.463,3.9,9.8,.401,5.2,9.8,.524,6.7,7.5,.888,0.5,3.7,4.1,7.7,1.0,0.3,2.8,1.7,28.8,2020
298,Nassir Little,PF,19,POR,48,5,573,4.1,9.5,.430,0.9,3.7,.237,3.2,5.8,.554,1.8,2.8,.636,1.9,4.8,6.8,1.4,0.8,0.9,0.9,4.5,10.8,2020
300,Brook Lopez,C,31,MIL,68,67,1817,5.8,13.3,.435,2.0,6.4,.314,3.8,6.9,.549,2.5,3.0,.836,1.1,5.0,6.2,2.0,0.9,3.2,1.4,3.2,16.1,2020
301,Robin Lopez,C,31,MIL,66,5,958,5.5,11.2,.492,1.3,3.9,.333,4.2,7.3,.577,1.1,2.0,.528,2.1,3.9,6.1,1.7,0.4,1.7,2.4,3.6,13.4,2020
302,Kevin Love,PF,31,CLE,56,56,1780,6.6,14.7,.450,3.0,7.9,.374,3.7,6.8,.537,3.8,4.4,.854,1.1,10.0,11.1,3.6,0.7,0.4,2.8,1.8,20.0,2020
303,Kyle Lowry,PG,33,TOR,58,58,2098,5.7,13.8,.416,2.8,8.0,.352,2.9,5.8,.504,5.0,5.9,.857,0.5,4.5,5.0,7.4,1.4,0.4,3.1,3.3,19.3,2020
304,Timothé Luwawu-Cabarrot,SF,24,BRK,47,2,853,4.9,11.4,.435,2.6,6.8,.388,2.3,4.6,.505,2.9,3.4,.852,1.2,4.1,5.4,1.2,0.8,0.3,1.6,4.5,15.4,2020
305,Trey Lyles,PF,24,SAS,63,53,1271,4.3,9.7,.446,1.8,4.8,.387,2.5,5.0,.503,0.9,1.3,.733,2.0,8.2,10.2,2.0,0.8,0.8,1.1,2.8,11.4,2020
310,Thon Maker,C,22,DET,60,14,776,4.3,9.0,.482,1.0,3.0,.344,3.3,6.0,.550,3.4,5.1,.664,2.5,5.2,7.7,2.0,1.2,1.8,2.1,4.7,13.0,2020
312,Boban Marjanović,C,31,DAL,44,5,422,10.3,18.0,.573,0.3,1.5,.235,10.0,16.5,.603,3.7,4.9,.754,5.6,11.2,16.8,1.7,0.7,0.9,2.6,4.8,24.7,2020
313,Lauri Markkanen,PF,22,CHI,50,50,1492,6.1,14.3,.425,2.6,7.6,.344,3.4,6.6,.518,3.0,3.7,.824,1.4,6.1,7.6,1.8,1.0,0.6,2.0,2.3,17.8,2020
315,Cody Martin,SF,24,CHO,48,3,903,3.5,8.3,.430,0.7,3.1,.234,2.8,5.2,.546,1.7,2.6,.646,1.5,4.8,6.3,3.8,1.6,0.4,1.8,3.1,9.5,2020
320,Wesley Matthews,SG,33,MIL,67,67,1635,3.7,9.3,.396,2.4,6.5,.364,1.3,2.8,.472,1.1,1.5,.765,0.5,3.2,3.7,2.0,0.8,0.2,0.9,2.3,10.9,2020
323,CJ McCollum,SG,28,POR,70,70,2556,8.6,19.1,.451,2.7,7.2,.379,5.9,11.9,.494,2.0,2.6,.757,0.6,3.5,4.2,4.4,0.8,0.6,1.8,2.6,21.9,2020
324,T.J. McConnell,PG,27,IND,71,3,1326,5.8,11.2,.516,0.1,0.5,.294,5.6,10.7,.525,1.0,1.1,.833,1.0,4.1,5.1,9.6,1.5,0.3,2.7,2.0,12.6,2020
326,Doug McDermott,PF,28,IND,69,0,1372,7.0,14.4,.488,3.4,7.7,.435,3.6,6.6,.549,1.3,1.5,.828,0.7,3.9,4.6,2.0,0.3,0.1,1.1,3.1,18.6,2020
327,JaVale McGee,C,32,LAL,68,68,1130,6.2,9.7,.637,0.1,0.2,.500,6.1,9.6,.640,1.7,2.6,.646,4.0,8.4,12.4,1.2,1.1,3.0,1.8,5.1,14.2,2020
328,Rodney McGruder,SG,28,LAC,56,4,871,3.0,7.5,.398,1.0,3.7,.270,2.0,3.8,.522,0.8,1.4,.559,1.2,5.0,6.2,1.5,1.1,0.3,1.0,3.1,7.7,2020
331,Ben McLemore,SF,26,HOU,71,23,1619,5.4,12.1,.444,4.0,10.1,.400,1.4,2.1,.656,1.1,1.5,.746,0.5,3.0,3.5,1.3,1.0,0.4,1.1,3.4,15.9,2020
333,Nicolò Melli,C,29,NOP,60,8,1042,4.7,11.2,.421,2.4,7.1,.335,2.3,4.0,.573,1.9,2.5,.740,1.3,4.9,6.2,2.8,1.2,0.8,1.6,4.3,13.6,2020
334,De'Anthony Melton,PG,21,MEM,60,8,1167,5.0,12.4,.401,1.2,4.3,.286,3.7,8.1,.464,2.9,3.7,.769,1.3,5.5,6.8,5.4,2.4,0.6,2.6,3.4,14.0,2020
336,Khris Middleton,SF,28,MIL,62,59,1853,9.2,18.4,.497,2.9,6.9,.415,6.3,11.5,.546,4.0,4.4,.916,0.9,6.6,7.4,5.1,1.0,0.1,2.7,2.8,25.2,2020
340,Patty Mills,PG,31,SAS,66,1,1485,6.3,14.5,.431,3.7,9.8,.382,2.5,4.7,.533,2.4,2.7,.866,0.5,2.1,2.6,2.9,1.3,0.1,1.3,2.5,18.6,2020
341,Paul Millsap,PF,34,DEN,51,48,1240,6.1,12.7,.482,1.6,3.6,.435,4.6,9.1,.500,3.3,4.1,.816,2.8,5.7,8.5,2.4,1.3,0.9,2.0,4.4,17.2,2020
343,Donovan Mitchell,SG,23,UTA,69,69,2364,9.2,20.4,.449,2.6,7.2,.366,6.5,13.2,.494,4.2,4.9,.863,0.8,3.8,4.6,4.5,1.1,0.2,2.8,2.6,25.2,2020
346,Malik Monk,SG,21,CHO,55,1,1169,6.5,15.0,.434,1.8,6.3,.284,4.7,8.7,.542,2.5,3.1,.820,0.8,4.0,4.8,3.5,0.8,0.5,2.4,2.3,17.4,2020
348,E'Twaun Moore,SG,30,NOP,56,6,1020,6.6,15.4,.426,2.2,5.9,.377,4.3,9.5,.456,1.1,1.6,.689,1.1,3.5,4.6,2.8,1.1,0.4,1.4,2.8,16.4,2020
349,Ja Morant,PG,20,MEM,67,67,2074,7.8,16.3,.477,1.0,3.1,.335,6.7,13.2,.511,4.1,5.3,.776,0.9,3.6,4.5,8.5,1.0,0.3,3.8,1.9,20.7,2020
351,Marcus Morris,SF-PF,30,TOT,62,62,1936,6.6,15.1,.438,2.6,6.5,.408,4.0,8.6,.461,3.4,4.1,.823,1.1,4.7,5.8,1.6,0.9,0.6,1.8,3.3,19.2,2020
352,Markieff Morris,PF,30,TOT,58,17,1187,6.2,13.9,.443,2.7,6.9,.386,3.5,7.0,.500,2.0,2.6,.776,1.2,5.4,6.6,2.3,0.9,0.5,2.3,4.0,17.0,2020
353,Monte Morris,PG,24,DEN,73,12,1636,5.7,12.5,.459,1.4,3.8,.378,4.3,8.7,.495,1.7,2.0,.843,0.5,2.5,3.0,5.6,1.2,0.4,1.2,1.6,14.5,2020
355,Emmanuel Mudiay,PG,23,UTA,54,2,850,6.4,13.8,.462,1.3,3.7,.345,5.1,10.2,.504,2.7,3.5,.759,0.8,4.6,5.3,4.9,1.0,0.4,3.2,3.0,16.7,2020
357,Dejounte Murray,PG,23,SAS,66,58,1687,6.3,13.6,.462,0.9,2.4,.369,5.4,11.2,.481,1.9,2.4,.798,1.5,6.7,8.2,5.8,2.4,0.4,2.7,3.1,15.4,2020
358,Jamal Murray,PG,22,DEN,59,59,1904,7.7,16.9,.456,2.1,6.1,.346,5.6,10.8,.519,3.1,3.5,.881,0.9,3.6,4.5,5.4,1.3,0.3,2.4,1.9,20.6,2020
360,Mike Muscala,C,28,OKC,47,2,572,4.8,11.9,.407,3.4,9.0,.378,1.4,2.9,.500,1.1,1.4,.818,1.0,5.8,6.8,2.5,0.6,0.8,1.1,3.7,14.2,2020
361,Svi Mykhailiuk,SF,22,DET,56,27,1265,4.7,11.5,.410,3.3,8.1,.404,1.5,3.4,.425,1.6,2.0,.814,0.5,2.5,3.0,3.0,1.2,0.1,1.7,2.5,14.3,2020
362,Abdel Nader,SF,26,OKC,55,6,867,5.1,10.9,.468,2.0,5.3,.375,3.1,5.6,.556,2.1,2.7,.773,0.6,3.6,4.2,1.6,1.0,0.8,1.8,3.2,14.3,2020
363,Larry Nance Jr.,PF,27,CLE,56,10,1472,5.6,10.5,.531,1.4,3.9,.352,4.2,6.7,.636,1.2,1.8,.676,2.6,7.4,10.0,3.0,1.4,0.5,1.5,2.2,13.8,2020
364,Shabazz Napier,PG,28,TOT,56,32,1344,5.0,12.2,.412,2.0,6.4,.317,3.0,5.8,.519,3.4,4.1,.824,0.7,3.5,4.2,7.0,1.8,0.3,3.4,2.7,15.5,2020
365,Raul Neto,PG,27,PHI,54,3,668,5.4,12.0,.455,1.8,4.7,.386,3.6,7.2,.500,2.1,2.5,.830,0.6,2.7,3.3,5.1,1.3,0.3,2.5,2.7,14.8,2020
367,Georges Niang,PF,26,UTA,66,1,923,5.5,12.6,.438,3.5,8.8,.400,2.0,3.8,.526,0.8,0.9,.833,0.6,4.4,5.0,1.7,0.7,0.2,1.2,2.9,15.3,2020
369,Nerlens Noel,C,25,OKC,61,7,1127,5.9,8.6,.684,0.0,0.1,.333,5.8,8.5,.688,2.6,3.4,.755,2.9,6.7,9.6,1.8,1.9,2.9,2.1,5.3,14.3,2020
372,Frank Ntilikina,PG,21,NYK,57,26,1187,4.0,10.1,.393,1.3,4.2,.321,2.6,5.9,.444,1.5,1.8,.864,0.7,3.0,3.7,5.2,1.6,0.5,2.2,4.3,10.8,2020
373,Kendrick Nunn,PG,24,MIA,67,67,1962,7.4,16.8,.439,2.5,7.2,.350,4.8,9.6,.505,1.6,1.8,.850,0.4,2.9,3.3,4.0,1.0,0.3,2.1,2.8,18.8,2020
376,Royce O'Neale,SF,26,UTA,71,62,2049,2.8,6.4,.433,1.6,4.3,.377,1.2,2.1,.545,0.7,1.0,.764,0.5,6.4,6.8,3.2,1.0,0.6,1.1,3.5,7.9,2020
378,Semi Ojeleye,PF,25,BOS,69,6,1011,2.8,7.0,.408,1.7,4.5,.378,1.1,2.5,.464,1.0,1.1,.875,0.9,4.2,5.2,1.3,0.7,0.2,0.7,2.8,8.4,2020
380,Elie Okobo,PG,22,PHO,55,3,719,3.6,9.1,.398,1.3,3.6,.352,2.4,5.5,.427,2.5,3.6,.704,0.8,3.7,4.5,5.8,1.2,0.2,1.9,2.7,11.0,2020
381,Josh Okogie,SG,21,MIN,62,28,1547,4.0,9.3,.427,1.0,3.6,.266,3.0,5.7,.529,3.5,4.4,.796,2.0,4.2,6.2,2.3,1.6,0.6,2.0,3.2,12.4,2020
384,Kelly Olynyk,C,28,MIA,67,9,1300,5.1,11.0,.462,2.6,6.5,.406,2.5,4.5,.543,2.4,2.8,.860,1.2,7.2,8.4,3.2,1.2,0.6,2.0,4.8,15.2,2020
386,Cedi Osman,SF,24,CLE,65,65,1910,5.0,11.5,.437,2.3,6.1,.383,2.7,5.4,.497,1.2,1.8,.670,0.7,3.6,4.4,2.9,1.0,0.3,1.7,3.0,13.5,2020
387,Kelly Oubre Jr.,SF,24,PHO,56,55,1933,6.9,15.4,.452,2.0,5.7,.352,4.9,9.7,.511,3.6,4.6,.780,1.2,5.5,6.7,1.6,1.3,0.7,1.5,3.6,19.5,2020
392,Eric Paschall,PF,23,GSW,60,26,1654,6.9,13.9,.497,0.8,2.8,.287,6.1,11.1,.550,3.6,4.6,.774,1.8,4.2,6.0,2.8,0.7,0.3,2.0,2.7,18.2,2020
394,Patrick Patterson,PF,30,LAC,59,18,776,4.4,10.8,.408,3.1,8.0,.390,1.3,2.8,.459,1.6,2.0,.814,1.6,5.4,7.0,1.9,0.3,0.1,1.0,2.5,13.5,2020
396,Chris Paul,PG,34,OKC,70,70,2208,7.1,14.5,.489,1.8,5.0,.365,5.3,9.5,.554,4.1,4.5,.907,0.4,5.3,5.7,7.7,1.8,0.2,2.6,2.6,20.1,2020
398,Elfrid Payton,PG,25,NYK,45,36,1246,5.6,12.7,.439,0.4,2.0,.203,5.2,10.7,.482,1.4,2.5,.570,1.5,4.6,6.1,9.3,2.0,0.5,2.8,2.6,13.0,2020
402,Mason Plumlee,C,29,DEN,61,1,1057,6.0,9.8,.615,0.0,0.2,.000,6.0,9.6,.625,2.8,5.3,.535,3.3,7.5,10.8,5.2,1.1,1.3,2.8,4.9,14.9,2020
403,Jakob Poeltl,C,24,SAS,66,18,1171,5.1,8.2,.624,0.0,0.0,,5.1,8.2,.624,1.2,2.6,.465,4.0,7.5,11.5,3.6,1.1,2.9,1.7,3.9,11.4,2020
406,Jordan Poole,SG,20,GSW,57,14,1274,4.7,14.2,.333,2.1,7.5,.279,2.6,6.7,.392,2.7,3.4,.798,0.3,3.1,3.3,3.8,1.0,0.3,2.1,2.7,14.2,2020
407,Kevin Porter Jr.,SF,19,CLE,50,3,1162,5.8,13.0,.442,1.6,4.9,.335,4.1,8.1,.506,2.3,3.1,.723,0.7,4.3,5.0,3.4,1.4,0.4,2.9,4.2,15.4,2020
408,Michael Porter Jr.,SF,21,DEN,55,8,903,7.8,15.3,.509,2.5,5.9,.422,5.3,9.4,.564,2.4,2.9,.833,2.6,7.7,10.3,1.8,1.1,1.0,2.0,4.0,20.4,2020
410,Bobby Portis,PF,24,NYK,66,5,1393,6.8,15.2,.450,1.7,4.8,.358,5.1,10.4,.493,1.8,2.4,.763,2.1,6.7,8.7,2.5,0.8,0.5,1.9,2.8,17.3,2020
411,Kristaps Porziņģis,C,24,DAL,57,57,1814,7.9,18.5,.427,2.8,8.0,.352,5.1,10.5,.484,4.5,5.6,.799,2.0,8.7,10.7,2.0,0.8,2.3,1.8,3.7,23.1,2020
413,Norman Powell,SG,26,TOR,52,26,1479,7.2,14.6,.495,2.7,6.6,.399,4.6,7.9,.575,3.1,3.7,.843,0.6,4.0,4.6,2.2,1.5,0.5,1.9,2.6,20.2,2020
414,Taurean Prince,PF,25,BRK,64,61,1857,5.4,14.3,.376,2.8,8.4,.339,2.6,6.0,.429,1.4,1.7,.798,1.0,6.4,7.4,2.2,1.1,0.5,2.5,3.1,15.0,2020
416,Julius Randle,PF,25,NYK,64,64,2080,8.0,17.4,.460,1.1,4.0,.277,6.9,13.4,.515,4.5,6.1,.733,2.6,8.2,10.8,3.4,0.9,0.4,3.3,3.1,21.6,2020
418,Cam Reddish,SF,20,ATL,58,34,1551,4.9,12.9,.384,1.9,5.8,.332,3.0,7.1,.428,2.3,2.9,.802,0.8,4.2,5.0,2.0,1.4,0.6,2.2,3.1,14.2,2020
419,J.J. Redick,SG,35,NOP,60,36,1581,6.5,14.4,.453,4.1,9.0,.453,2.4,5.3,.453,3.8,4.2,.892,0.2,3.2,3.4,2.7,0.5,0.2,1.7,2.2,20.9,2020
421,Josh Richardson,SG,26,PHI,55,53,1693,5.9,13.7,.430,1.8,5.3,.341,4.1,8.4,.486,2.4,3.0,.809,0.9,2.8,3.7,3.4,1.1,0.8,2.2,2.9,16.1,2020
422,Austin Rivers,SG,27,HOU,68,4,1594,4.8,11.3,.421,2.2,6.1,.356,2.6,5.2,.498,1.8,2.5,.703,0.6,3.3,4.0,2.6,1.1,0.2,1.1,2.9,13.5,2020
424,Duncan Robinson,SG,25,MIA,73,68,2166,5.4,11.4,.470,4.5,10.1,.446,0.9,1.3,.654,1.1,1.2,.931,0.2,3.7,3.9,1.7,0.6,0.3,1.2,3.2,16.3,2020
425,Glenn Robinson III,SF,26,TOT,62,52,1786,5.8,11.9,.486,1.6,4.0,.391,4.3,8.0,.534,1.5,1.7,.860,1.6,3.8,5.4,1.9,1.1,0.3,1.1,2.0,14.7,2020
426,Jerome Robinson,SG,22,TOT,63,6,979,4.2,11.4,.371,1.8,5.6,.320,2.4,5.8,.420,1.5,2.1,.702,0.5,4.3,4.7,3.2,1.0,0.6,1.8,4.1,11.7,2020
428,Mitchell Robinson,C,21,NYK,61,7,1412,6.5,8.7,.742,0.0,0.0,,6.5,8.7,.742,2.1,3.8,.568,4.7,6.2,10.9,0.9,1.3,3.0,0.9,4.9,15.0,2020
430,Rajon Rondo,PG,33,LAL,48,3,984,5.0,12.0,.418,1.5,4.6,.328,3.5,7.4,.473,1.0,1.5,.659,0.8,4.4,5.2,8.8,1.5,0.1,3.3,2.1,12.5,2020
431,Derrick Rose,PG,31,DET,50,15,1298,10.2,20.9,.490,1.2,4.1,.306,9.0,16.8,.535,3.4,3.9,.871,0.7,2.6,3.4,7.7,1.1,0.4,3.5,1.4,25.1,2020
432,Terrence Ross,SG,28,ORL,69,0,1889,6.5,16.1,.403,3.4,9.6,.351,3.1,6.5,.480,3.0,3.5,.853,0.2,4.0,4.2,1.6,1.5,0.5,1.3,2.1,19.4,2020
433,Terry Rozier,PG,25,CHO,63,63,2164,6.6,15.7,.423,2.9,7.0,.407,3.8,8.6,.436,2.8,3.2,.874,0.8,3.8,4.6,4.3,1.0,0.2,2.3,2.1,18.9,2020
434,Ricky Rubio,PG,29,PHO,65,65,2016,5.1,12.4,.415,1.4,3.9,.361,3.7,8.5,.439,3.5,4.0,.863,0.8,4.6,5.4,10.2,1.7,0.2,3.1,3.0,15.1,2020
435,D'Angelo Russell,PG,23,TOT,45,45,1452,8.9,21.0,.426,3.9,10.7,.367,5.0,10.3,.487,4.0,4.9,.809,0.4,4.0,4.4,7.1,1.2,0.3,3.6,2.1,25.8,2020
436,Domantas Sabonis,PF,23,IND,62,62,2159,7.6,14.1,.540,0.3,1.1,.254,7.4,13.0,.565,3.6,4.9,.723,3.2,9.7,12.9,5.2,0.8,0.5,2.8,3.3,19.1,2020
439,Dario Šarić,PF,25,PHO,66,51,1632,5.6,11.9,.476,1.9,5.2,.357,3.8,6.7,.568,2.4,2.8,.844,2.2,6.8,9.0,2.7,0.8,0.4,1.9,3.4,15.5,2020
440,Tomáš Satoranský,SG,28,CHI,65,64,1878,4.5,10.6,.430,1.2,3.8,.322,3.3,6.7,.491,2.0,2.3,.876,1.5,3.4,4.9,6.8,1.5,0.1,2.5,2.6,12.3,2020
442,Dennis Schröder,PG,26,OKC,65,2,1999,8.2,17.4,.469,2.3,5.9,.385,5.9,11.5,.513,3.6,4.3,.839,0.3,3.9,4.3,4.7,0.8,0.3,3.0,2.6,22.1,2020
443,Mike Scott,PF,31,PHI,68,11,1207,4.4,10.4,.426,2.4,6.5,.369,2.1,4.0,.519,0.9,1.1,.811,1.9,5.5,7.4,1.7,0.6,0.1,0.8,2.9,12.2,2020
445,Collin Sexton,PG,21,CLE,65,65,2143,8.6,18.2,.472,1.6,4.3,.380,7.0,14.0,.501,3.8,4.5,.846,1.0,2.4,3.4,3.2,1.1,0.1,2.7,2.4,22.7,2020
446,Landry Shamet,SG,22,LAC,53,30,1452,3.9,9.7,.404,2.8,7.3,.375,1.2,2.4,.495,1.6,1.9,.855,0.1,2.3,2.5,2.5,0.5,0.2,1.0,3.5,12.2,2020
449,Pascal Siakam,PF,25,TOR,60,60,2110,8.5,18.8,.453,2.2,6.2,.359,6.3,12.6,.499,4.1,5.2,.792,1.1,6.4,7.5,3.5,1.0,0.9,2.5,2.9,23.4,2020
450,Chris Silva,PF,23,MIA,44,0,346,5.0,8.1,.615,0.0,0.3,.000,5.0,7.8,.640,3.8,5.7,.673,6.2,6.9,13.1,2.4,0.9,2.2,3.3,8.8,13.8,2020
451,Ben Simmons,PG,23,PHI,57,57,2017,6.7,11.5,.580,0.0,0.1,.286,6.7,11.4,.583,3.3,5.3,.621,2.0,5.9,7.9,8.1,2.1,0.6,3.6,3.3,16.7,2020
452,Anfernee Simons,SG,20,POR,70,4,1449,5.3,13.3,.399,1.9,5.6,.332,3.5,7.7,.448,1.9,2.3,.826,0.6,3.2,3.8,2.4,0.6,0.2,1.5,3.4,14.4,2020
454,Marcus Smart,SG,25,BOS,60,40,1919,4.8,12.8,.375,2.6,7.4,.347,2.2,5.4,.415,2.4,2.9,.836,0.8,3.4,4.2,5.5,1.9,0.5,1.9,3.0,14.6,2020
456,Ish Smith,PG,31,WAS,68,23,1787,6.2,13.9,.447,1.2,3.4,.367,5.0,10.5,.473,1.2,1.7,.721,0.6,3.8,4.4,6.7,1.2,0.6,1.9,2.1,14.9,2020
459,Tony Snell,SF,28,DET,59,57,1641,3.7,8.4,.445,2.2,5.6,.402,1.5,2.8,.531,0.7,0.7,1.000,0.2,2.2,2.4,2.8,0.7,0.3,0.7,2.2,10.4,2020
460,Omari Spellman,C,22,GSW,49,3,886,5.2,12.0,.431,1.7,4.5,.391,3.4,7.5,.454,3.0,3.7,.793,3.1,5.8,8.9,1.9,1.3,1.0,2.2,2.6,15.0,2020
464,Jayson Tatum,PF,21,BOS,66,66,2265,8.8,19.5,.450,3.0,7.5,.403,5.8,12.0,.480,4.0,5.0,.812,1.0,6.3,7.3,3.2,1.5,0.9,2.5,2.2,24.6,2020
465,Jeff Teague,PG,31,TOT,59,17,1464,5.2,12.0,.436,1.1,2.9,.368,4.2,9.1,.457,4.2,4.8,.873,0.7,2.8,3.5,7.6,1.1,0.5,2.9,2.6,15.8,2020
466,Garrett Temple,SG,33,BRK,62,35,1730,4.6,12.2,.378,2.6,8.0,.329,2.0,4.2,.473,1.5,1.8,.805,0.6,3.9,4.5,3.2,1.0,0.6,1.3,2.2,13.3,2020
467,Daniel Theis,C,27,BOS,65,64,1566,5.5,9.8,.566,0.7,2.2,.333,4.8,7.6,.633,2.0,2.6,.763,3.2,6.6,9.8,2.6,0.9,1.9,1.2,5.0,13.8,2020
472,Tristan Thompson,PF,28,CLE,57,51,1721,6.0,11.8,.512,0.2,0.5,.391,5.8,11.3,.518,2.1,3.4,.615,4.7,7.3,12.1,2.5,0.7,1.0,2.2,2.6,14.3,2020
474,Matisse Thybulle,SG,22,PHI,65,14,1287,3.1,7.4,.423,1.6,4.4,.357,1.6,3.0,.519,0.7,1.1,.610,1.2,1.8,3.0,2.2,2.6,1.3,1.4,3.9,8.5,2020
475,Anthony Tolliver,PF,34,TOT,55,13,872,2.7,7.5,.357,2.0,6.0,.338,0.7,1.5,.432,0.9,1.2,.724,1.4,5.0,6.4,1.7,0.8,0.5,1.4,3.1,8.3,2020
478,Gary Trent Jr.,SF,21,POR,61,8,1332,5.3,11.9,.444,3.0,7.2,.418,2.3,4.7,.486,1.0,1.2,.822,0.7,2.0,2.7,1.6,1.3,0.4,0.6,2.4,14.6,2020
480,P.J. Tucker,PF,34,HOU,72,72,2467,2.6,6.2,.415,1.6,4.4,.358,1.0,1.9,.551,0.6,0.7,.813,1.6,5.3,6.9,1.7,1.1,0.5,1.1,3.3,7.3,2020
483,Myles Turner,C,23,IND,62,62,1826,5.3,11.6,.457,1.7,4.9,.344,3.6,6.6,.540,2.5,3.3,.751,1.7,6.3,8.0,1.4,0.9,2.6,1.7,3.3,14.8,2020
485,Jonas Valančiūnas,C,27,MEM,70,70,1845,8.4,14.4,.585,0.6,1.8,.352,7.8,12.6,.617,2.9,3.9,.740,4.2,11.2,15.4,2.6,0.6,1.5,2.5,3.6,20.4,2020
488,Fred VanVleet,SG,25,TOR,54,54,1928,6.0,14.4,.413,2.7,7.0,.390,3.2,7.5,.434,3.1,3.7,.848,0.3,3.5,3.8,6.7,1.9,0.3,2.3,2.5,17.8,2020
491,Nikola Vučević,C,29,ORL,62,62,1998,8.9,18.6,.477,1.8,5.2,.339,7.1,13.4,.531,2.4,3.0,.784,2.5,9.6,12.1,4.0,1.0,0.8,1.6,2.4,21.9,2020
493,Moritz Wagner,C,22,WAS,45,5,835,6.3,11.5,.545,1.1,3.4,.313,5.2,8.0,.645,3.4,4.1,.821,2.4,7.0,9.4,2.4,1.2,0.8,2.8,6.6,16.9,2020
495,Kemba Walker,PG,29,BOS,56,56,1742,7.8,18.4,.425,3.7,9.8,.381,4.1,8.6,.476,4.3,5.0,.864,0.7,3.7,4.5,5.5,1.0,0.6,2.4,1.9,23.7,2020
496,Lonnie Walker IV,SG,21,SAS,61,12,988,5.5,13.0,.426,1.5,3.7,.406,4.0,9.3,.434,1.6,2.2,.721,0.8,4.2,5.1,2.5,1.2,0.5,1.6,2.8,14.2,2020
499,Brad Wanamaker,PG,30,BOS,71,1,1369,4.3,9.5,.448,1.0,2.7,.363,3.3,6.8,.481,3.3,3.6,.926,0.6,3.2,3.8,4.7,1.6,0.4,2.0,3.5,12.8,2020
500,T.J. Warren,SF,26,IND,67,67,2202,8.7,16.3,.536,1.5,3.7,.403,7.2,12.6,.575,2.7,3.3,.819,1.1,3.5,4.6,1.6,1.3,0.6,1.4,3.1,21.7,2020
501,P.J. Washington,PF,21,CHO,58,57,1759,5.5,12.1,.455,1.8,4.7,.374,3.7,7.3,.507,1.8,2.8,.647,1.2,5.3,6.5,2.5,1.0,0.9,1.9,3.2,14.5,2020
506,Russell Westbrook,PG,31,HOU,57,57,2049,10.6,22.5,.472,1.0,3.7,.258,9.6,18.8,.514,5.1,6.7,.763,1.8,6.2,7.9,7.0,1.6,0.4,4.5,3.5,27.3,2020
507,Coby White,PG,19,CHI,65,1,1674,6.7,17.0,.394,2.9,8.1,.354,3.8,8.9,.430,2.2,2.8,.791,0.6,4.3,4.9,3.8,1.1,0.1,2.3,2.5,18.5,2020
508,Derrick White,SG,25,SAS,68,20,1677,5.4,11.8,.458,1.7,4.6,.366,3.7,7.2,.518,3.9,4.5,.853,0.8,4.0,4.8,5.2,0.9,1.3,1.9,3.3,16.4,2020
509,Hassan Whiteside,C,30,POR,67,61,2008,7.8,12.6,.621,0.1,0.1,.571,7.7,12.5,.622,2.9,4.3,.686,4.6,11.6,16.2,1.4,0.5,3.5,2.2,3.5,18.6,2020
510,Andrew Wiggins,SF,24,TOT,54,54,1858,8.5,18.9,.447,2.2,6.5,.332,6.3,12.5,.506,3.7,5.2,.709,1.3,4.0,5.3,3.8,0.9,1.0,2.6,2.5,22.8,2020
511,Grant Williams,PF,21,BOS,69,5,1043,3.0,7.3,.412,0.8,3.3,.250,2.2,4.0,.548,1.3,1.9,.722,2.0,4.1,6.1,2.3,1.0,1.2,1.7,5.6,8.2,2020
514,Lou Williams,PG,33,LAC,65,8,1864,7.6,18.1,.418,2.1,6.1,.352,5.4,12.0,.451,5.6,6.5,.861,0.6,3.3,3.9,7.0,0.8,0.2,3.5,1.5,22.9,2020
515,Marvin Williams,PF,33,TOT,58,1,1129,3.8,8.5,.446,1.8,5.0,.359,2.0,3.5,.568,1.6,1.8,.860,1.0,4.9,5.8,1.9,1.1,1.0,1.1,3.3,10.9,2020
521,Christian Wood,PF,24,DET,62,12,1325,7.8,13.8,.567,1.5,3.8,.386,6.4,10.0,.636,4.9,6.6,.744,2.8,7.8,10.6,1.6,0.9,1.5,2.3,2.7,22.0,2020
522,Delon Wright,PG,27,DAL,73,5,1570,4.4,9.4,.462,1.1,2.9,.370,3.3,6.5,.504,1.8,2.3,.770,1.6,4.8,6.4,5.6,1.9,0.5,1.7,2.1,11.6,2020
524,Thaddeus Young,PF,31,CHI,64,16,1591,6.1,13.6,.448,1.8,5.0,.356,4.3,8.6,.501,1.0,1.6,.583,2.1,5.0,7.1,2.6,2.1,0.5,2.3,3.0,14.9,2020
525,Trae Young,PG,21,ATL,60,60,2120,9.3,21.2,.437,3.5,9.6,.361,5.8,11.6,.501,8.2,9.5,.860,0.5,3.8,4.3,9.5,1.1,0.1,4.9,1.8,30.2,2020
526,Cody Zeller,C,27,CHO,58,39,1341,6.7,12.9,.524,0.5,2.0,.240,6.3,10.8,.577,3.3,4.8,.682,4.3,6.7,11.0,2.4,1.1,0.7,2.0,3.8,17.2,2020
529,Ivica Zubac,C,22,LAC,72,70,1326,6.4,10.5,.613,0.0,0.1,.000,6.4,10.4,.616,3.4,4.5,.747,5.3,9.4,14.7,2.2,0.4,1.8,1.7,4.6,16.2,2020
