Rk,Player,Pos,Age,Tm,G,GS,MP,FG,FGA,FG%,3P,3PA,3P%,2P,2PA,2P%,FT,FTA,FT%,ORB,DRB,TRB,AST,STL,BLK,TOV,PF,PTS,Year
1,Quincy Acy,SF,23,TOT,63,0,847,2.8,6.0,.468,0.2,0.6,.267,2.6,5.4,.492,1.5,2.3,.660,3.1,6.1,9.2,1.2,1.0,1.1,1.3,5.2,7.3,2014
2,Steven Adams,C,20,OKC,81,20,1197,2.8,5.6,.503,0.0,0.0,,2.8,5.6,.503,2.4,4.1,.581,4.3,5.7,10.0,1.3,1.2,1.7,2.1,6.1,8.0,2014
3,Jeff Adrien,PF,27,TOT,53,12,961,5.4,10.3,.520,0.0,0.0,,5.4,10.3,.520,2.8,4.5,.639,3.8,7.6,11.5,1.4,0.9,1.3,1.5,4.0,13.6,2014
4,Arron Afflalo,SG,28,ORL,73,73,2552,6.5,14.3,.459,1.8,4.2,.427,4.7,10.0,.473,3.9,4.7,.815,0.5,3.2,3.7,3.5,0.5,0.0,2.1,1.9,18.8,2014
5,Alexis Ajinça,C,25,NOP,56,30,951,5.1,9.4,.546,0.0,0.0,.000,5.1,9.4,.548,2.1,2.5,.836,3.6,6.9,10.5,1.5,0.9,1.7,2.4,7.1,12.4,2014
6,Cole Aldrich,C,25,NYK,46,2,330,3.6,6.7,.541,0.0,0.0,,3.6,6.7,.541,2.8,3.3,.867,4.0,10.0,14.1,1.5,0.9,3.3,2.0,4.4,10.0,2014
7,LaMarcus Aldridge,PF,28,POR,69,69,2498,9.4,20.5,.458,0.0,0.2,.200,9.4,20.3,.461,4.3,5.2,.822,2.4,8.6,11.0,2.6,0.9,1.0,1.8,2.1,23.1,2014
8,Lavoy Allen,PF,24,TOT,65,2,1072,4.5,10.1,.447,0.1,0.4,.154,4.4,9.6,.460,1.1,1.7,.660,4.0,6.4,10.4,2.4,0.8,1.1,1.5,4.2,10.2,2014
9,Ray Allen*,SG,38,MIA,73,9,1936,4.5,10.1,.442,2.2,5.7,.375,2.3,4.4,.530,2.0,2.2,.905,0.4,3.4,3.8,2.7,1.0,0.1,1.6,2.1,13.0,2014
10,Tony Allen,SG,32,MEM,55,28,1278,5.7,11.6,.494,0.3,1.3,.234,5.4,10.3,.527,2.1,3.4,.628,2.2,3.6,5.9,2.6,2.5,0.5,2.5,3.4,13.9,2014
11,Al-Farouq Aminu,SF,23,NOP,80,65,2045,4.1,8.7,.474,0.2,0.8,.271,3.9,7.9,.496,1.6,2.4,.664,2.3,6.5,8.7,2.0,1.4,0.7,1.5,2.6,10.1,2014
13,Chris Andersen,C,35,MIA,72,0,1396,4.6,7.1,.644,0.1,0.3,.250,4.5,6.8,.662,3.1,4.4,.710,3.3,6.4,9.8,0.5,0.8,2.5,1.4,4.2,12.3,2014
14,Alan Anderson,SF,31,BRK,78,26,1773,3.9,9.8,.400,1.7,5.0,.339,2.2,4.8,.464,1.9,2.4,.780,0.8,2.7,3.6,1.6,1.0,0.2,1.3,3.0,11.5,2014
15,James Anderson,SG,24,PHI,80,62,2309,4.8,11.2,.431,1.8,5.5,.328,3.0,5.7,.530,1.2,1.7,.726,0.9,3.8,4.7,2.3,1.2,0.4,1.7,2.4,12.6,2014
17,Giannis Antetokounmpo,SF,19,MIL,77,23,1897,3.3,7.9,.414,0.8,2.2,.347,2.5,5.7,.440,2.6,3.8,.683,1.5,5.0,6.4,2.8,1.1,1.2,2.3,3.3,10.0,2014
18,Carmelo Anthony,PF,29,NYK,77,77,2982,9.0,19.8,.452,2.0,5.0,.402,7.0,14.8,.469,5.5,6.5,.848,1.8,5.8,7.5,2.9,1.1,0.6,2.4,2.7,25.5,2014
20,Pero Antić,C,31,ATL,50,26,925,4.8,11.4,.418,2.2,6.7,.327,2.6,4.8,.545,1.9,2.6,.758,2.2,5.9,8.1,2.3,0.7,0.5,2.1,4.9,13.7,2014
21,Trevor Ariza,SF,28,WAS,77,77,2723,5.1,11.3,.456,2.4,5.8,.407,2.8,5.4,.509,2.0,2.6,.772,1.3,5.0,6.3,2.5,1.7,0.3,1.7,2.4,14.6,2014
23,Darrell Arthur,SF,25,DEN,68,1,1161,5.0,12.7,.395,0.7,2.0,.375,4.3,10.7,.399,1.6,1.9,.855,1.6,4.9,6.5,1.9,1.2,1.5,1.8,5.7,12.4,2014
24,Ömer Aşık,C,27,HOU,48,19,968,3.8,7.1,.532,0.0,0.0,,3.8,7.1,.532,2.9,4.7,.619,3.8,10.3,14.1,0.9,0.5,1.4,2.2,3.4,10.4,2014
25,D.J. Augustin,PG,26,TOT,71,9,1939,5.5,13.3,.415,2.5,6.2,.401,3.1,7.2,.427,3.7,4.2,.885,0.3,2.1,2.4,5.8,1.0,0.1,2.3,2.7,17.3,2014
27,Jeff Ayres,PF,26,SAS,73,10,952,3.8,6.6,.580,0.0,0.0,,3.8,6.6,.580,1.4,2.1,.691,3.4,6.4,9.8,2.3,0.5,0.9,2.4,5.5,9.1,2014
31,J.J. Barea,PG,29,MIN,79,1,1471,6.2,16.1,.387,1.8,5.7,.316,4.4,10.4,.426,1.9,2.4,.790,0.4,3.4,3.8,7.4,0.6,0.0,3.1,3.2,16.2,2014
32,Andrea Bargnani,C,28,NYK,42,39,1257,6.4,14.4,.442,0.9,3.1,.278,5.5,11.3,.487,2.4,2.9,.824,2.0,4.4,6.4,1.3,0.4,1.5,1.7,2.9,16.0,2014
33,Harrison Barnes,SF,21,GSW,78,24,2204,4.4,11.1,.399,1.1,3.1,.347,3.3,8.0,.419,2.1,3.0,.718,1.1,4.0,5.1,1.9,1.1,0.3,1.4,2.6,12.1,2014
34,Matt Barnes,SF,33,LAC,63,40,1735,4.8,10.9,.438,2.0,5.9,.343,2.8,5.1,.549,1.4,1.9,.733,1.2,4.8,6.1,2.6,1.2,0.6,1.8,3.8,13.0,2014
36,Brandon Bass,PF,28,BOS,82,73,2266,5.6,11.5,.486,0.0,0.1,.333,5.6,11.4,.487,3.3,3.8,.858,2.6,4.9,7.5,1.4,0.6,1.1,1.6,3.0,14.5,2014
37,Shane Battier,SF,35,MIA,73,56,1468,2.6,6.7,.382,1.8,5.1,.348,0.8,1.6,.492,0.4,0.6,.652,0.8,2.6,3.4,1.5,1.2,1.0,0.5,3.0,7.3,2014
38,Nicolas Batum,SF,25,POR,82,82,2956,4.6,10.0,.465,1.8,4.9,.361,2.9,5.1,.566,2.0,2.5,.803,1.4,6.0,7.4,5.1,0.9,0.7,2.5,1.9,13.0,2014
39,Jerryd Bayless,PG,25,TOT,72,19,1686,5.3,13.2,.402,1.6,4.5,.358,3.7,8.6,.425,2.0,2.5,.797,0.5,2.6,3.1,4.1,1.3,0.2,1.8,3.4,14.2,2014
40,Aron Baynes,C,27,SAS,53,4,491,5.2,12.0,.436,0.0,0.0,,5.2,12.0,.436,1.4,1.5,.905,4.2,6.5,10.6,2.5,0.1,0.4,2.6,5.6,11.8,2014
41,Kent Bazemore,SG,24,TOT,67,15,911,5.8,13.6,.429,1.7,5.1,.336,4.1,8.5,.484,2.6,4.3,.606,0.4,4.2,4.6,3.6,1.7,0.5,3.1,4.0,15.9,2014
42,Bradley Beal,SG,20,WAS,73,73,2530,6.8,16.3,.419,2.0,4.9,.402,4.9,11.5,.426,2.1,2.7,.788,0.8,3.1,3.9,3.5,1.0,0.3,1.8,2.2,17.8,2014
43,Michael Beasley,SF,25,MIA,55,2,831,7.7,15.4,.499,0.9,2.3,.389,6.8,13.0,.518,2.6,3.4,.772,1.3,6.1,7.5,1.8,1.0,0.9,2.5,4.0,18.9,2014
44,Marco Belinelli,SF,27,SAS,80,25,2016,6.0,12.4,.485,2.3,5.2,.430,3.8,7.2,.525,2.0,2.3,.847,0.3,3.7,4.0,3.2,0.9,0.1,1.7,2.3,16.3,2014
45,Anthony Bennett,PF,20,CLE,52,0,663,4.3,12.2,.356,0.7,2.9,.245,3.6,9.3,.390,2.4,3.7,.638,2.7,5.8,8.4,0.9,1.1,0.4,2.6,5.0,11.8,2014
46,Patrick Beverley,PG,25,HOU,56,55,1751,4.1,9.9,.414,1.9,5.2,.361,2.2,4.6,.473,1.7,2.1,.814,1.5,2.5,4.0,3.1,1.6,0.5,1.4,3.6,11.8,2014
49,Bismack Biyombo,C,21,CHA,77,9,1072,3.0,4.8,.611,0.0,0.0,,3.0,4.8,.611,1.5,3.0,.517,3.5,8.8,12.3,0.3,0.2,2.9,1.3,4.2,7.5,2014
50,DeJuan Blair,PF,24,DAL,78,13,1214,6.2,11.7,.534,0.0,0.1,.000,6.2,11.6,.537,2.3,3.6,.636,4.1,6.8,10.9,2.1,1.8,0.6,2.3,5.7,14.7,2014
51,Steve Blake,PG,33,TOT,55,28,1498,3.2,8.5,.377,1.9,5.0,.376,1.3,3.4,.378,0.8,1.0,.767,0.3,3.5,3.8,7.4,1.3,0.2,2.5,2.0,9.1,2014
52,Andray Blatche,PF,27,BRK,73,7,1618,7.1,15.0,.476,0.3,1.2,.278,6.8,13.8,.494,3.6,4.9,.742,2.7,6.0,8.7,2.5,1.7,0.8,2.4,3.7,18.3,2014
53,Eric Bledsoe,PG,24,PHO,43,40,1416,6.7,14.1,.477,1.3,3.6,.357,5.5,10.6,.517,4.7,6.0,.772,0.7,4.4,5.1,6.0,1.8,0.4,3.6,2.5,19.4,2014
56,Andrew Bogut,C,29,GSW,67,67,1769,4.8,7.6,.627,0.0,0.0,,4.8,7.6,.627,0.4,1.3,.344,3.7,10.0,13.7,2.3,1.0,2.5,2.0,4.3,10.0,2014
57,Matt Bonner,PF,33,SAS,61,0,690,3.8,8.6,.445,2.2,5.1,.429,1.6,3.4,.470,0.5,0.6,.750,0.8,5.9,6.8,1.6,0.8,0.6,0.8,2.6,10.3,2014
58,Trevor Booker,PF,26,WAS,72,45,1553,5.1,9.3,.551,0.0,0.0,.000,5.1,9.3,.554,1.1,1.8,.618,3.5,5.3,8.8,1.5,1.0,1.0,1.3,3.0,11.4,2014
59,Carlos Boozer,PF,32,CHI,76,76,2141,7.5,16.5,.456,0.0,0.0,.000,7.5,16.4,.457,2.5,3.2,.767,2.3,8.3,10.6,2.0,0.9,0.4,2.6,3.6,17.5,2014
60,Chris Bosh*,C,29,MIA,79,79,2531,7.0,13.6,.516,1.1,3.1,.339,5.9,10.5,.569,3.2,3.9,.820,1.4,6.0,7.4,1.2,1.1,1.1,1.8,2.7,18.2,2014
61,Avery Bradley,SG,23,BOS,60,58,1855,7.0,16.0,.438,1.5,3.9,.395,5.5,12.1,.451,1.7,2.2,.804,0.9,3.5,4.4,1.6,1.2,0.2,1.9,2.8,17.3,2014
62,Elton Brand,C,34,ATL,73,15,1414,4.6,8.5,.539,0.0,0.1,.000,4.6,8.4,.542,1.6,2.4,.649,2.5,6.7,9.2,1.9,1.0,2.2,1.5,4.9,10.7,2014
63,Corey Brewer,SF,27,MIN,81,81,2609,5.4,11.1,.481,0.8,2.9,.280,4.5,8.2,.552,2.2,3.1,.718,0.9,2.0,2.9,1.9,2.1,0.4,1.4,2.9,13.8,2014
65,Aaron Brooks,PG,29,TOT,72,12,1557,5.4,13.4,.401,2.2,5.7,.387,3.2,7.7,.411,1.9,2.2,.874,1.0,2.2,3.2,5.4,1.2,0.3,2.7,3.4,14.9,2014
71,Reggie Bullock,SF,22,LAC,43,0,395,3.9,11.0,.355,2.0,6.7,.301,1.9,4.4,.438,0.6,0.8,.778,1.0,3.9,4.9,1.1,0.8,0.1,1.2,2.4,10.5,2014
72,Trey Burke,PG,21,UTA,70,68,2262,5.4,14.3,.380,1.8,5.3,.330,3.7,8.9,.410,1.6,1.8,.903,0.6,2.7,3.3,6.3,0.7,0.1,2.1,2.3,14.2,2014
73,Alec Burks,SG,22,UTA,78,12,2193,6.2,13.6,.457,0.8,2.3,.350,5.4,11.3,.480,4.6,6.1,.748,1.0,3.3,4.2,3.5,1.1,0.2,2.4,3.1,17.9,2014
74,Caron Butler,SF,33,TOT,56,13,1419,5.4,13.7,.394,2.5,6.3,.394,2.9,7.4,.395,1.6,1.9,.840,0.5,5.3,5.8,2.1,1.2,0.4,1.5,3.0,14.9,2014
75,Jimmy Butler,SG,24,CHI,67,67,2591,3.8,9.6,.397,0.9,3.3,.283,2.9,6.3,.457,3.6,4.7,.769,1.2,3.4,4.6,2.4,1.8,0.5,1.4,1.5,12.2,2014
76,Rasual Butler,SG,34,IND,50,2,378,4.9,10.5,.464,2.5,5.9,.419,2.4,4.6,.521,0.8,1.3,.571,0.6,3.3,3.9,1.6,0.7,0.9,1.0,2.9,13.0,2014
79,Will Bynum,PG,31,DET,56,3,1054,6.3,14.7,.428,0.7,2.1,.323,5.6,12.6,.446,3.3,4.1,.802,0.8,2.6,3.4,7.4,1.3,0.2,3.5,4.1,16.6,2014
80,Nick Calathes,SG,24,MEM,71,7,1173,4.4,9.5,.457,0.6,1.9,.311,3.8,7.7,.492,1.4,2.2,.611,0.7,3.5,4.2,6.4,2.0,0.2,3.1,3.6,10.6,2014
81,José Calderón,PG,32,DAL,81,81,2468,5.0,10.9,.456,2.8,6.2,.449,2.2,4.7,.464,0.8,0.9,.825,0.4,2.4,2.8,5.5,1.0,0.2,1.5,2.0,13.5,2014
82,Kentavious Caldwell-Pope,SG,20,DET,80,41,1583,4.1,10.5,.396,1.3,4.2,.319,2.8,6.3,.447,1.1,1.4,.770,0.9,2.7,3.5,1.3,1.7,0.3,0.6,3.3,10.7,2014
84,DeMarre Carroll,SF,27,ATL,73,73,2341,4.6,9.9,.470,1.5,4.1,.362,3.2,5.8,.548,1.7,2.2,.773,1.6,4.6,6.2,2.1,1.7,0.3,1.2,2.9,12.5,2014
85,Vince Carter,SG,37,DAL,81,0,1973,6.0,14.8,.407,2.7,6.8,.394,3.4,8.0,.418,2.9,3.6,.821,1.2,4.0,5.2,3.9,1.1,0.6,2.0,3.8,17.6,2014
86,Michael Carter-Williams,PG,22,PHI,70,70,2414,6.4,15.7,.405,0.8,3.1,.264,5.5,12.6,.440,3.8,5.5,.703,1.5,5.0,6.5,6.6,1.9,0.6,3.7,3.2,17.4,2014
87,Omri Casspi,PF,25,HOU,71,2,1283,4.9,11.5,.422,1.7,4.9,.347,3.1,6.6,.479,2.3,3.4,.680,1.5,5.8,7.3,2.5,1.2,0.4,2.0,2.8,13.7,2014
88,Mario Chalmers,PG,27,MIA,73,73,2178,4.2,9.3,.454,1.4,3.7,.385,2.8,5.5,.500,2.0,2.7,.742,0.7,2.9,3.5,5.9,2.0,0.3,2.7,3.5,11.8,2014
89,Tyson Chandler,C,31,NYK,55,55,1662,4.1,7.0,.593,0.0,0.0,.000,4.1,7.0,.595,2.1,3.4,.632,3.4,8.0,11.5,1.3,0.8,1.4,1.5,3.1,10.4,2014
90,Wilson Chandler,SF,26,DEN,62,55,1927,5.7,13.8,.416,2.3,6.6,.348,3.5,7.2,.478,2.1,2.8,.724,1.1,4.4,5.5,2.1,0.9,0.6,1.5,3.6,15.8,2014
93,Earl Clark,PF,26,TOT,54,17,768,4.5,12.2,.372,1.9,5.7,.336,2.6,6.5,.403,1.0,1.6,.647,1.0,5.7,6.7,0.8,0.8,1.2,1.5,3.1,12.0,2014
96,Norris Cole,PG,25,MIA,82,6,2014,3.7,8.9,.414,1.1,3.1,.345,2.6,5.8,.451,0.9,1.2,.779,0.3,2.6,2.9,4.4,1.4,0.1,2.3,2.8,9.4,2014
98,Darren Collison,PG,26,LAC,80,35,2069,5.6,12.1,.467,1.2,3.3,.376,4.4,8.8,.501,3.3,3.9,.857,0.8,2.5,3.3,5.2,1.6,0.3,2.3,2.6,15.9,2014
99,Nick Collison,PF,33,OKC,81,0,1353,3.6,6.4,.556,0.1,0.5,.235,3.5,6.0,.580,1.8,2.5,.710,3.1,4.7,7.8,2.8,0.8,0.7,1.9,5.0,9.0,2014
100,Mike Conley,PG,26,MEM,73,73,2446,6.8,15.2,.450,1.5,4.3,.361,5.3,10.9,.484,3.3,4.1,.815,0.6,2.5,3.1,6.5,1.6,0.2,2.2,2.1,18.5,2014
102,DeMarcus Cousins,C,23,SAC,71,71,2298,9.3,18.7,.496,0.0,0.1,.000,9.3,18.5,.499,6.8,9.3,.726,3.4,9.6,13.0,3.2,1.7,1.4,3.9,4.2,25.3,2014
105,Jamal Crawford,SG,33,LAC,69,24,2094,7.2,17.4,.416,2.8,7.7,.361,4.5,9.7,.460,4.8,5.5,.866,0.6,2.1,2.7,3.8,1.0,0.2,2.3,2.1,22.0,2014
106,Jordan Crawford,SG-PG,25,TOT,81,35,1859,6.3,15.3,.415,1.7,5.5,.316,4.6,9.7,.471,2.8,3.3,.864,0.5,3.0,3.5,5.4,0.9,0.1,2.6,2.3,17.2,2014
107,Jae Crowder,SF,23,DAL,78,8,1254,3.7,8.5,.439,1.4,4.3,.331,2.3,4.2,.552,1.3,1.8,.754,1.3,4.2,5.6,1.7,1.7,0.6,1.2,2.9,10.2,2014
108,Dante Cunningham,PF,26,MIN,81,7,1635,5.2,11.2,.464,0.0,0.1,.000,5.2,11.1,.468,0.8,1.5,.567,2.5,4.8,7.3,1.8,1.4,1.3,0.9,3.2,11.2,2014
111,Stephen Curry,PG,25,GSW,78,78,2846,8.2,17.5,.471,3.3,7.8,.424,4.9,9.7,.509,3.9,4.4,.885,0.6,3.6,4.2,8.4,1.6,0.2,3.7,2.5,23.7,2014
112,Samuel Dalembert,C,32,DAL,80,68,1614,4.8,8.4,.568,0.0,0.0,.000,4.8,8.4,.569,2.3,3.1,.737,4.5,7.6,12.1,0.8,0.9,2.1,2.0,4.7,11.8,2014
115,Brandon Davies,PF,22,PHI,51,0,575,3.4,8.0,.422,0.1,0.6,.200,3.3,7.4,.441,2.1,3.3,.642,2.4,4.4,6.8,1.8,1.5,0.5,2.2,5.8,9.0,2014
116,Anthony Davis,PF,20,NOP,67,66,2358,8.0,15.3,.519,0.0,0.1,.222,7.9,15.2,.522,5.3,6.7,.791,3.2,7.1,10.3,1.6,1.4,2.9,1.7,3.1,21.3,2014
117,Ed Davis,PF,24,MEM,63,4,956,5.8,10.9,.534,0.0,0.0,,5.8,10.9,.534,1.8,3.4,.528,3.5,6.3,9.8,1.0,0.6,1.6,1.5,4.3,13.4,2014
118,Glen Davis,PF,28,TOT,68,44,1662,5.9,12.8,.457,0.1,0.2,.364,5.8,12.6,.459,2.1,3.0,.693,2.3,5.3,7.6,1.7,1.3,0.6,1.6,3.4,13.9,2014
120,Nando De Colo,SF,26,TOT,47,3,494,4.7,11.1,.418,1.3,3.9,.340,3.4,7.3,.460,2.3,2.6,.886,1.0,4.3,5.3,4.7,1.6,0.4,2.6,3.5,12.9,2014
122,Matthew Dellavedova,SG,23,CLE,72,4,1271,3.5,8.4,.412,1.6,4.4,.368,1.8,4.0,.461,1.1,1.4,.792,0.8,2.7,3.5,5.3,0.9,0.1,1.7,3.4,9.6,2014
123,Luol Deng,SF,28,TOT,63,63,2213,6.0,14.0,.431,0.9,3.1,.302,5.1,10.9,.468,3.4,4.4,.791,1.6,4.3,5.9,3.0,1.0,0.1,1.9,1.8,16.4,2014
124,DeMar DeRozan,SG,24,TOR,79,79,3017,7.2,16.8,.429,0.8,2.5,.305,6.4,14.3,.451,6.2,7.5,.824,0.6,3.5,4.1,3.7,1.0,0.3,2.1,2.4,21.4,2014
125,Boris Diaw,PF,31,SAS,79,24,1974,5.5,10.6,.521,0.8,2.0,.402,4.7,8.5,.549,1.2,1.7,.739,1.3,4.6,5.9,4.0,0.8,0.6,2.2,2.6,13.1,2014
126,Gorgui Dieng,C,24,MIN,60,15,818,5.0,10.0,.498,0.0,0.0,1.000,4.9,9.9,.496,2.6,4.1,.634,4.5,8.7,13.2,1.7,1.3,2.2,2.4,4.8,12.6,2014
127,Toney Douglas,PG,27,TOT,51,17,675,3.9,10.1,.384,1.7,5.4,.304,2.2,4.7,.477,1.3,1.8,.735,1.0,3.7,4.6,3.6,1.0,0.3,1.8,4.3,10.8,2014
128,Chris Douglas-Roberts,SF,27,CHA,49,8,1016,3.9,8.9,.440,1.8,4.7,.386,2.1,4.3,.500,2.3,2.9,.805,0.6,3.6,4.2,1.8,1.0,0.6,1.3,2.2,12.0,2014
129,Goran Dragić,SG,27,PHO,76,75,2668,7.4,14.7,.505,1.6,4.0,.408,5.8,10.7,.542,4.3,5.6,.760,0.9,2.4,3.3,6.0,1.4,0.3,2.9,2.8,20.8,2014
130,Andre Drummond,C,20,DET,81,81,2619,6.6,10.6,.623,0.0,0.0,.000,6.6,10.5,.625,1.9,4.5,.418,6.0,8.7,14.7,0.5,1.4,1.8,1.5,3.8,15.1,2014
131,Jared Dudley,SF,28,LAC,74,43,1729,4.1,9.3,.438,1.7,4.7,.360,2.4,4.6,.518,0.8,1.2,.655,0.7,2.6,3.3,2.2,0.9,0.2,1.2,3.0,10.6,2014
132,Tim Duncan*,C,37,SAS,74,74,2158,7.4,15.1,.490,0.0,0.1,.000,7.4,15.0,.493,3.9,5.3,.731,2.6,9.4,12.0,3.7,0.7,2.3,2.7,2.2,18.7,2014
133,Mike Dunleavy,SF,33,CHI,82,61,2584,4.6,10.8,.430,1.7,4.5,.380,2.9,6.3,.467,2.0,2.3,.854,0.6,4.2,4.8,2.6,0.9,0.6,1.5,2.3,12.9,2014
134,Kevin Durant,SF,25,OKC,81,81,3122,9.8,19.5,.503,2.2,5.7,.391,7.6,13.8,.549,8.1,9.3,.873,0.7,6.2,6.9,5.1,1.2,0.7,3.3,2.0,29.9,2014
136,Wayne Ellington,SG,26,DAL,45,1,393,5.0,11.5,.437,2.3,5.4,.424,2.7,6.1,.448,0.9,1.0,.909,0.7,3.2,3.9,1.7,1.5,0.2,1.0,3.0,13.3,2014
137,Monta Ellis,SG,28,DAL,82,82,3023,6.9,15.2,.451,0.8,2.5,.330,6.0,12.7,.474,4.0,5.1,.788,0.5,3.1,3.5,5.6,1.7,0.3,3.1,2.3,18.6,2014
139,Jeremy Evans,SF,26,UTA,66,4,1209,5.2,9.9,.527,0.0,0.1,.000,5.2,9.8,.530,1.5,2.2,.680,3.6,5.7,9.2,1.3,1.3,1.4,1.2,4.1,11.9,2014
140,Reggie Evans,PF,33,TOT,54,20,899,2.8,6.0,.473,0.0,0.0,,2.8,6.0,.473,2.9,5.2,.554,4.6,8.8,13.4,0.8,1.5,0.1,2.3,4.8,8.6,2014
141,Tyreke Evans,SF,24,NOP,72,22,2028,6.9,15.9,.436,0.4,1.7,.221,6.6,14.2,.461,4.2,5.5,.771,1.3,4.7,6.1,6.4,1.5,0.4,3.1,2.8,18.5,2014
142,Kenneth Faried,PF,24,DEN,80,77,2178,7.4,13.6,.545,0.0,0.0,.000,7.4,13.5,.547,3.3,5.1,.650,3.9,7.4,11.3,1.6,1.2,1.1,2.2,3.2,18.1,2014
145,Derrick Favors,PF,22,UTA,73,73,2201,6.4,12.2,.522,0.0,0.0,.000,6.4,12.2,.523,3.1,4.6,.669,3.3,7.2,10.4,1.5,1.2,1.8,2.1,3.9,15.9,2014
147,Raymond Felton,PG,29,NYK,65,65,2017,4.3,10.9,.395,1.1,3.5,.318,3.2,7.4,.431,1.6,2.2,.721,1.0,2.6,3.5,6.5,1.4,0.5,2.3,2.8,11.2,2014
149,Derek Fisher,SG,39,OKC,81,0,1428,3.6,9.1,.391,2.2,5.8,.384,1.3,3.3,.402,1.4,1.8,.775,0.3,2.8,3.1,2.9,1.8,0.1,1.2,4.0,10.7,2014
150,Evan Fournier,SG,21,DEN,76,4,1503,5.5,13.0,.419,2.1,5.7,.376,3.3,7.4,.453,2.2,2.9,.756,0.8,4.0,4.8,2.7,0.8,0.2,2.4,4.3,15.3,2014
151,Randy Foye,SG,30,DEN,81,78,2485,5.2,12.7,.413,2.7,7.2,.380,2.5,5.5,.456,2.3,2.7,.849,0.5,2.8,3.4,4.2,1.0,0.6,2.1,3.0,15.5,2014
153,Jimmer Fredette,SG,24,TOT,49,0,519,7.4,15.7,.471,2.8,5.8,.476,4.6,9.9,.469,1.3,1.5,.905,0.6,3.1,3.6,4.4,1.0,0.2,3.3,2.4,18.9,2014
154,Enes Freedom,C,21,UTA,80,37,2138,7.1,14.4,.491,0.0,0.0,.000,7.1,14.3,.492,2.5,3.4,.730,3.7,6.3,10.1,1.3,0.5,0.7,2.4,3.9,16.6,2014
155,Joel Freeland,C,26,POR,52,0,727,3.8,8.0,.475,0.0,0.1,.000,3.8,7.9,.481,1.0,1.4,.690,4.4,5.9,10.3,1.8,0.5,1.1,1.6,4.7,8.6,2014
156,Channing Frye,PF,30,PHO,82,82,2312,5.2,12.1,.432,2.5,6.7,.370,2.7,5.4,.509,1.2,1.5,.821,1.1,5.3,6.5,1.5,0.9,1.0,1.4,3.8,14.2,2014
157,Francisco García,SF,32,HOU,55,4,1083,3.9,9.8,.401,2.3,6.4,.358,1.6,3.4,.485,0.3,0.6,.526,0.7,3.4,4.1,2.1,0.9,1.1,1.0,4.0,10.5,2014
158,Kevin Garnett*,C,37,BRK,54,54,1109,5.1,11.6,.441,0.0,0.1,.000,5.1,11.5,.445,1.2,1.5,.809,1.9,9.7,11.6,2.7,1.4,1.3,2.2,4.0,11.4,2014
159,Diante Garrett,PG,25,UTA,71,0,1048,3.5,9.1,.381,1.2,3.3,.375,2.2,5.8,.385,0.3,0.4,.833,0.4,3.0,3.3,4.1,1.4,0.2,2.6,2.6,8.5,2014
160,Marc Gasol,C,29,MEM,59,59,1970,6.1,13.0,.473,0.0,0.2,.182,6.1,12.8,.477,3.4,4.4,.768,1.5,6.2,7.7,3.9,1.1,1.4,2.0,2.7,15.7,2014
161,Pau Gasol,C,33,LAL,60,60,1884,8.1,16.9,.480,0.1,0.3,.286,8.0,16.6,.483,3.6,4.9,.736,2.4,8.7,11.1,3.8,0.5,1.8,2.7,2.4,19.9,2014
162,Rudy Gay,SF,27,TOT,73,73,2531,7.6,16.8,.455,0.9,2.8,.330,6.7,14.0,.481,4.5,5.5,.822,1.6,4.6,6.2,3.0,1.4,0.8,3.2,2.4,20.7,2014
163,Alonzo Gee,SF,26,CLE,65,24,1020,3.5,8.3,.415,0.7,2.0,.328,2.8,6.3,.444,1.5,2.2,.705,1.2,4.0,5.3,1.7,1.4,0.5,1.6,3.4,9.1,2014
164,Paul George,SF,23,IND,80,80,2898,7.2,16.9,.424,2.3,6.2,.364,4.9,10.7,.458,5.0,5.8,.864,0.8,5.9,6.7,3.5,1.9,0.3,2.8,2.5,21.6,2014
165,Taj Gibson,PF,28,CHI,82,8,2351,6.6,13.7,.479,0.0,0.1,.000,6.6,13.6,.483,3.2,4.3,.751,3.1,5.5,8.5,1.4,0.6,1.7,2.3,3.2,16.4,2014
166,Manu Ginóbili*,SG,36,SAS,68,3,1550,6.8,14.6,.469,2.1,6.0,.349,4.7,8.6,.553,3.7,4.4,.851,0.7,4.0,4.7,6.8,1.6,0.4,3.2,3.0,19.5,2014
167,Rudy Gobert,C,21,UTA,45,0,434,3.0,6.1,.486,0.0,0.0,,3.0,6.1,.486,2.7,5.4,.492,4.2,8.6,12.9,0.6,0.7,3.4,2.7,4.7,8.6,2014
170,Archie Goodwin,SG,19,PHO,52,0,533,5.1,11.3,.455,0.3,2.4,.139,4.8,8.8,.542,2.5,3.7,.673,1.7,4.2,5.9,1.4,1.4,0.7,3.0,3.0,13.1,2014
172,Eric Gordon,SG,25,NOP,64,64,2057,6.2,14.3,.436,1.8,4.5,.391,4.5,9.8,.456,3.1,3.9,.785,0.5,2.4,2.9,3.6,1.3,0.2,2.3,2.0,17.3,2014
173,Marcin Gortat,C,29,WAS,81,80,2655,6.2,11.4,.542,0.0,0.0,1.000,6.2,11.4,.541,2.1,3.1,.686,2.7,7.7,10.4,1.9,0.6,1.6,1.7,2.7,14.5,2014
176,Danny Green,SG,26,SAS,68,59,1651,4.8,11.0,.432,2.9,6.9,.415,1.9,4.1,.460,1.1,1.4,.794,0.5,4.4,5.0,2.3,1.4,1.3,1.7,2.3,13.5,2014
177,Draymond Green,SF,23,GSW,82,12,1797,3.7,9.2,.407,1.1,3.3,.333,2.6,5.9,.449,1.6,2.5,.667,1.7,6.5,8.2,3.0,2.0,1.4,1.8,4.6,10.2,2014
178,Gerald Green,SG,28,PHO,82,48,2330,6.9,15.5,.445,3.2,7.9,.400,3.8,7.7,.492,3.0,3.6,.848,0.7,3.5,4.2,1.9,1.1,0.6,2.2,3.4,20.0,2014
179,Jeff Green,SF,27,BOS,82,82,2805,6.2,15.0,.412,1.7,5.1,.341,4.5,9.9,.448,3.6,4.6,.795,0.7,4.2,4.9,1.8,0.7,0.6,2.1,2.3,17.7,2014
180,Willie Green,SG,32,LAC,55,9,869,4.2,11.2,.376,1.7,5.0,.339,2.5,6.2,.407,1.2,1.4,.824,0.5,2.7,3.2,2.1,0.9,0.5,1.4,4.0,11.3,2014
181,Blake Griffin,PF,24,LAC,80,80,2863,9.0,17.1,.528,0.2,0.6,.273,8.9,16.5,.537,6.1,8.5,.715,2.4,7.1,9.5,3.9,1.2,0.6,2.8,3.3,24.3,2014
183,Jordan Hamilton,SF,23,TOT,60,12,1019,5.2,13.3,.391,2.5,7.0,.354,2.7,6.3,.433,1.4,1.8,.784,1.1,5.7,6.9,1.8,1.6,0.7,1.6,2.4,14.3,2014
185,Tyler Hansbrough,PF,28,TOR,64,4,978,3.4,7.2,.474,0.0,0.1,.000,3.4,7.1,.479,4.6,6.8,.681,4.4,6.1,10.6,0.6,1.0,0.7,1.7,4.9,11.5,2014
186,Tim Hardaway Jr.,SG,21,NYK,81,1,1875,5.6,13.2,.428,2.5,6.9,.363,3.1,6.3,.498,2.0,2.5,.828,0.4,2.0,2.3,1.3,0.8,0.1,0.9,2.8,15.8,2014
187,James Harden,SG,24,HOU,73,73,2777,7.1,15.6,.456,2.3,6.3,.366,4.8,9.4,.515,7.5,8.6,.866,0.8,3.7,4.5,5.8,1.5,0.4,3.4,2.3,24.0,2014
188,Maurice Harkless,SF,20,ORL,80,41,1950,4.1,8.9,.464,1.1,2.8,.383,3.0,6.1,.502,1.6,2.6,.594,1.3,3.6,4.9,1.5,1.8,0.9,1.6,2.6,10.9,2014
195,Tobias Harris,PF,21,ORL,61,36,1850,6.5,13.9,.464,0.6,2.5,.254,5.8,11.5,.508,3.8,4.7,.807,1.7,6.5,8.3,1.6,0.8,0.5,1.5,2.8,17.4,2014
196,Udonis Haslem,PF,33,MIA,46,18,653,4.1,8.0,.507,0.0,0.0,,4.1,8.0,.507,1.4,2.4,.568,2.3,7.3,9.6,0.7,0.6,0.8,1.3,4.4,9.5,2014
197,Spencer Hawes,C,25,TOT,80,78,2470,5.9,12.9,.456,1.9,4.5,.416,4.0,8.4,.478,1.7,2.2,.783,1.9,7.7,9.6,3.5,0.6,1.4,2.5,3.5,15.3,2014
198,Chuck Hayes,C,30,TOT,61,1,754,2.7,6.2,.431,0.0,0.0,.000,2.7,6.2,.434,1.0,1.2,.800,3.3,6.7,10.0,1.7,1.6,0.6,1.6,4.5,6.3,2014
199,Gordon Hayward,SF,23,UTA,77,77,2800,5.5,13.3,.413,1.1,3.6,.304,4.4,9.7,.453,4.0,4.9,.816,0.8,4.2,5.0,5.1,1.4,0.5,2.7,2.0,16.0,2014
200,Gerald Henderson,SG,26,CHA,77,77,2461,5.9,13.6,.433,0.6,1.7,.348,5.3,11.9,.445,3.4,4.5,.761,0.5,4.1,4.5,2.9,0.7,0.5,1.7,2.3,15.8,2014
201,Xavier Henry,SF,22,LAL,43,5,908,5.7,13.7,.417,1.1,3.2,.346,4.6,10.5,.439,4.6,7.0,.655,1.0,3.5,4.5,2.0,1.7,0.3,2.3,3.1,17.1,2014
202,John Henson,PF,23,MIL,70,23,1856,6.7,12.4,.538,0.0,0.0,.000,6.7,12.4,.539,1.8,3.4,.514,3.3,6.3,9.6,2.2,0.8,2.3,2.2,3.6,15.1,2014
203,Roy Hibbert,C,27,IND,81,81,2409,4.9,11.3,.439,0.0,0.1,.400,4.9,11.2,.439,3.1,4.0,.770,3.0,5.0,8.0,1.4,0.4,2.7,2.2,4.0,13.0,2014
204,J.J. Hickson,PF,25,DEN,69,52,1859,6.4,12.7,.508,0.0,0.2,.000,6.4,12.5,.514,2.9,5.6,.517,4.0,8.2,12.2,1.9,0.9,1.0,2.5,3.4,15.8,2014
205,Nenê,PF,31,WAS,53,37,1560,6.9,13.7,.503,0.0,0.1,.200,6.9,13.6,.506,3.6,6.1,.583,1.5,5.3,6.8,3.5,1.5,1.1,2.7,3.8,17.4,2014
206,George Hill,PG,27,IND,76,76,2434,4.0,9.1,.442,1.4,3.8,.365,2.6,5.3,.497,2.1,2.6,.807,0.8,3.4,4.2,3.9,1.1,0.3,1.4,2.3,11.6,2014
207,Jordan Hill,PF,26,LAL,72,32,1500,6.9,12.5,.549,0.0,0.0,.000,6.9,12.5,.550,3.0,4.3,.685,4.7,8.2,12.8,1.3,0.7,1.5,1.8,4.1,16.7,2014
209,Kirk Hinrich,PG,33,CHI,73,61,2116,4.1,10.5,.393,1.4,4.1,.351,2.7,6.4,.419,1.6,2.1,.760,0.5,2.7,3.3,4.9,1.4,0.4,2.0,3.5,11.3,2014
211,Ryan Hollins,PF,29,LAC,61,0,482,4.0,5.4,.736,0.0,0.0,,4.0,5.4,.736,2.6,4.2,.625,2.3,4.4,6.7,0.6,0.7,2.3,2.2,6.5,10.5,2014
214,Dwight Howard,C,28,HOU,71,71,2396,7.1,12.0,.591,0.0,0.1,.286,7.1,11.9,.594,5.2,9.6,.547,3.5,9.5,13.0,2.0,0.9,1.9,3.4,3.6,19.5,2014
215,Robbie Hummel,SF,24,MIN,53,5,655,3.7,9.7,.379,1.8,4.9,.360,1.9,4.8,.398,0.8,0.9,.938,1.9,5.3,7.3,1.3,0.9,0.1,0.5,3.1,9.9,2014
216,Kris Humphries,PF,28,BOS,69,30,1376,6.0,12.1,.501,0.0,0.1,.000,6.0,12.0,.503,3.1,3.8,.813,3.3,7.4,10.7,1.8,0.8,1.6,1.7,3.6,15.1,2014
217,Serge Ibaka,PF,24,OKC,81,81,2666,7.1,13.2,.536,0.3,0.8,.383,6.8,12.4,.546,2.1,2.7,.784,3.0,6.5,9.6,1.1,0.5,3.0,1.7,3.1,16.6,2014
218,Andre Iguodala,SF,30,GSW,63,63,2040,3.9,8.1,.480,1.1,3.1,.354,2.8,5.0,.558,1.5,2.3,.652,0.9,4.2,5.2,4.6,1.7,0.3,1.8,1.8,10.4,2014
219,Ersan İlyasova,PF,26,MIL,55,47,1478,5.8,14.1,.409,0.9,3.2,.282,4.9,10.9,.446,2.6,3.2,.823,2.6,5.7,8.3,1.8,1.1,0.2,1.5,3.3,15.1,2014
220,Kyrie Irving,PG,21,CLE,71,71,2496,7.7,17.8,.430,1.8,5.0,.358,5.9,12.9,.458,4.2,4.9,.861,0.7,3.0,3.7,6.2,1.6,0.3,2.7,2.4,21.3,2014
222,Jarrett Jack,PG,30,CLE,80,31,2252,4.6,11.2,.410,1.0,3.0,.341,3.6,8.2,.435,2.0,2.4,.839,0.4,3.2,3.6,5.2,0.9,0.4,2.1,2.1,12.1,2014
223,Reggie Jackson,PG,23,OKC,80,36,2277,6.4,14.5,.440,1.3,3.9,.339,5.1,10.6,.477,2.5,2.8,.893,0.7,4.3,4.9,5.2,1.3,0.1,2.7,2.2,16.6,2014
227,LeBron James,PF,29,MIA,77,77,2902,9.5,16.8,.567,1.4,3.8,.379,8.1,13.0,.622,5.4,7.3,.750,1.0,5.6,6.6,6.1,1.5,0.3,3.3,1.6,25.9,2014
231,Al Jefferson,C,29,CHA,73,73,2553,9.9,19.4,.509,0.0,0.2,.200,9.8,19.2,.512,2.7,3.9,.690,2.2,9.0,11.2,2.2,0.9,1.1,1.7,2.5,22.5,2014
232,Richard Jefferson,SF,33,UTA,82,78,2213,4.8,10.6,.450,2.0,4.9,.409,2.8,5.7,.484,2.0,2.6,.741,0.3,3.3,3.6,2.1,0.9,0.2,1.5,2.7,13.5,2014
234,Brandon Jennings,PG,24,DET,80,79,2728,5.6,15.0,.373,2.0,6.0,.337,3.5,8.9,.397,3.2,4.2,.751,0.8,2.4,3.2,8.0,1.3,0.1,2.8,2.1,16.4,2014
235,Jonas Jerebko,PF,26,DET,64,0,741,4.8,10.1,.471,1.5,3.6,.419,3.3,6.5,.500,2.1,2.9,.729,2.5,6.0,8.5,1.9,1.0,0.3,2.1,4.1,13.1,2014
236,Amir Johnson,PF,26,TOR,77,72,2214,5.6,10.0,.562,0.3,1.1,.303,5.3,8.9,.593,1.5,2.3,.636,2.8,5.4,8.2,1.9,0.9,1.4,2.0,4.4,13.0,2014
238,James Johnson,SF,26,MEM,52,4,956,5.4,11.6,.464,0.8,3.3,.253,4.6,8.3,.548,2.9,3.4,.844,2.3,4.0,6.3,4.2,1.6,2.1,2.5,3.8,14.5,2014
239,Joe Johnson,SG,32,BRK,79,79,2575,6.5,14.2,.454,2.3,5.6,.401,4.2,8.6,.489,2.2,2.7,.815,0.7,3.1,3.8,3.0,0.7,0.1,1.7,1.8,17.4,2014
240,Orlando Johnson,SG,24,TOT,45,0,392,3.3,10.4,.319,0.8,4.3,.191,2.5,6.1,.409,1.7,2.4,.731,0.8,4.2,5.1,1.8,0.6,0.2,1.4,2.4,9.2,2014
241,Wesley Johnson,SF,26,LAL,79,62,2240,4.5,10.5,.425,1.6,4.4,.369,2.8,6.1,.466,1.0,1.2,.792,1.1,4.5,5.6,2.0,1.4,1.2,1.4,3.3,11.5,2014
244,Perry Jones,PF,22,OKC,62,7,764,3.9,8.5,.459,1.0,2.9,.361,2.9,5.7,.508,1.3,2.0,.667,1.3,4.1,5.4,1.2,0.7,0.9,1.0,2.9,10.2,2014
246,Terrence Jones,PF,22,HOU,76,71,2078,6.7,12.3,.542,0.5,1.7,.307,6.2,10.6,.581,2.0,3.4,.605,2.8,6.3,9.1,1.5,0.9,1.7,1.2,2.4,16.0,2014
247,DeAndre Jordan,C,25,LAC,82,82,2870,4.4,6.5,.676,0.0,0.0,,4.4,6.5,.676,2.0,4.7,.428,4.2,9.8,14.0,0.9,1.0,2.5,1.5,3.3,10.7,2014
248,Cory Joseph,SG,22,SAS,68,19,936,4.8,10.2,.475,0.5,1.5,.316,4.4,8.7,.502,3.0,3.7,.823,1.2,2.9,4.1,4.4,1.3,0.5,1.7,3.2,13.2,2014
251,Ryan Kelly,PF,22,LAL,59,25,1312,4.3,10.2,.423,1.3,3.9,.338,3.0,6.3,.476,3.0,3.7,.815,1.2,4.9,6.0,2.6,0.9,1.2,1.3,4.0,13.0,2014
252,Michael Kidd-Gilchrist,SF,20,CHA,62,62,1502,4.0,8.5,.473,0.0,0.2,.111,4.0,8.2,.483,2.7,4.4,.614,2.6,5.2,7.8,1.2,1.0,0.9,1.4,3.5,10.7,2014
253,Andrei Kirilenko,PF,32,BRK,45,4,857,3.4,6.7,.513,0.0,0.2,.200,3.4,6.5,.523,2.6,5.0,.513,2.3,3.8,6.1,3.0,1.7,0.8,2.3,2.7,9.5,2014
254,Brandon Knight,PG,22,MIL,72,69,2400,6.9,16.4,.422,1.6,5.1,.325,5.3,11.3,.466,3.9,4.8,.802,0.7,3.1,3.8,5.3,1.0,0.3,2.8,2.2,19.4,2014
255,Kyle Korver,SG,32,ATL,71,71,2408,4.3,9.1,.475,2.8,5.9,.472,1.6,3.2,.479,1.3,1.4,.926,0.3,3.9,4.2,3.1,1.0,0.4,1.5,2.2,12.7,2014
256,Kosta Koufos,C,24,MEM,80,22,1349,6.1,12.2,.495,0.0,0.0,,6.1,12.2,.495,1.6,2.5,.645,4.3,6.9,11.2,1.0,0.9,1.9,1.8,4.9,13.7,2014
259,Doron Lamb,SG,22,ORL,53,0,695,3.3,8.3,.394,1.9,4.7,.400,1.4,3.6,.386,1.5,1.9,.806,0.4,2.1,2.5,2.2,0.6,0.1,1.4,2.8,9.9,2014
260,Jeremy Lamb,SG,21,OKC,78,0,1538,6.2,14.3,.432,2.1,5.8,.356,4.1,8.5,.483,1.2,1.5,.797,0.6,3.8,4.4,2.7,1.3,0.6,1.4,3.3,15.6,2014
262,Shane Larkin,PG,21,DAL,48,0,489,3.8,10.1,.380,0.9,2.8,.316,2.9,7.3,.404,1.2,1.8,.640,0.8,2.3,3.1,5.2,1.9,0.1,2.9,3.4,9.7,2014
263,Ty Lawson,PG,26,DEN,62,61,2222,5.6,13.1,.431,1.2,3.3,.356,4.5,9.8,.455,5.2,6.6,.798,0.6,2.8,3.5,8.8,1.6,0.2,3.2,1.8,17.7,2014
265,Courtney Lee,SG,28,TOT,79,47,1973,5.4,11.2,.480,1.3,3.5,.371,4.1,7.7,.531,1.8,2.0,.884,0.5,2.9,3.4,2.1,1.2,0.5,1.3,2.3,13.9,2014
266,David Lee,PF,30,GSW,69,67,2288,8.1,15.4,.523,0.0,0.0,.000,8.1,15.4,.523,3.6,4.7,.780,2.9,7.3,10.1,2.3,0.8,0.4,2.4,3.2,19.8,2014
267,Alex Len,C,20,PHO,42,3,362,3.3,7.8,.423,0.0,0.0,,3.3,7.8,.423,2.0,3.1,.645,3.9,6.0,9.8,0.4,0.4,1.8,2.6,6.8,8.6,2014
268,Kawhi Leonard,SF,22,SAS,66,65,1923,6.3,12.1,.522,1.3,3.4,.379,5.0,8.7,.579,1.9,2.4,.802,1.4,6.3,7.7,2.5,2.1,0.9,1.5,2.4,15.8,2014
270,Jon Leuer,PF,24,MEM,49,0,642,6.8,13.8,.492,1.3,2.7,.469,5.5,11.0,.497,2.1,2.6,.787,2.1,6.8,8.9,1.1,1.0,0.7,1.5,3.5,16.9,2014
271,Rashard Lewis,SF,34,MIA,60,6,971,3.6,8.7,.415,1.7,5.0,.343,1.9,3.8,.510,1.0,1.2,.788,0.9,3.2,4.1,2.1,2.0,0.3,1.3,3.3,9.9,2014
273,Damian Lillard,PG,23,POR,82,82,2937,6.8,16.0,.424,2.7,6.8,.394,4.1,9.2,.447,4.5,5.2,.871,0.4,3.1,3.5,5.6,0.8,0.3,2.4,2.4,20.8,2014
274,Jeremy Lin,PG,25,HOU,71,33,2054,5.2,11.6,.446,1.4,4.0,.358,3.7,7.6,.492,3.8,4.6,.823,0.6,2.7,3.3,5.2,1.2,0.5,3.1,2.9,15.6,2014
275,Shaun Livingston,PG,28,BRK,76,54,1974,4.3,8.9,.483,0.0,0.1,.167,4.3,8.8,.486,2.9,3.5,.827,1.2,3.3,4.5,4.5,1.7,0.6,1.9,3.1,11.5,2014
277,Robin Lopez,C,25,POR,82,82,2603,4.9,8.9,.551,0.0,0.0,.000,4.9,8.9,.552,2.7,3.3,.818,4.5,5.2,9.7,1.0,0.3,1.9,1.2,2.7,12.6,2014
278,Kevin Love,PF,25,MIN,77,77,2797,8.4,18.3,.457,2.4,6.5,.376,5.9,11.8,.502,6.7,8.1,.821,2.9,9.5,12.4,4.4,0.8,0.5,2.5,1.8,25.9,2014
279,Kyle Lowry,PG,27,TOR,79,79,2862,5.7,13.6,.423,2.4,6.3,.380,3.4,7.3,.460,3.9,4.8,.813,1.1,3.5,4.6,7.4,1.5,0.2,2.4,3.4,17.8,2014
280,John Lucas III,PG,31,UTA,42,6,591,3.8,11.6,.326,1.5,5.1,.298,2.3,6.5,.349,0.6,1.0,.625,0.7,1.6,2.4,2.6,0.9,0.0,1.3,2.5,9.7,2014
281,Shelvin Mack,PG,23,ATL,73,11,1490,5.0,12.1,.417,1.5,4.4,.337,3.6,7.7,.464,1.5,1.8,.865,0.5,3.4,3.9,6.5,1.2,0.0,2.2,2.4,13.1,2014
282,Ian Mahinmi,C,27,IND,77,1,1248,2.6,5.5,.481,0.0,0.0,.000,2.6,5.4,.484,2.6,4.2,.621,3.1,4.3,7.4,0.7,1.2,2.1,1.7,6.0,7.8,2014
283,Shawn Marion,SF,35,DAL,76,76,2409,5.1,10.6,.482,0.9,2.4,.358,4.2,8.2,.518,0.8,1.0,.785,2.0,5.5,7.4,1.9,1.3,0.6,1.4,1.9,11.8,2014
284,Kendall Marshall,PG,22,LAL,54,45,1564,3.9,9.6,.406,1.6,4.1,.399,2.3,5.5,.411,0.4,0.8,.528,0.3,3.2,3.6,11.0,1.1,0.1,3.5,1.7,9.9,2014
285,Cartier Martin,SF,29,TOT,59,6,870,4.6,10.9,.420,2.4,6.2,.391,2.2,4.7,.460,2.0,2.7,.738,0.5,4.0,4.6,1.4,1.1,0.3,1.4,2.9,13.6,2014
287,Kevin Martin,SG,30,MIN,68,68,2177,7.3,16.9,.430,1.9,4.9,.387,5.4,12.0,.448,5.0,5.6,.891,0.6,2.8,3.4,2.0,1.1,0.1,1.8,2.0,21.5,2014
289,Wesley Matthews,SG,27,POR,82,82,2780,5.8,13.1,.441,2.6,6.6,.393,3.2,6.4,.490,3.3,3.9,.837,0.7,3.1,3.7,2.6,1.0,0.2,1.4,2.3,17.4,2014
292,O.J. Mayo,SG,26,MIL,52,23,1346,6.0,14.7,.407,2.2,6.1,.370,3.7,8.6,.433,2.0,2.4,.864,0.6,2.7,3.3,3.0,0.7,0.3,2.5,3.0,16.3,2014
293,Luc Mbah a Moute,PF-SF,27,TOT,64,7,1003,3.1,6.9,.451,0.1,0.6,.235,3.0,6.3,.472,1.7,2.4,.687,2.0,3.2,5.2,1.3,1.1,0.5,1.4,2.4,8.0,2014
294,Ray McCallum,PG,22,SAC,45,10,897,4.5,12.0,.377,0.9,2.4,.373,3.7,9.7,.378,1.3,1.7,.744,0.7,2.4,3.2,4.8,0.9,0.4,1.6,2.8,11.2,2014
297,Ben McLemore,SG,20,SAC,82,55,2187,4.2,11.2,.376,1.6,4.9,.320,2.6,6.3,.419,1.9,2.4,.804,0.9,3.0,3.9,1.3,0.7,0.3,1.6,3.3,11.9,2014
298,Josh McRoberts,PF,26,CHA,78,78,2360,3.8,8.6,.436,1.6,4.4,.361,2.2,4.2,.516,0.9,1.3,.729,1.3,4.4,5.7,5.1,0.9,0.7,1.3,2.9,10.1,2014
299,Jodie Meeks,SG,26,LAL,77,70,2556,5.8,12.6,.463,2.3,5.7,.401,3.5,6.9,.514,3.1,3.6,.857,0.4,2.3,2.7,1.9,1.6,0.1,1.6,1.7,17.0,2014
301,Khris Middleton,SF,22,MIL,82,64,2460,5.5,12.5,.440,1.8,4.2,.414,3.7,8.3,.454,1.7,2.0,.861,0.9,3.7,4.5,2.5,1.2,0.3,1.8,3.6,14.5,2014
302,C.J. Miles,SG,26,CLE,51,34,984,6.5,15.0,.435,3.0,7.7,.393,3.5,7.2,.480,2.3,2.7,.853,0.7,3.1,3.8,1.9,1.7,0.5,1.6,3.8,18.4,2014
303,Andre Miller,SG,37,TOT,58,2,982,3.9,8.5,.459,0.4,0.8,.524,3.5,7.7,.452,2.2,2.8,.779,1.0,3.7,4.8,7.2,1.2,0.3,2.2,2.7,10.4,2014
304,Darius Miller,SF,23,NOP,45,7,723,3.6,8.3,.440,1.2,3.8,.325,2.4,4.4,.539,1.4,1.8,.806,0.4,2.1,2.6,2.1,1.2,0.4,1.1,4.4,10.0,2014
305,Mike Miller,SF,33,MEM,82,4,1707,4.5,9.3,.481,2.3,4.9,.459,2.2,4.4,.505,1.0,1.2,.821,0.6,3.7,4.4,2.7,0.5,0.1,1.6,2.0,12.2,2014
306,Quincy Miller,PF,21,DEN,52,16,789,4.3,11.7,.367,1.4,4.3,.319,2.9,7.4,.395,1.8,2.5,.709,1.6,5.1,6.7,1.2,1.0,1.5,2.2,3.2,11.7,2014
307,Patty Mills,PG,25,SAS,81,2,1527,7.3,15.7,.464,3.2,7.5,.425,4.1,8.2,.500,1.7,1.9,.890,0.8,3.2,4.0,3.5,1.6,0.2,1.5,2.7,19.5,2014
308,Paul Millsap,PF,28,ATL,74,73,2482,7.0,15.2,.461,1.1,3.1,.358,5.9,12.1,.487,4.1,5.7,.731,2.2,6.9,9.1,3.4,1.9,1.1,2.7,3.0,19.3,2014
311,Nazr Mohammed,C,36,CHI,80,1,562,3.5,8.1,.429,0.0,0.0,,3.5,8.1,.429,1.0,1.9,.533,4.2,7.0,11.2,1.3,0.9,1.9,2.4,4.9,7.9,2014
312,Greg Monroe,PF,23,DET,82,82,2690,6.7,13.6,.497,0.0,0.0,.000,6.7,13.6,.497,3.2,4.9,.657,3.4,6.7,10.2,2.3,1.2,0.6,2.2,2.7,16.7,2014
313,E'Twaun Moore,SG,24,ORL,79,3,1506,4.7,10.9,.428,1.4,3.8,.354,3.3,7.1,.468,1.2,1.6,.765,0.7,2.6,3.3,2.7,1.4,0.3,1.3,2.5,11.9,2014
315,Marcus Morris,SF,24,PHO,82,1,1800,5.8,13.0,.442,2.0,5.2,.381,3.8,7.8,.483,2.4,3.2,.761,1.7,4.7,6.4,1.8,1.4,0.4,1.9,3.1,15.9,2014
316,Markieff Morris,PF,24,PHO,81,0,2153,6.9,14.1,.486,0.6,1.8,.315,6.3,12.3,.512,4.3,5.5,.792,2.3,5.8,8.1,2.4,1.1,0.9,2.5,3.9,18.6,2014
317,Anthony Morrow,SG,28,NOP,76,9,1426,6.0,13.1,.458,2.2,4.9,.451,3.8,8.2,.462,1.8,2.2,.828,0.7,2.8,3.5,1.5,1.0,0.3,1.3,2.6,16.1,2014
318,Donatas Motiejūnas,PF,23,HOU,62,3,952,5.0,11.2,.443,0.8,3.2,.250,4.2,8.0,.519,2.2,3.6,.604,2.3,6.2,8.5,1.3,0.8,0.8,1.9,5.0,12.9,2014
320,Timofey Mozgov,C,27,DEN,82,30,1770,5.8,11.1,.523,0.1,0.5,.167,5.7,10.6,.539,4.0,5.3,.754,3.5,7.3,10.7,1.3,0.5,2.0,2.5,4.3,15.7,2014
322,Byron Mullens,C,24,TOT,45,0,414,6.3,14.3,.442,2.9,7.7,.371,3.5,6.6,.526,0.9,1.7,.500,2.1,5.9,8.0,1.2,1.3,1.0,2.3,5.6,16.4,2014
324,Toure' Murry,PG,24,NYK,51,0,373,5.4,12.5,.434,0.5,1.2,.417,4.9,11.3,.436,2.2,3.8,.590,1.3,3.0,4.2,4.7,1.8,0.1,3.3,4.4,13.5,2014
328,Gary Neal,SG,29,TOT,52,3,1114,6.2,15.2,.410,2.2,5.8,.378,4.0,9.4,.430,3.0,3.4,.895,0.3,2.6,2.9,2.7,0.6,0.0,2.1,2.1,17.7,2014
330,Jameer Nelson,PG,31,ORL,68,68,2179,4.9,12.3,.394,2.2,6.5,.348,2.6,5.9,.444,1.6,1.9,.857,0.5,3.3,3.8,7.9,0.9,0.1,2.7,2.4,13.5,2014
331,Andrew Nicholson,PF,24,ORL,76,5,1174,5.5,12.9,.429,0.9,2.7,.315,4.7,10.1,.459,1.4,1.7,.825,1.6,6.2,7.8,0.8,0.6,0.7,1.6,4.6,13.3,2014
332,Joakim Noah,C,28,CHI,80,80,2820,4.9,10.2,.475,0.0,0.0,.000,4.9,10.2,.476,3.2,4.3,.737,3.6,7.9,11.5,5.5,1.3,1.5,2.5,3.1,12.9,2014
333,Steve Novak,PF,30,TOR,54,1,540,4.0,9.7,.411,3.5,8.1,.426,0.5,1.6,.333,0.4,0.4,1.000,0.5,3.3,3.9,0.9,0.8,0.3,0.3,2.9,11.9,2014
334,Dirk Nowitzki,PF,35,DAL,80,80,2628,8.7,17.4,.497,1.8,4.5,.398,6.9,12.9,.532,4.6,5.2,.899,0.5,6.3,6.8,3.0,1.0,0.6,1.6,2.3,23.8,2014
336,Jermaine O'Neal,PF,35,GSW,44,13,883,5.1,10.1,.504,0.0,0.0,,5.1,10.1,.504,4.0,5.4,.750,3.5,6.4,9.9,1.0,0.6,1.6,2.1,4.2,14.2,2014
337,Kyle O'Quinn,C,23,ORL,69,19,1188,5.6,11.2,.501,0.0,0.1,.000,5.6,11.2,.505,1.7,2.5,.687,3.0,8.0,11.0,2.4,1.2,2.7,2.4,5.0,13.0,2014
339,Victor Oladipo,PG,21,ORL,80,44,2487,5.7,13.5,.419,1.1,3.3,.327,4.6,10.3,.448,3.6,4.6,.780,0.6,4.1,4.8,4.7,1.9,0.5,3.7,3.0,16.0,2014
340,Kelly Olynyk,C,22,BOS,70,9,1400,6.0,12.9,.466,1.0,2.9,.351,5.0,10.0,.500,2.5,3.1,.811,3.6,5.8,9.4,2.8,0.9,0.7,2.7,5.8,15.6,2014
343,Travis Outlaw,SF,29,SAC,63,4,1065,4.4,11.0,.399,1.4,4.0,.350,3.0,7.1,.426,1.4,1.8,.808,1.2,4.5,5.7,1.6,0.7,0.6,0.9,3.2,11.6,2014
344,Zaza Pachulia,C,29,MIL,53,43,1325,4.0,9.5,.427,0.0,0.0,.000,4.0,9.5,.428,3.0,3.5,.846,3.8,5.2,9.0,3.7,1.2,0.4,2.5,3.4,11.1,2014
346,Tony Parker,PG,31,SAS,68,68,1997,8.2,16.5,.499,0.5,1.2,.373,7.8,15.3,.509,3.6,4.4,.811,0.3,2.5,2.8,7.0,0.6,0.2,2.7,1.6,20.4,2014
347,Chandler Parsons,SF,25,HOU,74,74,2783,6.0,12.8,.472,1.7,4.5,.370,4.3,8.2,.528,2.1,2.9,.742,0.9,4.4,5.3,3.9,1.1,0.4,1.9,2.2,15.9,2014
348,Patrick Patterson,PF,24,TOT,65,13,1533,5.3,11.5,.460,1.3,3.5,.364,4.0,7.9,.503,1.2,1.7,.704,2.7,5.3,8.0,1.8,1.3,0.9,1.5,3.7,13.0,2014
349,Chris Paul,PG,28,LAC,62,62,2171,6.7,14.4,.467,1.3,3.5,.368,5.4,10.9,.498,4.9,5.7,.855,0.6,3.8,4.4,11.0,2.6,0.1,2.4,2.6,19.6,2014
350,Nikola Peković,C,28,MIN,54,54,1663,8.2,15.2,.541,0.0,0.0,,8.2,15.2,.541,4.0,5.4,.747,4.5,5.7,10.1,1.1,0.6,0.5,1.8,2.8,20.4,2014
351,Kendrick Perkins,C,29,OKC,62,62,1207,2.6,5.8,.451,0.0,0.0,.000,2.6,5.7,.453,1.1,2.0,.552,2.4,6.7,9.1,2.0,0.8,1.0,2.7,5.3,6.3,2014
352,Paul Pierce*,SF,36,BRK,75,68,2098,5.5,12.2,.451,1.9,5.1,.373,3.6,7.1,.507,4.4,5.3,.826,0.4,5.5,6.0,3.1,1.5,0.5,2.6,3.3,17.3,2014
354,Mason Plumlee,C,23,BRK,70,22,1275,5.6,8.5,.659,0.0,0.1,.000,5.6,8.4,.666,3.4,5.5,.626,2.8,5.9,8.7,1.7,1.4,1.6,2.2,4.8,14.7,2014
355,Miles Plumlee,C,25,PHO,80,79,1964,5.2,10.1,.517,0.0,0.0,,5.2,10.1,.517,1.4,2.4,.561,3.6,7.8,11.5,0.8,0.9,1.6,2.0,3.4,11.8,2014
359,Phil Pressey,PG,22,BOS,75,11,1132,2.5,8.0,.308,0.9,3.4,.264,1.6,4.7,.340,0.9,1.4,.644,0.6,2.7,3.3,7.7,2.2,0.2,2.8,3.1,6.8,2014
362,Pablo Prigioni,PG,36,NYK,66,27,1283,2.5,5.4,.461,1.8,3.9,.464,0.6,1.4,.451,0.3,0.3,.917,1.0,2.6,3.6,6.4,1.9,0.1,1.7,3.7,7.1,2014
363,Tayshaun Prince,SF,33,MEM,76,76,1948,3.7,9.1,.407,0.4,1.3,.290,3.3,7.8,.426,0.6,1.1,.567,0.6,3.7,4.3,2.2,0.7,0.4,0.8,1.2,8.4,2014
364,Miroslav Raduljica,C,26,MIL,48,2,465,5.3,9.8,.540,0.0,0.0,,5.3,9.8,.540,3.5,4.3,.818,4.2,4.2,8.4,1.8,0.5,1.0,2.2,6.5,14.0,2014
365,Anthony Randolph,PF,24,DEN,43,5,527,4.6,12.0,.386,1.2,4.2,.295,3.4,7.9,.435,3.6,4.7,.754,1.4,7.0,8.3,2.2,1.8,1.3,2.7,4.4,14.1,2014
367,Zach Randolph,PF,32,MEM,79,79,2705,7.5,15.9,.467,0.0,0.3,.100,7.4,15.7,.474,3.3,4.5,.742,3.5,7.1,10.6,2.7,0.7,0.3,2.4,2.8,18.3,2014
370,Luke Ridnour,PG,32,TOT,61,14,1141,4.0,10.3,.385,1.2,3.4,.343,2.8,6.9,.406,0.5,0.8,.654,0.7,2.3,3.1,5.6,1.0,0.3,2.1,2.9,9.7,2014
371,Austin Rivers,PG,21,NOP,69,4,1339,5.2,12.7,.405,1.0,2.7,.364,4.2,10.1,.416,3.0,4.7,.636,0.7,2.8,3.5,4.3,1.2,0.2,2.1,3.6,14.2,2014
373,Brian Roberts,PG,28,NOP,72,42,1667,5.3,12.5,.420,1.4,3.8,.360,3.9,8.7,.447,2.7,2.9,.940,0.4,2.6,2.9,5.1,0.9,0.2,2.1,2.9,14.6,2014
374,Nate Robinson,PG,29,DEN,44,1,866,6.8,15.9,.428,2.4,6.4,.377,4.4,9.5,.463,3.0,3.5,.835,0.9,2.5,3.4,4.7,1.5,0.2,2.4,3.8,19.0,2014
375,Thomas Robinson,PF,22,POR,70,0,873,5.8,12.1,.481,0.0,0.0,.000,5.8,12.0,.483,2.4,4.2,.564,4.3,8.3,12.7,1.4,0.9,0.8,2.4,5.4,14.0,2014
378,Terrence Ross,SG,22,TOR,81,62,2159,5.3,12.5,.423,2.7,6.8,.395,2.6,5.7,.458,1.4,1.6,.837,0.7,3.5,4.2,1.3,1.1,0.5,1.5,3.1,14.7,2014
379,Ricky Rubio,PG,23,MIN,82,82,2638,3.5,9.1,.381,0.6,1.8,.331,2.9,7.3,.393,3.1,3.9,.802,0.8,3.8,4.7,9.6,2.6,0.2,3.0,3.0,10.7,2014
381,Robert Sacre,C,24,LAL,65,13,1089,4.7,9.9,.477,0.0,0.0,,4.7,9.9,.477,2.1,3.1,.681,2.7,5.7,8.4,1.7,0.8,1.6,1.5,4.4,11.6,2014
382,John Salmons,SG-SF,34,TOT,78,8,1726,3.1,8.6,.363,1.3,3.4,.387,1.8,5.2,.348,0.8,1.1,.769,0.4,3.0,3.4,3.1,1.0,0.4,1.1,2.6,8.4,2014
384,Dennis Schröder,PG,20,ATL,49,0,641,4.0,10.6,.383,0.6,2.4,.238,3.5,8.2,.425,1.6,2.4,.674,0.3,3.1,3.4,5.2,1.0,0.0,3.4,3.0,10.3,2014
385,Luis Scola,PF,33,IND,82,2,1399,6.8,14.4,.470,0.0,0.2,.143,6.7,14.2,.474,2.5,3.5,.728,2.2,7.8,10.1,2.1,0.7,0.4,2.8,4.2,16.1,2014
386,Mike Scott,PF,25,ATL,80,6,1482,7.3,15.3,.479,1.5,4.9,.310,5.8,10.4,.558,2.5,3.2,.780,1.5,5.4,6.9,1.8,0.7,0.2,1.9,2.9,18.6,2014
387,Thabo Sefolosha,SG,29,OKC,61,61,1584,3.2,7.7,.415,1.1,3.5,.316,2.1,4.3,.495,1.2,1.6,.768,1.1,3.9,5.0,2.1,1.8,0.4,1.2,2.0,8.7,2014
388,Kevin Séraphin,C,24,WAS,53,1,578,6.9,13.7,.505,0.0,0.0,,6.9,13.7,.505,1.7,1.9,.871,3.3,4.7,8.0,1.1,0.2,1.6,2.6,6.4,15.5,2014
389,Ramon Sessions,PG,27,TOT,83,19,2214,5.4,12.5,.429,0.6,2.0,.282,4.8,10.5,.457,5.3,6.6,.807,0.6,2.7,3.3,5.5,0.8,0.1,2.4,1.5,16.6,2014
392,Iman Shumpert,SG,23,NYK,74,58,1962,3.4,8.9,.378,1.4,4.2,.333,2.0,4.7,.418,1.0,1.3,.746,1.5,4.2,5.7,2.4,1.7,0.2,1.4,3.8,9.1,2014
393,Alexey Shved,SG,25,MIN,63,0,664,4.1,12.8,.321,1.6,5.5,.294,2.5,7.3,.341,3.7,4.9,.756,1.1,3.3,4.4,3.7,1.4,0.9,2.6,2.0,13.6,2014
394,Henry Sims,C,23,TOT,46,25,875,5.3,11.3,.474,0.0,0.0,.000,5.3,11.2,.476,3.7,5.0,.744,4.3,5.5,9.8,2.1,1.2,0.8,1.7,4.8,14.4,2014
395,Kyle Singler,SF,25,DET,82,36,2337,4.1,9.3,.447,1.4,3.8,.382,2.7,5.5,.492,2.3,2.8,.826,1.8,2.9,4.7,1.2,0.9,0.6,1.2,3.3,12.1,2014
398,Donald Sloan,SG,26,IND,48,1,392,4.0,10.7,.376,0.9,3.9,.238,3.1,6.9,.453,1.1,1.8,.600,0.4,3.7,4.0,4.6,0.9,0.1,2.0,1.7,10.1,2014
401,Ish Smith,PG,25,PHO,70,1,1006,4.3,10.1,.423,0.0,0.8,.043,4.2,9.2,.457,0.8,1.4,.564,1.1,3.5,4.6,6.4,1.8,0.5,2.3,2.4,9.3,2014
402,J.R. Smith,SF,28,NYK,74,37,2421,5.9,14.2,.415,2.8,7.1,.394,3.1,7.1,.436,1.3,2.1,.652,0.5,3.9,4.4,3.3,1.0,0.3,1.6,2.9,15.9,2014
404,Josh Smith,SF,28,DET,77,76,2730,6.8,16.3,.419,0.9,3.5,.264,5.9,12.8,.462,2.1,4.0,.532,1.3,5.5,6.9,3.3,1.4,1.5,2.6,2.6,16.7,2014
405,Tony Snell,SG,22,CHI,77,12,1231,3.8,9.8,.384,1.7,5.2,.320,2.1,4.6,.456,0.9,1.2,.756,0.6,3.1,3.6,2.0,0.8,0.4,1.3,2.5,10.1,2014
407,Marreese Speights,C,26,GSW,79,3,982,7.1,16.2,.441,0.3,1.1,.258,6.9,15.1,.455,4.0,4.9,.821,3.7,6.9,10.6,1.2,0.4,1.2,2.4,5.4,18.6,2014
408,Tiago Splitter,C,29,SAS,59,50,1271,5.1,9.8,.523,0.0,0.1,.000,5.1,9.7,.528,3.4,4.9,.699,3.5,6.8,10.3,2.5,0.8,0.9,2.1,3.3,13.7,2014
410,Lance Stephenson,SG,23,IND,78,78,2752,5.6,11.4,.491,1.1,3.2,.352,4.5,8.2,.545,1.8,2.6,.711,1.2,6.1,7.3,4.7,0.7,0.1,2.7,2.6,14.1,2014
411,Greg Stiemsma,C,28,NOP,55,20,1007,2.5,4.4,.574,0.0,0.0,.000,2.5,4.3,.579,0.7,1.1,.594,2.6,5.5,8.1,1.3,1.3,2.0,1.6,6.0,5.7,2014
413,Amar'e Stoudemire,C,31,NYK,65,21,1466,7.6,13.7,.557,0.0,0.0,,7.6,13.7,.557,3.7,5.0,.739,2.8,5.1,7.9,0.8,0.6,0.9,2.2,3.9,19.0,2014
414,Rodney Stuckey,SG,27,DET,73,5,1950,6.9,15.7,.436,0.4,1.6,.273,6.4,14.1,.455,4.5,5.4,.836,0.7,2.4,3.1,2.8,1.0,0.2,2.3,2.4,18.7,2014
415,Jared Sullinger,PF,21,BOS,74,44,2041,6.8,15.9,.427,1.0,3.7,.269,5.8,12.2,.475,2.8,3.6,.778,4.3,6.3,10.6,2.1,0.6,0.9,2.1,4.4,17.3,2014
418,Jeff Teague,PG,25,ATL,79,79,2542,6.5,14.7,.438,1.0,3.2,.329,5.4,11.5,.469,4.5,5.3,.846,0.5,2.5,2.9,7.5,1.3,0.2,3.3,2.2,18.5,2014
420,Mirza Teletović,SF,28,BRK,72,7,1396,5.7,13.6,.418,3.5,9.0,.390,2.2,4.6,.472,1.1,1.6,.710,1.5,5.3,6.9,1.5,0.7,0.6,1.4,3.7,16.0,2014
421,Garrett Temple,SG,27,WAS,75,0,638,2.9,8.0,.362,0.3,1.6,.207,2.5,6.3,.402,1.7,2.4,.698,1.2,2.7,3.8,4.1,2.0,0.6,2.4,4.1,7.8,2014
425,Isaiah Thomas,PG,24,SAC,72,54,2497,7.2,15.8,.453,1.8,5.2,.349,5.3,10.6,.504,5.0,5.9,.850,0.7,2.4,3.0,6.5,1.3,0.1,3.1,2.7,21.1,2014
428,Hollis Thompson,SF,22,PHI,77,41,1742,3.5,7.7,.460,1.4,3.5,.401,2.1,4.2,.507,1.1,1.5,.712,1.5,3.6,5.1,1.5,1.1,0.2,1.2,3.0,9.5,2014
429,Jason Thompson,PF,27,SAC,82,61,2007,4.5,8.9,.506,0.0,0.0,,4.5,8.9,.506,1.5,2.6,.579,2.7,6.7,9.5,1.0,0.6,1.0,1.7,4.5,10.5,2014
430,Klay Thompson,SG,23,GSW,81,81,2868,7.0,15.8,.444,2.8,6.7,.417,4.2,9.1,.464,1.8,2.3,.795,0.5,2.6,3.1,2.3,0.9,0.5,1.7,2.9,18.7,2014
431,Tristan Thompson,PF,22,CLE,82,82,2594,5.0,10.6,.477,0.0,0.0,.000,5.0,10.5,.478,3.3,4.7,.693,3.7,6.7,10.5,1.0,0.6,0.5,1.5,2.6,13.3,2014
432,Marcus Thornton,SG,26,TOT,72,27,1741,5.2,13.2,.394,2.3,6.5,.345,3.0,6.7,.443,1.9,2.3,.804,1.2,2.9,4.1,1.6,1.2,0.2,1.4,2.3,14.5,2014
434,Anthony Tolliver,PF,28,CHA,64,9,1298,3.6,8.5,.420,2.8,6.9,.413,0.7,1.7,.450,0.9,1.1,.805,0.9,3.7,4.7,1.2,0.5,0.4,0.6,2.3,10.9,2014
435,P.J. Tucker,SF,28,PHO,81,81,2490,3.8,8.9,.431,1.1,2.8,.387,2.8,6.1,.450,2.3,2.9,.776,2.3,5.3,7.6,2.0,1.6,0.3,1.5,2.9,11.0,2014
438,Evan Turner,SF,25,TOT,81,56,2457,6.4,15.0,.425,0.7,2.3,.321,5.6,12.7,.444,3.1,3.8,.813,0.9,5.1,6.0,3.8,1.0,0.1,2.8,2.9,16.6,2014
440,Ekpe Udoh,PF,26,MIL,42,14,804,2.6,6.4,.399,0.0,0.0,,2.6,6.4,.399,1.3,2.1,.638,2.7,3.9,6.6,1.4,0.7,2.0,1.7,4.3,6.4,2014
442,Jonas Valančiūnas,C,21,TOR,81,81,2282,5.7,10.7,.531,0.0,0.0,.000,5.7,10.6,.532,3.1,4.1,.762,3.6,7.7,11.3,0.9,0.4,1.1,2.1,3.9,14.5,2014
443,Anderson Varejão,C,31,CLE,65,29,1800,4.5,9.2,.495,0.0,0.1,.000,4.5,9.0,.502,1.8,2.7,.681,3.7,8.8,12.6,2.8,1.4,0.8,1.4,3.3,10.9,2014
445,Greivis Vásquez,PG,27,TOT,79,23,1779,5.6,13.3,.421,2.2,5.8,.377,3.4,7.5,.455,1.9,2.2,.880,0.4,3.1,3.5,6.5,0.6,0.1,2.6,2.9,15.3,2014
446,Jan Veselý,PF,23,TOT,54,1,776,4.1,8.0,.514,0.0,0.0,,4.1,8.0,.514,0.9,2.6,.339,3.8,5.1,8.9,1.0,2.5,1.6,1.7,5.6,9.1,2014
448,Nikola Vučević,C,23,ORL,57,57,1812,7.0,13.8,.507,0.0,0.0,,7.0,13.8,.507,2.1,2.7,.766,3.7,8.8,12.4,2.1,1.2,0.9,2.2,3.4,16.1,2014
450,Dwyane Wade,SG,32,MIA,54,53,1775,8.4,15.4,.545,0.2,0.6,.281,8.2,14.8,.557,3.8,5.2,.733,1.2,3.7,4.9,5.1,1.6,0.6,3.3,2.1,20.8,2014
451,Dion Waiters,SG,22,CLE,70,24,2072,7.5,17.3,.433,1.6,4.3,.368,5.9,12.9,.455,2.8,4.1,.685,0.6,2.8,3.4,3.6,1.1,0.3,2.7,2.7,19.3,2014
452,Kemba Walker,PG,23,CHA,73,73,2614,6.2,15.7,.393,1.5,4.5,.333,4.7,11.2,.417,3.9,4.6,.837,0.5,3.7,4.2,6.2,1.2,0.4,2.3,1.8,17.8,2014
453,John Wall,PG,23,WAS,82,82,2980,7.0,16.2,.433,1.3,3.7,.351,5.7,12.4,.458,3.8,4.8,.805,0.5,3.6,4.0,8.7,1.8,0.5,3.6,2.6,19.1,2014
454,Gerald Wallace,SF,31,BOS,58,16,1416,2.9,5.8,.504,0.5,1.6,.297,2.5,4.2,.584,1.2,2.6,.465,0.9,4.5,5.4,3.6,1.9,0.4,2.5,2.0,7.6,2014
456,C.J. Watson,PG,29,IND,63,5,1193,4.4,10.1,.437,1.6,4.4,.366,2.8,5.7,.492,2.1,2.7,.784,0.6,2.5,3.0,3.2,1.8,0.2,1.8,2.0,12.5,2014
459,Martell Webster,SF,27,WAS,78,13,2157,4.2,9.8,.433,2.4,6.2,.392,1.8,3.6,.502,1.8,2.1,.840,0.6,3.1,3.7,1.6,0.7,0.3,1.0,2.5,12.7,2014
460,David West,PF,33,IND,80,80,2472,6.7,13.7,.488,0.1,0.2,.267,6.6,13.5,.491,2.9,3.7,.789,1.7,6.1,7.9,3.2,0.9,1.1,1.9,2.7,16.3,2014
461,Russell Westbrook,PG,25,OKC,46,46,1412,8.8,20.2,.437,1.7,5.5,.318,7.1,14.7,.482,6.2,7.5,.826,1.4,5.3,6.7,8.1,2.2,0.2,4.5,2.7,25.5,2014
464,Deron Williams,PG,29,BRK,64,58,2059,5.6,12.5,.450,1.7,4.7,.366,3.9,7.8,.500,3.0,3.8,.801,0.3,2.7,2.9,6.9,1.6,0.2,2.5,2.6,16.0,2014
465,Derrick Williams,SF-PF,22,TOT,78,15,1820,4.1,9.5,.427,0.5,2.0,.263,3.6,7.6,.470,3.7,5.1,.718,1.4,5.0,6.4,1.1,0.9,0.4,1.5,2.3,12.3,2014
466,Elliot Williams,SG,24,PHI,67,2,1157,4.4,10.5,.415,1.2,3.9,.296,3.2,6.6,.486,2.7,3.7,.731,0.9,3.1,4.0,2.2,1.1,0.1,2.1,3.9,12.6,2014
467,Lou Williams,PG,27,ATL,60,7,1445,4.9,12.3,.400,2.0,5.8,.342,2.9,6.5,.450,3.8,4.5,.849,0.2,2.8,3.1,5.2,1.1,0.1,2.3,1.6,15.6,2014
468,Marvin Williams,PF,27,UTA,66,50,1674,5.0,11.3,.439,1.8,5.0,.359,3.2,6.3,.503,1.2,1.6,.781,1.8,5.4,7.2,1.7,1.2,0.7,1.1,3.2,13.0,2014
469,Mo Williams,PG,31,POR,74,0,1834,5.5,13.2,.417,1.6,4.4,.369,3.9,8.8,.441,1.5,1.7,.876,0.8,2.2,3.0,6.3,1.1,0.2,2.9,3.9,14.2,2014
472,Jeff Withey,C,23,NOP,58,4,684,3.6,6.8,.535,0.0,0.1,.000,3.6,6.7,.539,2.7,3.8,.712,2.6,5.3,7.9,1.4,0.8,2.6,1.1,3.8,10.0,2014
473,Nate Wolters,PG,22,MIL,58,31,1309,4.7,10.7,.437,0.5,1.7,.290,4.2,9.0,.465,1.6,2.5,.656,0.9,3.2,4.1,5.1,1.0,0.4,1.6,1.8,11.5,2014
475,Brandan Wright,C,26,DAL,58,0,1077,7.5,11.1,.677,0.0,0.0,,7.5,11.1,.677,2.6,3.5,.726,3.4,4.7,8.2,1.0,1.1,1.8,1.2,3.1,17.5,2014
477,Dorell Wright,SF,28,POR,68,13,984,4.1,10.9,.374,2.5,7.4,.342,1.5,3.5,.442,1.9,2.5,.754,1.1,5.9,7.0,2.3,0.8,0.6,1.4,2.3,12.5,2014
478,Tony Wroten,PG,20,PHI,72,16,1765,7.0,16.5,.427,0.8,3.8,.213,6.2,12.6,.492,4.3,6.6,.641,1.4,3.2,4.7,4.4,1.6,0.3,4.2,3.1,19.2,2014
479,Nick Young,SG,28,LAL,64,9,1810,7.7,17.7,.435,2.7,7.0,.386,5.0,10.7,.468,4.7,5.7,.825,0.6,2.7,3.3,1.9,0.9,0.2,1.9,3.1,22.8,2014
480,Thaddeus Young,PF,25,PHI,79,78,2718,7.7,17.0,.454,1.2,3.9,.308,6.5,13.1,.496,2.2,3.0,.712,2.2,4.1,6.3,2.4,2.2,0.5,2.2,2.8,18.8,2014
481,Cody Zeller,C,21,CHA,82,3,1416,4.4,10.3,.426,0.0,0.0,.000,4.4,10.2,.427,3.7,5.1,.730,3.0,6.0,9.0,2.3,1.0,1.0,2.2,4.3,12.5,2014
482,Tyler Zeller,C,24,CLE,70,9,1049,5.4,10.0,.538,0.0,0.0,.000,5.4,9.9,.540,3.0,4.2,.719,3.5,6.1,9.7,1.2,0.6,1.3,2.1,4.7,13.7,2014
